78
# x y z
0	0	-65
0	0	-64.75
0	0	-64.5
0	0	-64.25
0	0	-64
0	0	-63.75
0	0	-63.5
0	0	-63.25
0	0	-63
0	0	-62.75
0	0	-62.5
0	0	-62.25
0	0	-62
0	0	-61.75
0	0	-61.5
0	0	-61.25
0	0	-61
0	0	-60.75
0	0	-60.5
0	0	-60.25
0	0	-60
0	0	-59.75
0	0	-59.5
0	0	-59.25
0	0	-59
0	0	-58.75
0	0	-58.5
0	0	-58.25
0	0	-58
0	0	-57.75
0	0	-57.5
0	0	-57.25
0	0	-57
0	0	-56.75
0	0	-56.5
0	0	-56.25
0	0	-56
0	0	-55.75
0	0	-55.5
0	0	-55.25
0	0	-55
0	0	-54.75
0	0	-54.5
0	0	-54.25
0	0	-54
0	0	-53.75
0	0	-53.5
0	0	-53.25
0	0	-53
0	0	-52.75
0	0	-52.5
0	0	-52.25
0	0	-52
0	0	-51.75
0	0	-51.5
0	0	-51.25
0	0	-51
0	0	-50.75
0	0	-50.5
0	0	-50.25
0	0	-50
0	0	-49.75
0	0	-49.5
0	0	-49.25
0	0	-49
0	0	-48.75
0	0	-48.5
0	0	-48.25
0	0	-48
0	0	-47.75
0	0	-47.5
0	0	-47.25
0	0	-47
0	0	-46.75
0	0	-46.5
0	0	-46.25
0	0	-46
0	0	-45.75
975
# a b m n r k rhoa valid
1	4	2	3	4.39674000000000e-01	3.47815707715206e+00	1.52925523473975e+00	1
2	5	3	4	4.49576666666667e-01	3.47742049433410e+00	1.56336711444108e+00	1
3	6	4	5	4.53446000000000e-01	3.47732473427868e+00	1.57677899145973e+00	1
4	7	5	6	4.48706666666667e-01	3.47730074568168e+00	1.56028802659234e+00	1
5	8	6	7	4.85816666666667e-01	3.47729241439015e+00	1.68932660978431e+00	1
6	9	7	8	4.72879333333333e-01	3.47728885666618e+00	1.64433803634773e+00	1
7	10	8	9	4.80808666666667e-01	3.47728709880756e+00	1.67190977359487e+00	1
8	11	9	10	4.81826000000000e-01	3.47728612935104e+00	1.67544686656069e+00	1
9	12	10	11	4.81049333333333e-01	3.47728554664617e+00	1.67274589402378e+00	1
10	13	11	12	4.78478666666667e-01	3.47728517142828e+00	1.66380677244477e+00	1
11	14	12	13	4.95076666666667e-01	3.47728491595415e+00	1.72152262524086e+00	1
12	15	13	14	4.91111333333333e-01	3.47728473392160e+00	1.70773394205588e+00	1
13	16	14	15	5.20204000000000e-01	3.47728459931182e+00	1.80889735770040e+00	1
14	17	15	16	5.33298666666667e-01	3.47728449669944e+00	1.85443118571049e+00	1
15	18	16	17	5.47671333333333e-01	3.47728441650569e+00	1.90440899276689e+00	1
16	19	17	18	5.64384666666667e-01	3.47728435253629e+00	1.96252597021141e+00	1
17	20	18	19	6.06638666666667e-01	3.47728430064022e+00	2.10945511176131e+00	1
18	21	19	20	6.09184000000000e-01	3.47728425794662e+00	2.11830593339296e+00	1
19	22	20	21	6.78540666666667e-01	3.47728422241404e+00	2.35947875446630e+00	1
20	23	21	22	6.81484666666667e-01	3.47728419255465e+00	2.36971585886838e+00	1
21	24	22	23	7.52068666666667e-01	3.47728416726046e+00	2.61515646729268e+00	1
22	25	23	24	8.29085333333333e-01	3.47728414569055e+00	2.88296528502456e+00	1
23	26	24	25	8.72599333333333e-01	3.47728412719609e+00	3.03427581120189e+00	1
24	27	25	26	9.78219333333333e-01	3.47728411126930e+00	3.40154654513644e+00	1
25	28	26	27	1.04700800000000e+00	3.47728409750789e+00	3.64074426836354e+00	1
26	29	27	28	1.14028266666667e+00	3.47728408558996e+00	3.96508676987408e+00	1
27	30	28	29	1.29746466666667e+00	3.47728407525575e+00	4.51165322360701e+00	1
28	31	29	30	1.34923333333333e+00	3.47728406629441e+00	4.69166757171329e+00	1
29	32	30	31	1.56069066666667e+00	3.47728405853405e+00	5.42696477550288e+00	1
30	33	31	32	1.62618933333333e+00	3.47728405183432e+00	5.65472223406308e+00	1
31	34	32	33	1.82549333333333e+00	3.47728404608077e+00	6.34775884422681e+00	1
32	35	33	34	2.10323600000000e+00	3.47728404118055e+00	7.31354897763641e+00	1
33	36	34	35	2.42638066666667e+00	3.47728403705906e+00	8.43721476002873e+00	1
34	37	35	36	2.78822933333333e+00	3.47728403365750e+00	9.69546534297550e+00	1
35	38	36	37	3.39179200000000e+00	3.47728403093086e+00	1.17942241578391e+01	1
36	39	37	38	4.23330933333333e+00	3.47728402884659e+00	1.47204189339672e+01	1
37	40	38	39	5.19066866666667e+00	3.47728402738350e+00	1.80494292460400e+01	1
38	41	39	40	6.66236066666667e+00	3.47728402653119e+00	2.31669203251897e+01	1
39	42	40	41	7.29869066666667e+00	3.47728402628962e+00	2.53796204680291e+01	1
40	43	41	42	8.14991200000000e+00	3.47728402666908e+00	2.83395588163587e+01	1
41	44	42	43	8.54380333333333e+00	3.47728402769042e+00	2.97092308667282e+01	1
42	45	43	44	8.67976066666666e+00	3.47728402938557e+00	3.01819931450891e+01	1
43	46	44	45	9.13041933333333e+00	3.47728403179835e+00	3.17490613514229e+01	1
44	47	45	46	9.63956400000000e+00	3.47728403498561e+00	3.35195020014221e+01	1
45	48	46	47	1.01583706666667e+01	3.47728403901892e+00	3.53235401816380e+01	1
46	49	47	48	1.13778946666667e+01	3.47728404398647e+00	3.95641715785587e+01	1
47	50	48	49	1.17603840000000e+01	3.47728404999583e+00	4.08941957050261e+01	1
48	51	49	50	1.27204080000000e+01	3.47728405717725e+00	4.42324719391900e+01	1
49	52	50	51	1.30329993333333e+01	3.47728406568797e+00	4.53194409099219e+01	1
50	53	51	52	1.37802893333333e+01	3.47728407571770e+00	4.79179806575825e+01	1
51	54	52	53	1.37917240000000e+01	3.47728408749564e+00	4.79577424043318e+01	1
52	55	53	54	1.47602706666667e+01	3.47728410129964e+00	5.13256545200794e+01	1
53	56	54	55	1.47166253333333e+01	3.47728411746808e+00	5.11738875343284e+01	1
54	57	55	56	1.53633806666667e+01	3.47728413641573e+00	5.34228398739161e+01	1
55	58	56	57	1.51811173333333e+01	3.47728415865493e+00	5.27890588138818e+01	1
56	59	57	58	1.53894460000000e+01	3.47728418482455e+00	5.35134771890115e+01	1
57	60	58	59	1.53951433333333e+01	3.47728421573013e+00	5.35332889119029e+01	1
58	61	59	60	1.52793626666667e+01	3.47728425240076e+00	5.31306871875201e+01	1
59	62	60	61	1.53499293333333e+01	3.47728429617130e+00	5.33760682181392e+01	1
60	63	61	62	1.53514533333333e+01	3.47728434880419e+00	5.33813684073980e+01	1
61	64	62	63	1.57177680000000e+01	3.47728441267483e+00	5.46551496684393e+01	1
62	65	63	64	1.53050646666667e+01	3.47728449106176e+00	5.32200640000974e+01	1
63	66	64	65	1.51517766666667e+01	3.47728458861609e+00	5.26870394931529e+01	1
64	67	65	66	1.54100246666667e+01	3.47728471214823e+00	5.35850431872272e+01	1
65	68	66	67	1.63047413333333e+01	3.47728487199975e+00	5.66962303802690e+01	1
66	69	67	68	1.76092793333333e+01	3.47728508454477e+00	6.12324843753825e+01	1
67	70	68	69	1.92666806666667e+01	3.47728537698794e+00	6.69957469452962e+01	1
68	71	69	70	1.98150186666667e+01	3.47728579712032e+00	6.89024829792741e+01	1
69	72	70	71	2.09449013333333e+01	3.47728643456194e+00	7.28314212796383e+01	1
70	73	71	72	2.12526406666667e+01	3.47728747094865e+00	7.39015411147738e+01	1
71	74	72	73	2.07283220000000e+01	3.47728931091876e+00	7.20783725238822e+01	1
72	75	73	74	2.06687640000000e+01	3.47729296962236e+00	7.18713477479837e+01	1
73	76	74	75	2.09660806666667e+01	3.47730142472331e+00	7.29053821730638e+01	1
74	77	75	76	2.04523193333333e+01	3.47732555701819e+00	7.11193727180972e+01	1
75	78	76	77	2.10580033333333e+01	3.47742126135628e+00	7.32275485130448e+01	1
1	7	3	5	2.38681333333333e-01	6.58485416720461e+00	1.57168177243395e+00	1
2	8	4	6	2.38171333333333e-01	6.58353495932659e+00	1.56800929930943e+00	1
3	9	5	7	2.50385333333333e-01	6.58323705804455e+00	1.64834600519084e+00	1
4	10	6	8	2.62550666666667e-01	6.58313651304757e+00	1.72840688025832e+00	1
5	11	7	9	2.51472000000000e-01	6.58309373580844e+00	1.65546374793122e+00	1
6	12	8	10	2.49411333333333e-01	6.58307246862892e+00	1.64189288183070e+00	1
7	13	9	11	2.59905333333333e-01	6.58306061990103e+00	1.71097256476892e+00	1
8	14	10	12	2.64348000000000e-01	6.58305341581453e+00	1.74021700436374e+00	1
9	15	11	13	2.64589333333333e-01	6.58304872345411e+00	1.74180447303957e+00	1
10	16	12	14	2.62722000000000e-01	6.58304549401131e+00	1.72951087827764e+00	1
11	17	13	15	2.74028666666667e-01	6.58304317042479e+00	1.80394254260061e+00	1
12	18	14	16	2.84053333333333e-01	6.58304143732090e+00	1.86993486374246e+00	1
13	19	15	17	2.85656000000000e-01	6.58304010624948e+00	1.88048490459080e+00	1
14	20	16	18	2.99660000000000e-01	6.58303905925018e+00	1.97267348449491e+00	1
15	21	17	19	3.11430000000000e-01	6.58303821944168e+00	2.05015559268072e+00	1
16	22	18	20	3.24995333333333e-01	6.58303753491103e+00	2.13945647800425e+00	1
17	23	19	21	3.49784666666667e-01	6.58303696949726e+00	2.30264539202994e+00	1
18	24	20	22	3.65546000000000e-01	6.58303649731291e+00	2.40640265944674e+00	1
19	25	21	23	3.89732666666667e-01	6.58303609937429e+00	2.56562421377208e+00	1
20	26	22	24	4.27082000000000e-01	6.58303576146410e+00	2.81149607907761e+00	1
21	27	23	25	4.61096000000000e-01	6.58303547273729e+00	3.03541132433728e+00	1
22	28	24	26	4.90768000000000e-01	6.58303522478860e+00	3.23074303119905e+00	1
23	29	25	27	5.36783333333333e-01	6.58303501101420e+00	3.53366347666224e+00	1
24	30	26	28	5.77938000000000e-01	6.58303482616551e+00	3.80458598136444e+00	1
25	31	27	29	6.39495333333333e-01	6.58303466603135e+00	4.20981994809861e+00	1
26	32	28	30	6.97412000000000e-01	6.58303452720754e+00	4.59108727568886e+00	1
27	33	29	31	7.62198666666667e-01	6.58303440692740e+00	5.01758004758086e+00	1
28	34	30	32	8.27785333333333e-01	6.58303430293540e+00	5.44933924480015e+00	1
29	35	31	33	9.24649333333333e-01	6.58303421339191e+00	6.08699819672335e+00	1
30	36	32	34	1.06011400000000e+00	6.58303413680072e+00	6.97876665090036e+00	1
31	37	33	35	1.25064266666667e+00	6.58303407195382e+00	8.23302328650586e+00	1
32	38	34	36	1.42484533333333e+00	6.58303401788903e+00	9.37980529956376e+00	1
33	39	35	37	1.69369000000000e+00	6.58303397385773e+00	1.11496188111831e+01	1
34	40	36	38	1.99750600000000e+00	6.58303393930076e+00	1.31496497919569e+01	1
35	41	37	39	2.36010066666667e+00	6.58303391383070e+00	1.55366227287211e+01	1
36	42	38	40	2.94345200000000e+00	6.58303389721979e+00	1.93768442908394e+01	1
37	43	39	41	3.36610933333333e+00	6.58303388939249e+00	2.21592118167337e+01	1
38	44	40	42	3.48221866666667e+00	6.58303389042258e+00	2.29235634965288e+01	1
39	45	41	43	3.87875733333333e+00	6.58303390053433e+00	2.55339910172795e+01	1
40	46	42	44	4.34156533333333e+00	6.58303392010780e+00	2.85806718556975e+01	1
41	47	43	45	4.55549666666667e+00	6.58303394968854e+00	2.99889892143597e+01	1
42	48	44	46	4.94060466666667e+00	6.58303399000203e+00	3.25241684518293e+01	1
43	49	45	47	5.23391666666667e+00	6.58303404197357e+00	3.44550515895195e+01	1
44	50	46	48	5.59881333333333e+00	6.58303410675452e+00	3.68571791306853e+01	1
45	51	47	49	5.99027200000000e+00	6.58303418575626e+00	3.94341653579785e+01	1
46	52	48	50	6.25704400000000e+00	6.58303428069365e+00	4.11903351478085e+01	1
47	53	49	51	6.53740733333333e+00	6.58303439364049e+00	4.30359773205709e+01	1
48	54	50	52	6.85552133333333e+00	6.58303452710041e+00	4.51301336386067e+01	1
49	55	51	53	7.14829933333333e+00	6.58303468409774e+00	4.70575024436461e+01	1
50	56	52	54	7.34449933333333e+00	6.58303486829510e+00	4.83490952015034e+01	1
51	57	53	55	7.69826400000000e+00	6.58303508414661e+00	5.06779419990228e+01	1
52	58	54	56	7.78478133333333e+00	6.58303533710019e+00	5.12474906089313e+01	1
53	59	55	57	7.87982733333333e+00	6.58303563386804e+00	5.18731841240607e+01	1
54	60	56	58	8.12647133333333e+00	6.58303598279373e+00	5.34968532004751e+01	1
55	61	57	59	8.28818400000000e+00	6.58303639435943e+00	5.45614169151475e+01	1
56	62	58	60	8.31905733333333e+00	6.58303688189979e+00	5.47646612479722e+01	1
57	63	59	61	8.22508533333333e+00	6.58303746262892e+00	5.41460448826530e+01	1
58	64	60	62	8.27099600000000e+00	6.58303815915277e+00	5.44482822821999e+01	1
59	65	61	63	8.51094600000000e+00	6.58303900175572e+00	5.60278894598368e+01	1
60	66	62	64	8.59004866666667e+00	6.58304003195890e+00	5.65486342491418e+01	1
61	67	63	65	8.35120333333333e+00	6.58304130823877e+00	5.49763165168346e+01	1
62	68	64	66	8.41579066666667e+00	6.58304291555025e+00	5.54015111269539e+01	1
63	69	65	67	8.83661333333333e+00	6.58304498183116e+00	5.81718230603823e+01	1
64	70	66	68	9.35466800000000e+00	6.58304770792067e+00	6.15822257357589e+01	1
65	71	67	69	9.93699600000000e+00	6.58305142464892e+00	6.54157556745307e+01	1
66	72	68	70	9.98992600000000e+00	6.58305670844890e+00	6.57642493712081e+01	1
67	73	69	71	1.02376200000000e+01	6.58306463250190e+00	6.73949141429941e+01	1
68	74	70	72	1.09470506666667e+01	6.58307736044765e+00	7.20652814074067e+01	1
69	75	71	73	1.12676746666667e+01	6.58309970464459e+00	7.41762257701646e+01	1
70	76	72	74	1.07821833333333e+01	6.58314380332844e+00	7.09806633971845e+01	1
71	77	73	75	1.09602740000000e+01	6.58324595344931e+00	7.21541794591957e+01	1
72	78	74	76	1.11826933333333e+01	6.58354541881103e+00	7.36217694646353e+01	1
1	10	4	7	1.64618000000000e-01	9.69656378803783e+00	1.59622893765921e+00	1
2	11	5	8	1.68287333333333e-01	9.69500667233309e+00	1.63154681953581e+00	1
3	12	6	9	1.69760666666667e-01	9.69452954121243e+00	1.64574979793592e+00	1
4	13	7	10	1.69977333333333e-01	9.69433503884503e+00	1.64781721834277e+00	1
5	14	8	11	1.68312000000000e-01	9.69424019315070e+00	1.63165695538958e+00	1
6	15	9	12	1.70478666666667e-01	9.69418775758572e+00	1.65265220332954e+00	1
7	16	10	13	1.81954000000000e-01	9.69415592662205e+00	1.76389044747259e+00	1
8	17	11	14	1.82199333333333e-01	9.69413515858489e+00	1.76626496313739e+00	1
9	18	12	15	1.87807333333333e-01	9.69412081779500e+00	1.82062697980123e+00	1
10	19	13	16	1.90382000000000e-01	9.69411045817271e+00	1.84558413724784e+00	1
11	20	14	17	1.93952666666667e-01	9.69410269904210e+00	1.88019706941975e+00	1
12	21	15	18	1.98998666666667e-01	9.69409671590924e+00	1.92911232100365e+00	1
13	22	16	19	2.04322666666667e-01	9.69409199219850e+00	1.98072272675798e+00	1
14	23	17	20	2.14650666666667e-01	9.69408819056566e+00	2.08084249283038e+00	1
15	24	18	21	2.31794666666667e-01	9.69408508262775e+00	2.24703722036601e+00	1
16	25	19	22	2.41540000000000e-01	9.69408250882460e+00	2.34150868918149e+00	1
17	26	20	23	2.61304000000000e-01	9.69408035456797e+00	2.53310197297003e+00	1
18	27	21	24	2.79370666666667e-01	9.69407853556327e+00	2.70824118319933e+00	1
19	28	22	25	3.01665333333333e-01	9.69407698848817e+00	2.92436696609128e+00	1
20	29	23	26	3.25174000000000e-01	9.69407566490302e+00	3.15226136025918e+00	1
21	30	24	27	3.51136000000000e-01	9.69407452716942e+00	3.40393855317216e+00	1
22	31	25	28	3.69586666666667e-01	9.69407354565040e+00	3.58280032815845e+00	1
23	32	26	29	4.12355333333333e-01	9.69407269674891e+00	3.99740257822546e+00	1
24	33	27	30	4.51628666666667e-01	9.69407196150730e+00	4.37812079454626e+00	1
25	34	28	31	4.98217333333333e-01	9.69407132459011e+00	4.82975436448042e+00	1
26	35	29	32	5.48107333333333e-01	9.69407077353438e+00	5.31339128082653e+00	1
27	36	30	33	6.17481333333333e-01	9.69407029818987e+00	5.98590745315335e+00	1
28	37	31	34	6.96384000000000e-01	9.69406989029679e+00	6.75079516648444e+00	1
29	38	32	35	8.21064000000000e-01	9.69406954316478e+00	7.95945151538905e+00	1
30	39	33	36	9.51057333333333e-01	9.69406925142824e+00	9.21961565141201e+00	1
31	40	34	37	1.06545066666667e+00	9.69406901085968e+00	1.03285522903331e+01	1
32	41	35	38	1.22303533333333e+00	9.69406881822865e+00	1.18561886884585e+01	1
33	42	36	39	1.43887800000000e+00	9.69406867119742e+00	1.39485821414752e+01	1
34	43	37	40	1.75644133333333e+00	9.69406856824653e+00	1.70270627214357e+01	1
35	44	38	41	2.04648066666667e+00	9.69406850862614e+00	1.98387237842456e+01	1
36	45	39	42	2.23812466666667e+00	9.69406849233038e+00	2.16965338130408e+01	1
37	46	40	43	2.38176000000000e+00	9.69406852009255e+00	2.30889446384156e+01	1
38	47	41	44	2.53127866666667e+00	9.69406859340133e+00	2.45383890236801e+01	1
39	48	42	45	2.73077533333333e+00	9.69406871453797e+00	2.64723237252987e+01	1
40	49	43	46	3.07026533333333e+00	9.69406888663612e+00	2.97633636415841e+01	1
41	50	44	47	3.27711666666667e+00	9.69406911376715e+00	3.17685954605449e+01	1
42	51	45	48	3.56530866666667e+00	9.69406940105490e+00	3.45623496508492e+01	1
43	52	46	49	3.79820000000000e+00	9.69406975482542e+00	3.68200157427779e+01	1
44	53	47	50	4.02950000000000e+00	9.69407018280001e+00	3.90622558015926e+01	1
45	54	48	51	4.18848666666667e+00	9.69407069434214e+00	4.06034858489761e+01	1
46	55	49	52	4.38994066666667e+00	9.69407130077324e+00	4.25563978288307e+01	1
47	56	50	53	4.50214333333333e+00	9.69407201577809e+00	4.36441016986886e+01	1
48	57	51	54	4.73651600000000e+00	9.69407285592804e+00	4.59161311872688e+01	1
49	58	52	55	4.90747533333333e+00	9.69407384136283e+00	4.75734282560000e+01	1
50	59	53	56	5.09007000000000e+00	9.69407499668854e+00	4.93435203183944e+01	1
51	60	54	57	5.15929466666667e+00	9.69407635217553e+00	5.00145964220387e+01	1
52	61	55	58	5.31516200000000e+00	9.69407794538126e+00	5.15255947203286e+01	1
53	62	56	59	5.41389800000000e+00	9.69407982338596e+00	5.24827593676696e+01	1
54	63	57	60	5.52952866666667e+00	9.69408204593238e+00	5.36037045700018e+01	1
55	64	58	61	5.49896533333333e+00	9.69408468993108e+00	5.33074356483285e+01	1
56	65	59	62	5.56782600000000e+00	9.69408785608032e+00	5.39749944113683e+01	1
57	66	60	63	5.71341466666667e+00	9.69409167885486e+00	5.53863655779806e+01	1
58	67	61	64	5.82527533333333e+00	9.69409634202807e+00	5.64707803001730e+01	1
59	68	62	65	5.90338133333333e+00	9.69410210359442e+00	5.72279814017867e+01	1
60	69	63	66	5.76926400000000e+00	9.69410933727594e+00	5.59278760116100e+01	1
61	70	64	67	5.84436600000000e+00	9.69411860454619e+00	5.66559771723772e+01	1
62	71	65	68	6.19813800000000e+00	9.69413078557388e+00	6.00855603990353e+01	1
63	72	66	69	6.57354066666667e+00	9.69414733039694e+00	6.37248717050224e+01	1
64	73	67	70	6.78114466666667e+00	9.69417077188863e+00	6.57375744275484e+01	1
65	74	68	71	6.96510800000000e+00	9.69420585469975e+00	6.75211907522161e+01	1
66	75	69	72	6.94600600000000e+00	9.69426225730107e+00	6.73364038047868e+01	1
67	76	70	73	7.10323200000000e+00	9.69436195427790e+00	6.88613020532093e+01	1
68	77	71	74	7.24501000000000e+00	9.69456237498708e+00	7.02372013524052e+01	1
69	78	72	75	7.23461066666667e+00	9.69504623746001e+00	7.01398849233547e+01	1
1	13	5	9	1.24400000000000e-01	1.28427638873854e+01	1.59763982759074e+00	1
2	14	6	10	1.28303333333333e-01	1.28411224361701e+01	1.64755881230208e+00	1
3	15	7	11	1.26422000000000e-01	1.28405047244550e+01	1.62332228827506e+00	1
4	16	8	12	1.26767333333333e-01	1.28402158243103e+01	1.62771991947228e+00	1
5	17	9	13	1.31576666666667e-01	1.28400597059458e+01	1.68945225590933e+00	1
6	18	10	14	1.34361333333333e-01	1.28399660991934e+01	1.72519496504243e+00	1
7	19	11	15	1.41764666666667e-01	1.28399054097298e+01	1.82024491044188e+00	1
8	20	12	16	1.45210000000000e-01	1.28398636166361e+01	1.86447659577172e+00	1
9	21	13	17	1.48650000000000e-01	1.28398334450565e+01	1.90864124160765e+00	1
10	22	14	18	1.50800000000000e-01	1.28398108347832e+01	1.93624347388531e+00	1
11	23	15	19	1.55782666666667e-01	1.28397933791742e+01	2.00021725205677e+00	1
12	24	16	20	1.60188666666667e-01	1.28397795775134e+01	2.05678717081577e+00	1
13	25	17	21	1.71015333333333e-01	1.28397684525297e+01	2.19579728183219e+00	1
14	26	18	22	1.79622000000000e-01	1.28397593435600e+01	2.30630325280894e+00	1
15	27	19	23	1.93124000000000e-01	1.28397517892477e+01	2.47966422454666e+00	1
16	28	20	24	2.09413333333333e-01	1.28397454582042e+01	2.68881389555408e+00	1
17	29	21	25	2.22930666666667e-01	1.28397401064984e+01	2.86237182176842e+00	1
18	30	22	26	2.39610000000000e-01	1.28397355507289e+01	3.07652903531015e+00	1
19	31	23	27	2.58940666666667e-01	1.28397316504648e+01	3.32472867339245e+00	1
20	32	24	28	2.74105333333333e-01	1.28397282964872e+01	3.51943800461806e+00	1
21	33	25	29	3.09074000000000e-01	1.28397254027284e+01	3.96842528912288e+00	1
22	34	26	30	3.32840666666667e-01	1.28397229006245e+01	4.27358193005914e+00	1
23	35	27	31	3.63976000000000e-01	1.28397207350835e+01	4.67335019427274e+00	1
24	36	28	32	4.07954666666667e-01	1.28397188615561e+01	5.23802322825985e+00	1
25	37	29	33	4.57779333333333e-01	1.28397172438774e+01	5.87775720009071e+00	1
26	38	30	34	5.27726666666667e-01	1.28397158526547e+01	6.77586044786861e+00	1
27	39	31	35	6.04562666666667e-01	1.28397146640532e+01	7.76241213653911e+00	1
28	40	32	36	6.61064666666667e-01	1.28397136588748e+01	8.48788102999951e+00	1
29	41	33	37	7.52241333333333e-01	1.28397128218572e+01	9.65856269273097e+00	1
30	42	34	38	8.69595333333333e-01	1.28397121411436e+01	1.11653537592818e+01	1
31	43	35	39	1.01087066666667e+00	1.28397116078855e+01	1.29792878328709e+01	1
32	44	36	40	1.23723200000000e+00	1.28397112159541e+01	1.58857015871373e+01	1
33	45	37	41	1.43064133333333e+00	1.28397109617418e+01	1.83690212099209e+01	1
34	46	38	42	1.57597066666667e+00	1.28397108440422e+01	2.02350076586924e+01	1
35	47	39	43	1.74536600000000e+00	1.28397108640002e+01	2.24099947918566e+01	1
36	48	40	44	1.79394200000000e+00	1.28397110251306e+01	2.30336968758448e+01	1
37	49	41	45	1.86114400000000e+00	1.28397113334022e+01	2.38965517098935e+01	1
38	50	42	46	2.00678000000000e+00	1.28397117973939e+01	2.57664768407742e+01	1
39	51	43	47	2.15657866666667e+00	1.28397124285269e+01	2.76898499094959e+01	1
40	52	44	48	2.43696800000000e+00	1.28397132413853e+01	3.12899702984323e+01	1
41	53	45	49	2.63644800000000e+00	1.28397142541419e+01	3.38512389659039e+01	1
42	54	46	50	2.83669533333333e+00	1.28397154891093e+01	3.64223610092840e+01	1
43	55	47	51	3.01072866666667e+00	1.28397169734499e+01	3.86569039638521e+01	1
44	56	48	52	3.12615333333333e+00	1.28397187400858e+01	4.01389295383817e+01	1
45	57	49	53	3.23563266666667e+00	1.28397208288682e+01	4.15446201447663e+01	1
46	58	50	54	3.33810866666667e+00	1.28397232880878e+01	4.28603915855678e+01	1
47	59	51	55	3.49564466666667e+00	1.28397261764435e+01	4.48831203301451e+01	1
48	60	52	56	3.59289800000000e+00	1.28397295656329e+01	4.61318386769032e+01	1
49	61	53	57	3.73668866666667e+00	1.28397335438087e+01	4.79780868161698e+01	1
50	62	54	58	3.87874266666667e+00	1.28397382202572e+01	4.98020404637422e+01	1
51	63	55	59	3.93443533333333e+00	1.28397437318418e+01	5.05171414095035e+01	1
52	64	56	60	4.00937333333333e+00	1.28397502520517e+01	5.14793522672361e+01	1
53	65	57	61	4.03128200000000e+00	1.28397580039883e+01	5.17606853258341e+01	1
54	66	58	62	4.16060933333333e+00	1.28397672794624e+01	5.34212555807594e+01	1
55	67	59	63	4.31012266666667e+00	1.28397784678531e+01	5.53410202092723e+01	1
56	68	60	64	4.34953866666667e+00	1.28397921010595e+01	5.58471722155194e+01	1
57	69	61	65	4.35237800000000e+00	1.28398089259362e+01	5.58837018934484e+01	1
58	70	62	66	4.43045666666667e+00	1.28398300255449e+01	5.68863105355421e+01	1
59	71	63	67	4.43030533333333e+00	1.28398570310481e+01	5.68844870838899e+01	1
60	72	64	68	4.52034933333333e+00	1.28398925106876e+01	5.80407995507583e+01	1
61	73	65	69	4.71401800000000e+00	1.28399407257727e+01	6.05277117002258e+01	1
62	74	66	70	4.94824466666667e+00	1.28400092024046e+01	6.35355070557493e+01	1
63	75	67	71	5.26491466666667e+00	1.28401122759471e+01	6.76020954432805e+01	1
64	76	68	72	5.36767666666667e+00	1.28402799312730e+01	6.89224709805622e+01	1
65	77	69	73	5.28719666666667e+00	1.28405828905724e+01	6.78906870570913e+01	1
66	78	70	74	5.25377866666667e+00	1.28412171881340e+01	6.74649129170519e+01	1
1	16	6	11	1.01757333333333e-01	1.60099609238834e+01	1.62913093038524e+00	1
2	17	7	12	1.02519333333333e-01	1.60082988480805e+01	1.64116012570598e+00	1
3	18	8	13	1.05499333333333e-01	1.60075708278346e+01	1.68878805062267e+00	1
4	19	9	14	1.07178666666667e-01	1.60071919478288e+01	1.71562949004570e+00	1
5	20	10	15	1.11912666666667e-01	1.60069698267761e+01	1.79138267856739e+00	1
6	21	11	16	1.15646000000000e-01	1.60068277573055e+01	1.85112560282136e+00	1
7	22	12	17	1.18392000000000e-01	1.60067307132491e+01	1.89506886260298e+00	1
8	23	13	18	1.22590666666667e-01	1.60066609832942e+01	1.96226724104935e+00	1
9	24	14	19	1.27042666666667e-01	1.60066088624981e+01	2.03352227418206e+00	1
10	25	15	20	1.30561333333333e-01	1.60065686740612e+01	2.08983894817700e+00	1
11	26	16	21	1.37085333333333e-01	1.60065369118079e+01	2.19426144806749e+00	1
12	27	17	22	1.42736000000000e-01	1.60065113081737e+01	2.28470539808348e+00	1
13	28	18	23	1.52651333333333e-01	1.60064903377097e+01	2.44341209203850e+00	1
14	29	19	24	1.64888000000000e-01	1.60064729387958e+01	2.63927530993216e+00	1
15	30	20	25	1.76107333333333e-01	1.60064583506558e+01	2.81885469624506e+00	1
16	31	21	26	1.90808000000000e-01	1.60064460141546e+01	3.05415795106880e+00	1
17	32	22	27	2.07704666666667e-01	1.60064355093242e+01	3.32461135198568e+00	1
18	33	23	28	2.21852666666667e-01	1.60064265148039e+01	3.55106840611328e+00	1
19	34	24	29	2.47148000000000e-01	1.60064187807786e+01	3.95595438883187e+00	1
20	35	25	30	2.69639333333333e-01	1.60064121104762e+01	4.31595829052740e+00	1
21	36	26	31	2.96371333333333e-01	1.60064063472348e+01	4.74383999100510e+00	1
22	37	27	32	3.23794666666667e-01	1.60064013652839e+01	5.18278739460498e+00	1
23	38	28	33	3.67386666666667e-01	1.60063970630598e+01	5.88053686234065e+00	1
24	39	29	34	4.15426666666667e-01	1.60063933582844e+01	6.64948263818754e+00	1
25	40	30	35	4.59834000000000e-01	1.60063901842994e+01	7.36028242400714e+00	1
26	41	31	36	5.02702000000000e-01	1.60063874873094e+01	8.04644300264539e+00	1
27	42	32	37	5.68517333333333e-01	1.60063852242972e+01	9.09990744402353e+00	1
28	43	33	38	6.57082000000000e-01	1.60063833614482e+01	1.05175063919071e+01	1
29	44	34	39	7.72058666666667e-01	1.60063818729656e+01	1.23578658469993e+01	1
30	45	35	40	9.42466666666667e-01	1.60063807401972e+01	1.50854803016112e+01	1
31	46	36	41	1.10160133333333e+00	1.60063799510160e+01	1.76326494958792e+01	1
32	47	37	42	1.19721666666667e+00	1.60063794994145e+01	1.91631043096907e+01	1
33	48	38	43	1.32080400000000e+00	1.60063793852884e+01	2.11412899176064e+01	1
34	49	39	44	1.40433400000000e+00	1.60063796143952e+01	2.24783031094020e+01	1
35	50	40	45	1.41734400000000e+00	1.60063801984817e+01	2.26865469360369e+01	1
36	51	41	46	1.50514666666667e+00	1.60063811555858e+01	2.40919512417261e+01	1
37	52	42	47	1.56882466666667e+00	1.60063825105240e+01	2.51112077066119e+01	1
38	53	43	48	1.69843400000000e+00	1.60063842955893e+01	2.71857873046949e+01	1
39	54	44	49	1.85198800000000e+00	1.60063865514935e+01	2.96436358167274e+01	1
40	55	45	50	2.06482000000000e+00	1.60063893286037e+01	3.30503128134876e+01	1
41	56	46	51	2.21562800000000e+00	1.60063926885434e+01	3.54642118197320e+01	1
42	57	47	52	2.36367866666667e+00	1.60063967062542e+01	3.78339784247765e+01	1
43	58	48	53	2.46179200000000e+00	1.60064014726526e+01	3.94044310941644e+01	1
44	59	49	54	2.54460133333333e+00	1.60064070980687e+01	4.07299248436217e+01	1
45	60	50	55	2.65098266666667e+00	1.60064137167310e+01	4.24327253185494e+01	1
46	61	51	56	2.74684333333333e+00	1.60064214926779e+01	4.39671321676858e+01	1
47	62	52	57	2.81868600000000e+00	1.60064306276500e+01	4.51171019201283e+01	1
48	63	53	58	2.93701133333333e+00	1.60064413717857e+01	4.70110997152701e+01	1
49	64	54	59	3.01744733333333e+00	1.60064540383748e+01	4.82986320542165e+01	1
50	65	55	60	3.11698733333333e+00	1.60064690246145e+01	4.98919612011157e+01	1
51	66	56	61	3.17256200000000e+00	1.60064868414739e+01	5.07815719067602e+01	1
52	67	57	62	3.29675800000000e+00	1.60065081577585e+01	5.27695838211554e+01	1
53	68	58	63	3.37480466666667e+00	1.60065338669871e+01	5.40189251914660e+01	1
54	69	59	64	3.41677333333333e+00	1.60065651921533e+01	5.46908051068108e+01	1
55	70	60	65	3.43066200000000e+00	1.60066038557613e+01	5.49132475970136e+01	1
56	71	61	66	3.47185466666667e+00	1.60066523670968e+01	5.55727707184161e+01	1
57	72	62	67	3.51980733333333e+00	1.60067145302132e+01	5.63405511860177e+01	1
58	73	63	68	3.57560666666667e+00	1.60067963906647e+01	5.72340078864366e+01	1
59	74	64	69	3.69761866666667e+00	1.60069081118028e+01	5.91874422298203e+01	1
60	75	65	70	3.83615266666667e+00	1.60070679763464e+01	6.14055565029758e+01	1
61	76	66	71	4.01718133333333e+00	1.60073117201269e+01	6.43042738389416e+01	1
62	77	67	72	4.19668200000000e+00	1.60077168943579e+01	6.71792973516479e+01	1
63	78	68	73	4.33532600000000e+00	1.60084763197521e+01	6.94019636094056e+01	1
1	19	7	13	8.91193333333333e-02	1.91859986421679e+01	1.70984340832424e+00	1
2	20	8	14	9.04900000000000e-02	1.91843383007874e+01	1.73599077283825e+00	1
3	21	9	15	9.19473333333333e-02	1.91835197525652e+01	1.76387348519570e+00	1
4	22	10	16	9.59786666666667e-02	1.91830554981357e+01	1.84116408930373e+00	1
5	23	11	17	9.67600000000000e-02	1.91827646903377e+01	1.85612431143707e+00	1
6	24	12	18	1.01265333333333e-01	1.91825686781734e+01	1.94252921138479e+00	1
7	25	13	19	1.06397333333333e-01	1.91824290352198e+01	2.04095929620329e+00	1
8	26	14	20	1.10547333333333e-01	1.91823252257502e+01	2.12055490083941e+00	1
9	27	15	21	1.15476000000000e-01	1.91822454584092e+01	2.21508897655527e+00	1
10	28	16	22	1.19383333333333e-01	1.91821825512175e+01	2.29003289357285e+00	1
11	29	17	23	1.30091333333333e-01	1.91821319079922e+01	2.49542911608658e+00	1
12	30	18	24	1.36504000000000e-01	1.91820904613326e+01	2.61843207633374e+00	1
13	31	19	25	1.46676000000000e-01	1.91820560893744e+01	2.81354725896508e+00	1
14	32	20	26	1.57120666666667e-01	1.91820272784898e+01	3.01389291401450e+00	1
15	33	21	27	1.72940666666667e-01	1.91820029200859e+01	3.31734837300161e+00	1
16	34	22	28	1.86061333333333e-01	1.91819821837066e+01	3.56902518107670e+00	1
17	35	23	29	2.09982000000000e-01	1.91819644352123e+01	4.02786725603475e+00	1
18	36	24	30	2.28845333333333e-01	1.91819491825000e+01	4.38969955465228e+00	1
19	37	25	31	2.51008666666667e-01	1.91819360385639e+01	4.81483218912521e+00	1
20	38	26	32	2.74272666666667e-01	1.91819246957773e+01	5.26107763811002e+00	1
21	39	27	33	3.05696000000000e-01	1.91819149076237e+01	5.86383465960093e+00	1
22	40	28	34	3.33940000000000e-01	1.91819064754884e+01	6.40560584842459e+00	1
23	41	29	35	3.67011333333333e-01	1.91818992389646e+01	7.03997441555803e+00	1
24	42	30	36	4.03478666666667e-01	1.91818930686537e+01	7.73948463948295e+00	1
25	43	31	37	4.51098000000000e-01	1.91818878607714e+01	8.65291125021827e+00	1
26	44	32	38	5.29271333333333e-01	1.91818835330903e+01	1.01524210734034e+01	1
27	45	33	39	6.18672000000000e-01	1.91818800218924e+01	1.18672920769042e+01	1
28	46	34	40	7.54775333333333e-01	1.91818772797062e+01	1.44780078177493e+01	1
29	47	35	41	8.79777333333333e-01	1.91818752736673e+01	1.68757790765996e+01	1
30	48	36	42	9.55950000000000e-01	1.91818739843953e+01	1.83369124353826e+01	1
31	49	37	43	1.05343466666667e+00	1.91818734053112e+01	2.02068504167662e+01	1
32	50	38	44	1.12320600000000e+00	1.91818735423517e+01	2.15451954540107e+01	1
33	51	39	45	1.16297533333333e+00	1.91818744140577e+01	2.23080467906469e+01	1
34	52	40	46	1.20983533333333e+00	1.91818760520349e+01	2.32069114073724e+01	1
35	53	41	47	1.24765666666667e+00	1.91818785018065e+01	2.39323985919688e+01	1
36	54	42	48	1.32929933333333e+00	1.91818818240967e+01	2.54984627208506e+01	1
37	55	43	49	1.39942066666667e+00	1.91818860966115e+01	2.68435278292441e+01	1
38	56	44	50	1.50283066666667e+00	1.91818914164097e+01	2.88271346652507e+01	1
39	57	45	51	1.62709866666667e+00	1.91818979030021e+01	3.12108405021109e+01	1
40	58	46	52	1.79253533333333e+00	1.91819057023652e+01	3.43842437321578e+01	1
41	59	47	53	1.90605066666667e+00	1.91819149921342e+01	3.65617018587008e+01	1
42	60	48	54	1.99970066666667e+00	1.91819259883449e+01	3.83581101868439e+01	1
43	61	49	55	2.12190066666667e+00	1.91819389542485e+01	4.07021690549793e+01	1
44	62	50	56	2.19161800000000e+00	1.91819542119568e+01	4.20395161261003e+01	1
45	63	51	57	2.23739600000000e+00	1.91819721580230e+01	4.29176677784720e+01	1
46	64	52	58	2.30965866666667e+00	1.91819932846152e+01	4.43038570337532e+01	1
47	65	53	59	2.40395066666667e+00	1.91820182088075e+01	4.61126254610748e+01	1
48	66	54	60	2.50750200000000e+00	1.91820477139411e+01	4.80990230068027e+01	1
49	67	55	61	2.58030533333333e+00	1.91820828094035e+01	4.94956305775454e+01	1
50	68	56	62	2.67951200000000e+00	1.91821248193204e+01	5.13987336388670e+01	1
51	69	57	63	2.73903066666667e+00	1.91821755180878e+01	5.25405669974250e+01	1
52	70	58	64	2.78337933333333e+00	1.91822373444680e+01	5.33914429916870e+01	1
53	71	59	65	2.77947600000000e+00	1.91823137527066e+01	5.33167807001180e+01	1
54	72	60	66	2.79527333333333e+00	1.91824098133683e+01	5.36200786203801e+01	1
55	73	61	67	2.85456733333333e+00	1.91825332928042e+01	5.47578329082179e+01	1
56	74	62	68	2.96605800000000e+00	1.91826967053286e+01	5.68969910244134e+01	1
57	75	63	69	3.02083800000000e+00	1.91829214839736e+01	5.79484981698039e+01	1
58	76	64	70	3.10028333333333e+00	1.91832471673082e+01	5.94735014720195e+01	1
59	77	65	71	3.23455866666667e+00	1.91837537449103e+01	6.20509769347988e+01	1
60	78	66	72	3.38046733333333e+00	1.91846230814204e+01	6.48529916290542e+01	1
1	22	8	15	7.80086666666667e-02	2.23654401610443e+01	1.74469816637618e+00	1
2	23	9	16	8.32006666666667e-02	2.23637844739740e+01	1.86068177742429e+00	1
3	24	10	17	8.45746666666667e-02	2.23628868231131e+01	1.89133369876918e+00	1
4	25	11	18	8.92580000000000e-02	2.23623405013694e+01	1.99601778847123e+00	1
5	26	12	19	9.07726666666667e-02	2.23619791290665e+01	2.02985647748971e+00	1
6	27	13	20	9.46200000000000e-02	2.23617248701677e+01	2.11586640721527e+00	1
7	28	14	21	1.02046000000000e-01	2.23615374256139e+01	2.28190544813420e+00	1
8	29	15	22	1.04305333333333e-01	2.23613941991416e+01	2.33241267573953e+00	1
9	30	16	23	1.10720666666667e-01	2.23612816745228e+01	2.47585601452428e+00	1
10	31	17	24	1.18114666666667e-01	2.23611913218532e+01	2.64118465925025e+00	1
11	32	18	25	1.26816000000000e-01	2.23611175098853e+01	2.83574747813361e+00	1
12	33	19	26	1.35728666666667e-01	2.23610563760860e+01	3.03503636718432e+00	1
13	34	20	27	1.50625333333333e-01	2.23610051833627e+01	3.36813385941241e+00	1
14	35	21	28	1.60892666666667e-01	2.23609619375198e+01	3.59771479535939e+00	1
15	36	22	29	1.85282000000000e-01	2.23609251509191e+01	4.14307693381260e+00	1
16	37	23	30	2.00522000000000e-01	2.23608936914620e+01	4.48385112479934e+00	1
17	38	24	31	2.19080666666667e-01	2.23608666831581e+01	4.89883358019074e+00	1
18	39	25	32	2.36746666666667e-01	2.23608434388919e+01	5.29385514801286e+00	1
19	40	26	33	2.55292000000000e-01	2.23608234138713e+01	5.70853933097404e+00	1
20	41	27	34	2.77710666666667e-01	2.23608061727180e+01	6.20983438942964e+00	1
21	42	28	35	3.07756000000000e-01	2.23607913657777e+01	6.88166770756629e+00	1
22	43	29	36	3.34256666666667e-01	2.23607787118078e+01	7.47423935627984e+00	1
23	44	30	37	3.77236000000000e-01	2.23607679851752e+01	8.43528667165557e+00	1
24	45	31	38	4.37810000000000e-01	2.23607590063145e+01	9.78976390055457e+00	1
25	46	32	39	5.10688000000000e-01	2.23607516345964e+01	1.14193675307688e+01	1
26	47	33	40	6.21852000000000e-01	2.23607457630225e+01	1.39050744742271e+01	1
27	48	34	41	7.21290666666667e-01	2.23607413143404e+01	1.61285940097815e+01	1
28	49	35	42	7.83393333333333e-01	2.23607382383001e+01	1.75172532642961e+01	1
29	50	36	43	8.64764666666667e-01	2.23607365098612e+01	1.93367748543713e+01	1
30	51	37	44	9.25685333333333e-01	2.23607361282277e+01	2.06990054764372e+01	1
31	52	38	45	9.65465333333333e-01	2.23607371166419e+01	2.15885165138977e+01	1
32	53	39	46	1.03141066666667e+00	2.23607395229108e+01	2.30631052584851e+01	1
33	54	40	47	1.04141400000000e+00	2.23607434206831e+01	2.32867912487072e+01	1
34	55	41	48	1.09723533333333e+00	2.23607489115351e+01	2.45350037855312e+01	1
35	56	42	49	1.14108733333333e+00	2.23607561279726e+01	2.55155755813853e+01	1
36	57	43	50	1.20236333333333e+00	2.23607652375105e+01	2.68857642268572e+01	1
37	58	44	51	1.27442933333333e+00	2.23607764480678e+01	2.84972294215268e+01	1
38	59	45	52	1.35534933333333e+00	2.23607900150119e+01	3.03066818396531e+01	1
39	60	46	53	1.45276866666667e+00	2.23608062503206e+01	3.24850786818699e+01	1
40	61	47	54	1.58418200000000e+00	2.23608255345279e+01	3.54236173169394e+01	1
41	62	48	55	1.70569333333333e+00	2.23608483323989e+01	3.81407499282506e+01	1
42	63	49	56	1.77663266666667e+00	2.23608752137068e+01	3.97270613599284e+01	1
43	64	50	57	1.83368666666667e+00	2.23609068811302e+01	4.10028968025034e+01	1
44	65	51	58	1.91336666666667e+00	2.23609442083089e+01	4.27846852833714e+01	1
45	66	52	59	1.98333066666667e+00	2.23609882927239e+01	4.43492338179337e+01	1
46	67	53	60	2.08400733333333e+00	2.23610405307595e+01	4.66005724470668e+01	1
47	68	54	61	2.12471133333333e+00	2.23611027268688e+01	4.75108883896090e+01	1
48	69	55	62	2.19458866666667e+00	2.23611772567574e+01	4.90735861810043e+01	1
49	70	56	63	2.26296066666667e+00	2.23612673190051e+01	5.06026683997273e+01	1
50	71	57	64	2.30865733333333e+00	2.23613773368948e+01	5.16247577722560e+01	1
51	72	58	65	2.29959266666667e+00	2.23615136261323e+01	5.14223727502205e+01	1
52	73	59	66	2.33216600000000e+00	2.23616855558677e+01	5.21511627560858e+01	1
53	74	60	67	2.36807600000000e+00	2.23619076758473e+01	5.29546968813897e+01	1
54	75	61	68	2.45622733333333e+00	2.23622038596033e+01	5.49266563535298e+01	1
55	76	62	69	2.54911400000000e+00	2.23626159846795e+01	5.70048574831703e+01	1
56	77	63	70	2.59182933333333e+00	2.23632237973121e+01	5.79616594257716e+01	1
57	78	64	71	2.68259666666667e+00	2.23641953759258e+01	5.99941159681406e+01	1
1	25	9	17	7.53440000000000e-02	2.55463913275720e+01	1.92476730818459e+00	1
2	26	10	18	7.85326666666667e-02	2.55447344518132e+01	2.00609611579276e+00	1
3	27	11	19	8.00480000000000e-02	2.55437634497200e+01	2.04472717662319e+00	1
4	28	12	20	8.30753333333333e-02	2.55431369724429e+01	2.12200461836469e+00	1
5	29	13	21	8.72760000000000e-02	2.55427034875429e+01	2.22926498957880e+00	1
6	30	14	22	9.21013333333333e-02	2.55423875238822e+01	2.35248794746625e+00	1
7	31	15	23	9.78486666666667e-02	2.55421479779741e+01	2.49926512344746e+00	1
8	32	16	24	1.05952000000000e-01	2.55419608057577e+01	2.70622183129164e+00	1
9	33	17	25	1.13968000000000e-01	2.55418110945162e+01	2.91094912681982e+00	1
10	34	18	26	1.22288666666667e-01	2.55416891327075e+01	3.12345910845328e+00	1
11	35	19	27	1.34111333333333e-01	2.55415883307302e+01	3.42541646648533e+00	1
12	36	20	28	1.44151333333333e-01	2.55415040590926e+01	3.68184186545694e+00	1
13	37	21	29	1.61146666666667e-01	2.55414329680907e+01	4.11591678469792e+00	1
14	38	22	30	1.76789333333333e-01	2.55413725729033e+01	4.51544222958185e+00	1
15	39	23	31	1.93025333333333e-01	2.55413209913552e+01	4.93012199812999e+00	1
16	40	24	32	2.05448666666667e-01	2.55412767728580e+01	5.24742125794798e+00	1
17	41	25	33	2.19930666666667e-01	2.55412387836611e+01	5.61730167318311e+00	1
18	42	26	34	2.38870000000000e-01	2.55412061279506e+01	6.10102790778356e+00	1
19	43	27	35	2.62767333333333e-01	2.55411780924103e+01	6.71138725753440e+00	1
20	44	28	36	2.87091333333333e-01	2.55411541065376e+01	7.33264398731803e+00	1
21	45	29	37	3.23974000000000e-01	2.55411337138000e+01	8.27466325379465e+00	1
22	46	30	38	3.75180666666667e-01	2.55411165504242e+01	9.58253313479920e+00	1
23	47	31	39	4.31853333333333e-01	2.55411023296901e+01	1.10300101780844e+01	1
24	48	32	40	5.19587333333333e-01	2.55410908302885e+01	1.32708272749341e+01	1
25	49	33	41	6.04080666666667e-01	2.55410818877620e+01	1.54288737741472e+01	1
26	50	34	42	6.57455333333333e-01	2.55410753883535e+01	1.67921162331417e+01	1
27	51	35	43	7.26553333333333e-01	2.55410712648040e+01	1.85569504643476e+01	1
28	52	36	44	7.76170666666667e-01	2.55410694937954e+01	1.98242289363789e+01	1
29	53	37	45	8.17946000000000e-01	2.55410700948513e+01	2.08912161198033e+01	1
30	54	38	46	8.79890000000000e-01	2.55410731306023e+01	2.24733348368857e+01	1
31	55	39	47	9.10323333333333e-01	2.55410787084084e+01	2.32506399067674e+01	1
32	56	40	48	9.44044666666667e-01	2.55410869834073e+01	2.41119269475550e+01	1
33	57	41	49	9.70128000000000e-01	2.55410981631451e+01	2.47781344788156e+01	1
34	58	42	50	1.01189466666667e+00	2.55411125140473e+01	2.58449155336977e+01	1
35	59	43	51	1.05772666666667e+00	2.55411303701098e+01	2.70155346892750e+01	1
36	60	44	52	1.11577533333333e+00	2.55411521443640e+01	2.84981875475951e+01	1
37	61	45	53	1.17680000000000e+00	2.55411783438948e+01	3.00568586750954e+01	1
38	62	46	54	1.24799266666667e+00	2.55412095895277e+01	3.18752422655270e+01	1
39	63	47	55	1.34258666666667e+00	2.55412466417843e+01	3.42913371913044e+01	1
40	64	48	56	1.44436600000000e+00	2.55412904354377e+01	3.68909715010714e+01	1
41	65	49	57	1.51997200000000e+00	2.55413421261257e+01	3.88221248741316e+01	1
42	66	50	58	1.61040666666667e+00	2.55414031542573e+01	4.11320459156370e+01	1
43	67	51	59	1.69226133333333e+00	2.55414753343237e+01	4.32228511045631e+01	1
44	68	52	60	1.75201400000000e+00	2.55415609825222e+01	4.47491724232326e+01	1
45	69	53	61	1.78161266666667e+00	2.55416631038259e+01	4.55053505135090e+01	1
46	70	54	62	1.84275333333333e+00	2.55417856742326e+01	4.70672106904778e+01	1
47	71	55	63	1.88741000000000e+00	2.55419340808097e+01	4.82081018034610e+01	1
48	72	56	64	1.91425333333333e+00	2.55421158337397e+01	4.88940803751224e+01	1
49	73	57	65	1.93660400000000e+00	2.55423417683215e+01	4.94654012378984e+01	1
50	74	58	66	1.97635600000000e+00	2.55426281750803e+01	5.04813264495890e+01	1
51	75	59	67	2.01072066666667e+00	2.55430007936945e+01	5.13598395845647e+01	1
52	76	60	68	2.07543666666667e+00	2.55435028162291e+01	5.30139223399052e+01	1
53	77	61	69	2.13751133333333e+00	2.55442122463158e+01	5.46010431775722e+01	1
54	78	62	70	2.22374666666667e+00	2.55452830617589e+01	5.68062380576428e+01	1
1	28	10	19	7.28586666666667e-02	2.87283959696228e+01	2.09311262581876e+00	1
2	29	11	20	7.48160000000000e-02	2.87267286338751e+01	2.14921892947200e+00	1
3	30	12	21	7.91680000000000e-02	2.87256865476484e+01	2.27415515260423e+00	1
4	31	13	22	8.23166666666667e-02	2.87249808093084e+01	2.36454467028624e+00	1
5	32	14	23	8.80420000000000e-02	2.87244739050250e+01	2.52896013154621e+00	1
6	33	15	24	9.42233333333333e-02	2.87240935022373e+01	2.70647983675914e+00	1
7	34	16	25	1.02353333333333e-01	2.87237984048484e+01	2.93997651273091e+00	1
8	35	17	26	1.10005333333333e-01	2.87235635894332e+01	3.15974518717679e+00	1
9	36	18	27	1.21870000000000e-01	2.87233730265692e+01	3.50051747074798e+00	1
10	37	19	28	1.29547333333333e-01	2.87232159819096e+01	3.72101603521377e+00	1
11	38	20	29	1.46697333333333e-01	2.87230849934291e+01	4.21359997364273e+00	1
12	39	21	30	1.58794000000000e-01	2.87229747080039e+01	4.56103604578277e+00	1
13	40	22	31	1.67498000000000e-01	2.87228811824769e+01	4.81102515230251e+00	1
14	41	23	32	1.78294000000000e-01	2.87228014475062e+01	5.12110316128168e+00	1
15	42	24	33	1.94442666666667e-01	2.87227332261513e+01	5.58492484244814e+00	1
16	43	25	34	2.10780666666667e-01	2.87226747468688e+01	6.05418453159484e+00	1
17	44	26	35	2.30464666666667e-01	2.87226246159860e+01	6.61955010791501e+00	1
18	45	27	36	2.50466666666667e-01	2.87225817287522e+01	7.19404930366148e+00	1
19	46	28	37	2.82425333333333e-01	2.87225452060975e+01	8.11197440401381e+00	1
20	47	29	38	3.24982000000000e-01	2.87225143489662e+01	9.33430015815574e+00	1
21	48	30	39	3.73190000000000e-01	2.87224886049666e+01	1.07189455224875e+01	1
22	49	31	40	4.47285333333333e-01	2.87224675438679e+01	1.28471384695148e+01	1
23	50	32	41	5.17627333333333e-01	2.87224508396234e+01	1.48675256349120e+01	1
24	51	33	42	5.61428000000000e-01	2.87224382573475e+01	1.61255810659461e+01	1
25	52	34	43	6.19860000000000e-01	2.87224296441818e+01	1.78038852392426e+01	1
26	53	35	44	6.70478000000000e-01	2.87224249233379e+01	1.92577540177498e+01	1
27	54	36	45	7.02374000000000e-01	2.87224240908590e+01	2.01738838983930e+01	1
28	55	37	46	7.56342666666667e-01	2.87224272148423e+01	2.17239971928131e+01	1
29	56	38	47	7.90094000000000e-01	2.87224344370246e+01	2.26934231140865e+01	1
30	57	39	48	8.36364666666667e-01	2.87224459767830e+01	2.40224389552235e+01	1
31	58	40	49	8.54954666666667e-01	2.87224621377546e+01	2.45564030428300e+01	1
32	59	41	50	8.89338000000000e-01	2.87224833174487e+01	2.55439958685732e+01	1
33	60	42	51	9.18430000000000e-01	2.87225100204352e+01	2.63796148780683e+01	1
34	61	43	52	9.61697333333333e-01	2.87225428759669e+01	2.76223928903697e+01	1
35	62	44	53	1.00818866666667e+00	2.87225826612729e+01	2.89577823164919e+01	1
36	63	45	54	1.04312800000000e+00	2.87226303323018e+01	2.99613799332733e+01	1
37	64	46	55	1.11428333333333e+00	2.87226870644902e+01	3.20052114845104e+01	1
38	65	47	56	1.17829333333333e+00	2.87227543073401e+01	3.38438299153101e+01	1
39	66	48	57	1.24801333333333e+00	2.87228338584573e+01	3.58464796264728e+01	1
40	67	49	58	1.35952133333333e+00	2.87229279656845e+01	3.90494333251447e+01	1
41	68	50	59	1.42925133333333e+00	2.87230394708336e+01	4.10524424610749e+01	1
42	69	51	60	1.48689600000000e+00	2.87231720167313e+01	4.27083695789897e+01	1
43	70	52	61	1.51704733333333e+00	2.87233303535593e+01	4.35746517173195e+01	1
44	71	53	62	1.57106666666667e+00	2.87235208061699e+01	4.51265660878800e+01	1
45	72	54	63	1.59365000000000e+00	2.87237520121712e+01	4.57756073941966e+01	1
46	73	55	64	1.62349666666667e+00	2.87240361347139e+01	4.66333769179209e+01	1
47	74	56	65	1.64531133333333e+00	2.87243909475611e+01	4.72605659691197e+01	1
48	75	57	66	1.67972800000000e+00	2.87248436120078e+01	4.82499241107106e+01	1
49	76	58	67	1.71550133333333e+00	2.87254379482940e+01	4.92785271008823e+01	1
50	77	59	68	1.77462666666667e+00	2.87262494710421e+01	5.09783683446306e+01	1
51	78	60	69	1.83238266666667e+00	2.87274189190515e+01	5.26396244853420e+01	1
1	31	11	21	7.14960000000000e-02	3.19114845134976e+01	2.28154349677702e+00	1
2	32	12	22	7.56333333333333e-02	3.19097967162781e+01	2.41344429164117e+00	1
3	33	13	23	8.22560000000000e-02	3.19086839064271e+01	2.62468070340707e+00	1
4	34	14	24	8.67413333333333e-02	3.19078992590865e+01	2.76773372559884e+00	1
5	35	15	25	9.23606666666667e-02	3.19073179576455e+01	2.94698115811345e+00	1
6	36	16	26	1.00275333333333e-01	3.19068711083573e+01	3.19947213601423e+00	1
7	37	17	27	1.11107333333333e-01	3.19065178784321e+01	3.54504811742492e+00	1
8	38	18	28	1.19922666666667e-01	3.19062326150120e+01	3.82628049847921e+00	1
9	39	19	29	1.33050000000000e-01	3.19059984045916e+01	4.24509308773092e+00	1
10	40	20	30	1.40779333333333e-01	3.19058036365422e+01	4.49167776541666e+00	1
11	41	21	31	1.48301333333333e-01	3.19056400664646e+01	4.73164896271012e+00	1
12	42	22	32	1.58743333333333e-01	3.19055016725004e+01	5.06478568716495e+00	1
13	43	23	33	1.72488666666667e-01	3.19053839519638e+01	5.50331713736230e+00	1
14	44	24	34	1.86659333333333e-01	3.19052834731515e+01	5.95541894290948e+00	1
15	45	25	35	2.07111333333333e-01	3.19051975807257e+01	6.60792801120755e+00	1
16	46	26	36	2.25473333333333e-01	3.19051241967031e+01	7.19375470304464e+00	1
17	47	27	37	2.49756000000000e-01	3.19050616828252e+01	7.96848058565568e+00	1
18	48	28	38	2.87384000000000e-01	3.19050087434745e+01	9.16898903273467e+00	1
19	49	29	39	3.29071333333333e-01	3.19049643561073e+01	1.04990091606167e+01	1
20	50	30	40	3.89655333333333e-01	3.19049277208572e+01	1.24319252460465e+01	1
21	51	31	41	4.49390666666667e-01	3.19048982238575e+01	1.43377634827515e+01	1
22	52	32	42	4.86375333333333e-01	3.19048754106651e+01	1.55177444128207e+01	1
23	53	33	43	5.39802666666667e-01	3.19048589673653e+01	1.72223279502077e+01	1
24	54	34	44	5.82175333333333e-01	3.19048487077379e+01	1.85742159313769e+01	1
25	55	35	45	6.11140666666667e-01	3.19048445654321e+01	1.94983479776145e+01	1
26	56	36	46	6.62230000000000e-01	3.19048465905015e+01	2.11283465576278e+01	1
27	57	37	47	6.91924666666667e-01	3.19048549499786e+01	2.20757561263123e+01	1
28	58	38	48	7.36906666666667e-01	3.19048699324415e+01	2.35109113523490e+01	1
29	59	39	49	7.66840666666667e-01	3.19048919567924e+01	2.44659686180747e+01	1
30	60	40	50	7.93513333333333e-01	3.19049215857518e+01	2.53169806772485e+01	1
31	61	41	51	8.23628666666667e-01	3.19049595449104e+01	2.62778392900285e+01	1
32	62	42	52	8.57922666666667e-01	3.19050067486207e+01	2.73720284697947e+01	1
33	63	43	53	8.81718000000000e-01	3.19050643346061e+01	2.81312695149802e+01	1
34	64	44	54	9.13418666666667e-01	3.19051337100230e+01	2.91427446932309e+01	1
35	65	45	55	9.73836000000000e-01	3.19052166129764e+01	3.10704485255145e+01	1
36	66	46	56	1.02750866666667e+00	3.19053151954141e+01	3.27829878760197e+01	1
37	67	47	57	1.07512733333333e+00	3.19054321363380e+01	3.43024021715887e+01	1
38	68	48	58	1.13411866666667e+00	3.19055707991115e+01	3.61847034139273e+01	1
39	69	49	59	1.18291466666667e+00	3.19057354546528e+01	3.77417624200954e+01	1
40	70	50	60	1.25614400000000e+00	3.19059316059576e+01	4.00784445512340e+01	1
41	71	51	61	1.29169133333333e+00	3.19061664734926e+01	4.12129187137010e+01	1
42	72	52	62	1.33432733333333e+00	3.19064497450801e+01	4.25736480044868e+01	1
43	73	53	63	1.37367266666667e+00	3.19067947779937e+01	4.38294918674727e+01	1
44	74	54	64	1.40498400000000e+00	3.19072206090566e+01	4.48291344401948e+01	1
45	75	55	65	1.41700800000000e+00	3.19077554828640e+01	4.52135447812622e+01	1
46	76	56	66	1.44610066666667e+00	3.19084434019987e+01	4.61428212759259e+01	1
47	77	57	67	1.47434600000000e+00	3.19093570996936e+01	4.70454330025049e+01	1
48	78	58	68	1.52746600000000e+00	3.19106254041369e+01	4.87423953435554e+01	1
1	34	12	23	7.68366666666667e-02	3.50957918430050e+01	2.69664365924369e+00	1
2	35	13	24	8.09166666666667e-02	3.50940742298394e+01	2.83969550643117e+00	1
3	36	14	25	8.72566666666667e-02	3.50928902466394e+01	3.06208862662093e+00	1
4	37	15	26	9.42666666666667e-02	3.50920269505501e+01	3.30800840720519e+00	1
5	38	16	27	1.03029333333333e-01	3.50913707738711e+01	3.61544053658476e+00	1
6	39	17	28	1.09232666666667e-01	3.50908562871771e+01	3.83306780786513e+00	1
7	40	18	29	1.18882666666667e-01	3.50904433023757e+01	4.17164547430189e+00	1
8	41	19	30	1.26512000000000e-01	3.50901057978392e+01	4.43931946469624e+00	1
9	42	20	31	1.34590000000000e-01	3.50898261702322e+01	4.72273970425156e+00	1
10	43	21	32	1.43040000000000e-01	3.50895920685691e+01	5.01921524948812e+00	1
11	44	22	33	1.55399333333333e-01	3.50893945602470e+01	5.45286852173267e+00	1
12	45	23	34	1.68938666666667e-01	3.50892270214798e+01	5.92792722737276e+00	1
13	46	24	35	1.86373333333333e-01	3.50890844401549e+01	6.53966963072646e+00	1
14	47	25	36	2.01941333333333e-01	3.50889629631352e+01	7.08591196605947e+00	1
15	48	26	37	2.23375333333333e-01	3.50888595937392e+01	7.83798570803802e+00	1
16	49	27	38	2.55886000000000e-01	3.50887719845411e+01	8.97872550803629e+00	1
17	50	28	39	2.90708666666667e-01	3.50886982925222e+01	1.02005886956881e+01	1
18	51	29	40	3.43320000000000e-01	3.50886370761870e+01	1.20466308809965e+01	1
19	52	30	41	3.95108000000000e-01	3.50885872217312e+01	1.38637815200038e+01	1
20	53	31	42	4.29723333333333e-01	3.50885478899065e+01	1.50783677610769e+01	1
21	54	32	43	4.76916000000000e-01	3.50885184781005e+01	1.67342758785018e+01	1
22	55	33	44	5.15220000000000e-01	3.50884985940097e+01	1.80782962456057e+01	1
23	56	34	45	5.38801333333333e-01	3.50884880385295e+01	1.89057241398104e+01	1
24	57	35	46	5.83218000000000e-01	3.50884867963590e+01	2.04642370923989e+01	1
25	58	36	47	6.10628000000000e-01	3.50884950334668e+01	2.14260175452958e+01	1
26	59	37	48	6.55380666666667e-01	3.50885131010851e+01	2.29963331085312e+01	1
27	60	38	49	6.86514666666667e-01	3.50885415463711e+01	2.40887984035264e+01	1
28	61	39	50	7.23376000000000e-01	3.50885811303458e+01	2.53822374637450e+01	1
29	62	40	51	7.48415333333333e-01	3.50886328542671e+01	2.62608708538373e+01	1
30	63	41	52	7.72214000000000e-01	3.50886979962752e+01	2.70959838344957e+01	1
31	64	42	53	7.98926666666667e-01	3.50887781610736e+01	2.80333605736326e+01	1
32	65	43	54	8.25707333333333e-01	3.50888753467293e+01	2.89731416922136e+01	1
33	66	44	55	8.76528000000000e-01	3.50889920346364e+01	3.07564840101357e+01	1
34	67	45	56	9.22488000000000e-01	3.50891313116824e+01	3.23693025654512e+01	1
35	68	46	57	9.51400666666667e-01	3.50892970384002e+01	3.33839805951986e+01	1
36	69	47	58	9.90752000000000e-01	3.50894940845767e+01	3.47649864432825e+01	1
37	70	48	59	1.02255533333333e+00	3.50897286666728e+01	3.58811891933259e+01	1
38	71	49	60	1.05997066666667e+00	3.50900088436862e+01	3.71943800673813e+01	1
39	72	50	61	1.07569466666667e+00	3.50903452679886e+01	3.77464972562673e+01	1
40	73	51	62	1.13952400000000e+00	3.50907523620009e+01	3.99867544945567e+01	1
41	74	52	63	1.17889466666667e+00	3.50912502362170e+01	4.13688877501416e+01	1
42	75	53	64	1.21550266666667e+00	3.50918679598582e+01	4.26542590835222e+01	1
43	76	54	65	1.23566933333333e+00	3.50926494344796e+01	4.33629107316038e+01	1
44	77	55	66	1.25991000000000e+00	3.50936645791444e+01	4.42148589399098e+01	1
45	78	56	67	1.28786933333333e+00	3.50950317469456e+01	4.51978151392510e+01	1
1	37	13	25	8.21500000000000e-02	3.82814223903850e+01	3.14481884937013e+00	1
2	38	14	26	8.63100000000000e-02	3.82796669735558e+01	3.30391805648760e+00	1
3	39	15	27	9.46286666666667e-02	3.82784113343049e+01	3.62223502668350e+00	1
4	40	16	28	9.85893333333333e-02	3.82774699718892e+01	3.77375024621525e+00	1
5	41	17	29	1.06678000000000e-01	3.82767391707034e+01	4.08328598125230e+00	1
6	42	18	30	1.14556000000000e-01	3.82761568432734e+01	4.38476342333803e+00	1
7	43	19	31	1.21512000000000e-01	3.82756836148167e+01	4.65095486740361e+00	1
8	44	20	32	1.29414666666667e-01	3.82752932936978e+01	4.95338432317281e+00	1
9	45	21	33	1.40754000000000e-01	3.82749677546469e+01	5.38735481133757e+00	1
10	46	22	34	1.53643333333333e-01	3.82746940376020e+01	5.88065157425063e+00	1
11	47	23	35	1.69403333333333e-01	3.82744626241912e+01	6.48382155008006e+00	1
12	48	24	36	1.82520666666667e-01	3.82742663716709e+01	6.98584461433495e+00	1
13	49	25	37	2.04848000000000e-01	3.82740998300263e+01	7.84037280198122e+00	1
14	50	26	38	2.30063333333333e-01	3.82739587910638e+01	8.80543453933477e+00	1
15	51	27	39	2.60281333333333e-01	3.82738399829030e+01	9.96196610253663e+00	1
16	52	28	40	3.05448000000000e-01	3.82737408585490e+01	1.16906375977621e+01	1
17	53	29	41	3.54479333333333e-01	3.82736594472181e+01	1.35672212850769e+01	1
18	54	30	42	3.83835333333333e-01	3.82735942487934e+01	1.46907578063504e+01	1
19	55	31	43	4.21289333333333e-01	3.82735441588686e+01	1.61242359029937e+01	1
20	56	32	44	4.57570666666667e-01	3.82735084162454e+01	1.75128347616937e+01	1
21	57	33	45	4.81322666666667e-01	3.82734865675936e+01	1.84218966173450e+01	1
22	58	34	46	5.20738000000000e-01	3.82734784458840e+01	1.99304546189527e+01	1
23	59	35	47	5.46523333333333e-01	3.82734841605435e+01	2.09173521417007e+01	1
24	60	36	48	5.86981333333333e-01	3.82735040982983e+01	2.24658324669580e+01	1
25	61	37	49	6.18381333333333e-01	3.82735389345172e+01	2.36676420377120e+01	1
26	62	38	50	6.58370000000000e-01	3.82735896556704e+01	2.51981832216037e+01	1
27	63	39	51	6.84644666666667e-01	3.82736575943918e+01	2.62038555458265e+01	1
28	64	40	52	7.07670000000000e-01	3.82737444796869e+01	2.70851807559400e+01	1
29	65	41	53	7.35243333333333e-01	3.82738525062389e+01	2.81405948961954e+01	1
30	66	42	54	7.63992000000000e-01	3.82739844287697e+01	2.92410179117046e+01	1
31	67	43	55	8.10109333333333e-01	3.82741436903865e+01	3.10062410289232e+01	1
32	68	44	56	8.40855333333333e-01	3.82743345984401e+01	3.21831783768829e+01	1
33	69	45	57	8.56404000000000e-01	3.82745625687402e+01	3.27784884821194e+01	1
34	70	46	58	8.89860000000000e-01	3.82748344710001e+01	3.40592442023641e+01	1
35	71	47	59	9.10850000000000e-01	3.82751591287836e+01	3.48629286924525e+01	1
36	72	48	60	9.29062666666667e-01	3.82755480630443e+01	3.55603827515801e+01	1
37	73	49	61	9.37792666666667e-01	3.82760166335767e+01	3.58949677081796e+01	1
38	74	50	62	9.72456000000000e-01	3.82765858565445e+01	3.72222955757118e+01	1
39	75	51	63	1.00094733333333e+00	3.82772854223599e+01	3.83135467707500e+01	1
40	76	52	64	1.04383533333333e+00	3.82781589523688e+01	3.99560948094322e+01	1
41	77	53	65	1.07122000000000e+00	3.82792736556855e+01	4.10055235254434e+01	1
42	78	54	66	1.10563133333333e+00	3.82807387801992e+01	4.23243842585367e+01	1
1	40	14	27	8.76506666666667e-02	4.14684172808367e+01	3.63473442027686e+00	1
2	41	15	28	9.09366666666667e-02	4.14666178551134e+01	3.77083600568450e+00	1
3	42	16	29	9.74733333333333e-02	4.14652906440755e+01	4.04176009671352e+00	1
4	43	17	30	1.04641333333333e-01	4.14642725311531e+01	4.33887676335657e+00	1
5	44	18	31	1.11879333333333e-01	4.14634683883192e+01	4.63890520097289e+00	1
6	45	19	32	1.18536666666667e-01	4.14628192805247e+01	4.91486438811580e+00	1
7	46	20	33	1.29284666666667e-01	4.14622867486505e+01	5.36043792153703e+00	1
8	47	21	34	1.40950666666667e-01	4.14618445927402e+01	5.84407463657646e+00	1
9	48	22	35	1.53806000000000e-01	4.14614743213038e+01	6.37702351946246e+00	1
10	49	23	36	1.66328666666667e-01	4.14611625016261e+01	6.89617987734546e+00	1
11	50	24	37	1.83668000000000e-01	4.14608991489165e+01	7.61504042488319e+00	1
12	51	25	38	2.08828666666667e-01	4.14606767098216e+01	8.65817783640977e+00	1
13	52	26	39	2.35268000000000e-01	4.14604894001011e+01	9.75432642018298e+00	1
14	53	27	40	2.77018666666667e-01	4.14603327612233e+01	1.14852861010704e+01	1
15	54	28	41	3.18892666666667e-01	4.14602033569427e+01	1.32213548090377e+01	1
16	55	29	42	3.45548666666667e-01	4.14600985623257e+01	1.43264817780802e+01	1
17	56	30	43	3.82285333333333e-01	4.14600164158363e+01	1.58495561955335e+01	1
18	57	31	44	4.11446000000000e-01	4.14599555159269e+01	1.70585328572060e+01	1
19	58	32	45	4.33379333333333e-01	4.14599149502759e+01	1.79678703012073e+01	1
20	59	33	46	4.69756000000000e-01	4.14598942500971e+01	1.94760340833486e+01	1
21	60	34	47	4.94543333333333e-01	4.14598933648130e+01	2.05037138642792e+01	1
22	61	35	48	5.32500000000000e-01	4.14599126544355e+01	2.20774034884869e+01	1
23	62	36	49	5.62895333333333e-01	4.14599528985781e+01	2.33376140068294e+01	1
24	63	37	50	5.95123333333333e-01	4.14600153224285e+01	2.46738225187347e+01	1
25	64	38	51	6.27815333333333e-01	4.14601016414162e+01	2.60292875320396e+01	1
26	65	39	52	6.62458000000000e-01	4.14602141279550e+01	2.74656505307768e+01	1
27	66	40	53	6.88101333333333e-01	4.14603557057688e+01	2.85289260416138e+01	1
28	67	41	54	7.12310000000000e-01	4.14605300803134e+01	2.95327501815080e+01	1
29	68	42	55	7.49859333333333e-01	4.14607419182731e+01	3.10897242943417e+01	1
30	69	43	56	7.69124000000000e-01	4.14609970960553e+01	3.18886479305065e+01	1
31	70	44	57	7.85586666666667e-01	4.14613030483733e+01	3.25714468574281e+01	1
32	71	45	58	8.10030000000000e-01	4.14616692665853e+01	3.35851959560121e+01	1
33	72	46	59	8.20181333333333e-01	4.14621080284278e+01	3.40064470455666e+01	1
34	73	47	60	8.40812666666667e-01	4.14626354977827e+01	3.48623091199187e+01	1
35	74	48	61	8.45000000000000e-01	4.14632734388253e+01	3.50364660558073e+01	1
36	75	49	62	8.68064000000000e-01	4.14640519934509e+01	3.59934508296429e+01	1
37	76	50	63	8.80086666666667e-01	4.14650143849385e+01	3.64928062933259e+01	1
38	77	51	64	8.98894666666667e-01	4.14662252771479e+01	3.72737687484268e+01	1
39	78	52	65	9.17920000000000e-01	4.14677860414113e+01	3.80641101631322e+01	1
1	43	15	29	9.10706666666667e-02	4.46567602083639e+01	4.06692092334918e+00	1
2	44	16	30	9.70700000000000e-02	4.46549126696050e+01	4.33465237283856e+00	1
3	45	17	31	1.02988000000000e-01	4.46535150814234e+01	4.59877621120563e+00	1
4	46	18	32	1.09586000000000e-01	4.46524227343302e+01	4.89328039776431e+00	1
5	47	19	33	1.19317333333333e-01	4.46515479878790e+01	5.32770363511909e+00	1
6	48	20	34	1.29420000000000e-01	4.46508348556881e+01	5.77871104702316e+00	1
7	49	21	35	1.40313333333333e-01	4.46502458671027e+01	6.26502483176608e+00	1
8	50	22	36	1.51819333333333e-01	4.46497549623357e+01	6.77869603187849e+00	1
9	51	23	37	1.68310666666667e-01	4.46493434444701e+01	7.51496076136772e+00	1
10	52	24	38	1.88646000000000e-01	4.46489975645739e+01	8.42285479456661e+00	1
11	53	25	39	2.14392000000000e-01	4.46487070227313e+01	9.57232559601741e+00	1
12	54	26	40	2.51039333333333e-01	4.46484640054585e+01	1.12085206382876e+01	1
13	55	27	41	2.89064666666667e-01	4.46482625497276e+01	1.29062351311828e+01	1
14	56	28	42	3.14007333333333e-01	4.46480981131546e+01	1.40198302269167e+01	1
15	57	29	43	3.46310666666667e-01	4.46479672789033e+01	1.54620673136685e+01	1
16	58	30	44	3.73871333333333e-01	4.46478675517342e+01	1.66925577720569e+01	1
17	59	31	45	3.94325333333333e-01	4.46477972180863e+01	1.76057575206210e+01	1
18	60	32	46	4.27597333333333e-01	4.46477552531351e+01	1.90912610855599e+01	1
19	61	33	47	4.52122000000000e-01	4.46477412641842e+01	2.01862260758455e+01	1
20	62	34	48	4.87780666666667e-01	4.46477554640529e+01	2.17783119254260e+01	1
21	63	35	49	5.12708666666667e-01	4.46477986712451e+01	2.28913133263358e+01	1
22	64	36	50	5.45384666666667e-01	4.46478723362121e+01	2.43502649714609e+01	1
23	65	37	51	5.79510000000000e-01	4.46479785953757e+01	2.58739500758062e+01	1
24	66	38	52	6.16778666666667e-01	4.46481203571621e+01	2.75380081430633e+01	1
25	67	39	53	6.45216000000000e-01	4.46483014275185e+01	2.88077984538578e+01	1
26	68	40	54	6.66210666666667e-01	4.46485266868624e+01	2.97453247297391e+01	1
27	69	41	55	6.93580000000000e-01	4.46488023370673e+01	3.09675163249431e+01	1
28	70	42	56	7.13122000000000e-01	4.46491362474763e+01	3.18402813390728e+01	1
29	71	43	57	7.23363333333333e-01	4.46495384458339e+01	3.22978389619732e+01	1
30	72	44	58	7.41716666666667e-01	4.46500218284844e+01	3.31176653572173e+01	1
31	73	45	59	7.54713333333333e-01	4.46506032138935e+01	3.36984055869016e+01	1
32	74	46	60	7.73991333333333e-01	4.46513049536664e+01	3.45597230561616e+01	1
33	75	47	61	7.73745333333333e-01	4.46521574852786e+01	3.45493984774994e+01	1
34	76	48	62	7.91926000000000e-01	4.46532035447608e+01	3.53620328703882e+01	1
35	77	49	63	7.97981333333333e-01	4.46545054273094e+01	3.56334617802250e+01	1
36	78	50	64	8.10810666666667e-01	4.46561576878318e+01	3.62076889856427e+01	1
1	46	16	31	9.60093333333333e-02	4.78463946594335e+01	4.59370045365578e+00	1
2	47	17	32	1.01900666666667e-01	4.78444973690106e+01	4.87538617823376e+00	1
3	48	18	33	1.10209333333333e-01	4.78430323091623e+01	5.27274869543791e+00	1
4	49	19	34	1.20208666666667e-01	4.78418700494513e+01	5.75100740948447e+00	1
5	50	20	35	1.29684000000000e-01	4.78409295122608e+01	6.20420310286803e+00	1
6	51	21	36	1.38926000000000e-01	4.78401574800168e+01	6.64624171806882e+00	1
7	52	22	37	1.53888000000000e-01	4.78395175462983e+01	7.36192767616475e+00	1
8	53	23	38	1.74507333333333e-01	4.78389839528686e+01	8.34825351899123e+00	1
9	54	24	39	1.96885333333333e-01	4.78385379864001e+01	9.41870649763171e+00	1
10	55	25	40	2.29758000000000e-01	4.78381657814225e+01	1.09912012936081e+01	1
11	56	26	41	2.64603333333333e-01	4.78378569316536e+01	1.26580564036386e+01	1
12	57	27	42	2.86782666666667e-01	4.78376035856463e+01	1.37189955232345e+01	1
13	58	28	43	3.16438666666667e-01	4.78373998439408e+01	1.51376030234168e+01	1
14	59	29	44	3.42164666666667e-01	4.78372413509907e+01	1.63682137411146e+01	1
15	60	30	45	3.61698000000000e-01	4.78371250177711e+01	1.73025924446778e+01	1
16	61	31	46	3.93131333333333e-01	4.78370488357998e+01	1.88062427915498e+01	1
17	62	32	47	4.15752666666667e-01	4.78370117583452e+01	1.98883652038967e+01	1
18	63	33	48	4.46180666666667e-01	4.78370136341426e+01	2.13439506346242e+01	1
19	64	34	49	4.72158000000000e-01	4.78370551854093e+01	2.25866483022325e+01	1
20	65	35	50	5.06521333333333e-01	4.78371380267667e+01	2.42305309361686e+01	1
21	66	36	51	5.40661333333333e-01	4.78372647257895e+01	2.58637593296650e+01	1
22	67	37	52	5.75571333333333e-01	4.78374389100556e+01	2.75338584967126e+01	1
23	68	38	53	6.04300666666667e-01	4.78376654305044e+01	2.89083331114308e+01	1
24	69	39	54	6.22092666666667e-01	4.78379505975874e+01	2.97596382551214e+01	1
25	70	40	55	6.48122666666667e-01	4.78383025165520e+01	3.10050881958344e+01	1
26	71	41	56	6.63613333333333e-01	4.78387315636687e+01	3.17464201154047e+01	1
27	72	42	57	6.67852666666667e-01	4.78392510706116e+01	3.19495713988441e+01	1
28	73	43	58	6.86680666666667e-01	4.78398783275534e+01	3.28507195432166e+01	1
29	74	44	59	7.01836666666667e-01	4.78406360924095e+01	3.35763125663097e+01	1
30	75	45	60	7.15940000000000e-01	4.78415549352063e+01	3.42516828403116e+01	1
31	76	46	61	7.16637333333333e-01	4.78426770166581e+01	3.42858484767458e+01	1
32	77	47	62	7.32385333333333e-01	4.78440624185829e+01	3.50402896024547e+01	1
33	78	48	63	7.37648666666667e-01	4.78457997655069e+01	3.52933904026265e+01	1
1	49	17	33	1.04721333333333e-01	5.10372413461345e+01	5.34468796342233e+00	1
2	50	18	34	1.10226000000000e-01	5.10352956676268e+01	5.62541650025983e+00	1
3	51	19	35	1.20222000000000e-01	5.10337685350980e+01	6.13538172082655e+00	1
4	52	20	36	1.28627333333333e-01	5.10325433465907e+01	6.56417996388970e+00	1
5	53	21	37	1.41963333333333e-01	5.10315448430132e+01	7.24460821106363e+00	1
6	54	22	38	1.60394666666667e-01	5.10307224531285e+01	8.18505571762872e+00	1
7	55	23	39	1.80802000000000e-01	5.10300409481367e+01	9.22633346350500e+00	1
8	56	24	40	2.11002666666667e-01	5.10294750791160e+01	1.07673553202937e+01	1
9	57	25	41	2.42697333333333e-01	5.10290063680941e+01	1.23846037681861e+01	1
10	58	26	42	2.63270666666667e-01	5.10286211141563e+01	1.34343390998047e+01	1
11	59	27	43	2.90321333333333e-01	5.10283091151511e+01	1.48146067400561e+01	1
12	60	28	44	3.14637333333333e-01	5.10280628283398e+01	1.60553336134746e+01	1
13	61	29	45	3.33486000000000e-01	5.10278768112099e+01	1.70170825262631e+01	1
14	62	30	46	3.64401333333333e-01	5.10277473486617e+01	1.85945791708488e+01	1
15	63	31	47	3.81982000000000e-01	5.10276722101254e+01	1.94916522861681e+01	1
16	64	32	48	4.12872666666667e-01	5.10276505025740e+01	2.10679221367324e+01	1
17	65	33	49	4.39846666666667e-01	5.10276825996370e+01	2.24443560991750e+01	1
18	66	34	50	4.73832666666667e-01	5.10277701367950e+01	2.41786243979713e+01	1
19	67	35	51	5.05348666666667e-01	5.10279160702350e+01	2.57868893488718e+01	1
20	68	36	52	5.36438666666667e-01	5.10281248039116e+01	2.73734592323106e+01	1
21	69	37	53	5.60008666666667e-01	5.10284023970747e+01	2.85763475885160e+01	1
22	70	38	54	5.80978666666667e-01	5.10287568745452e+01	2.96466191306308e+01	1
23	71	39	55	6.07518000000000e-01	5.10291986766311e+01	3.10011567216296e+01	1
24	72	40	56	6.17841333333333e-01	5.10297413085306e+01	3.15282834097177e+01	1
25	73	41	57	6.24706666666667e-01	5.10304022871024e+01	3.18790325114348e+01	1
26	74	42	58	6.43557333333333e-01	5.10312045486430e+01	3.28415059161125e+01	1
27	75	43	59	6.53590000000000e-01	5.10321785994497e+01	3.33541216108143e+01	1
28	76	44	60	6.65566000000000e-01	5.10333659100130e+01	3.39660732152637e+01	1
29	77	45	61	6.67450666666667e-01	5.10348244555073e+01	3.40632276060447e+01	1
30	78	46	62	6.84286666666667e-01	5.10366376428726e+01	3.49236906505158e+01	1
1	52	18	35	1.11079333333333e-01	5.42292123097894e+01	6.02374475056321e+00	1
2	53	19	36	1.19390000000000e-01	5.42272234628881e+01	6.47418820923422e+00	1
3	54	20	37	1.30989333333333e-01	5.42256432763337e+01	7.10298086233811e+00	1
4	55	21	38	1.48530666666667e-01	5.42243660839330e+01	8.05398124402396e+00	1
5	56	22	39	1.66814000000000e-01	5.42233218922666e+01	9.04520921813656e+00	1
6	57	23	40	1.94108000000000e-01	5.42224627500717e+01	1.05250137994909e+01	1
7	58	24	41	2.23438666666667e-01	5.42217548025336e+01	1.21152365974050e+01	1
8	59	25	42	2.44872666666667e-01	5.42211736140077e+01	1.32772833726584e+01	1
9	60	26	43	2.68780000000000e-01	5.42207013128082e+01	1.45734400988566e+01	1
10	61	27	44	2.93102666666667e-01	5.42203247912861e+01	1.58921217838587e+01	1
11	62	28	45	3.09561333333333e-01	5.42200345433654e+01	1.67844261866236e+01	1
12	63	29	46	3.35616000000000e-01	5.42198239038873e+01	1.81970404193270e+01	1
13	64	30	47	3.55668666666667e-01	5.42196885530372e+01	1.92842443347407e+01	1
14	65	31	48	3.85145333333333e-01	5.42196262052094e+01	2.08824360080141e+01	1
15	66	32	49	4.12117333333333e-01	5.42196364350995e+01	2.23448519819361e+01	1
16	67	33	50	4.43862666666667e-01	5.42197206151097e+01	2.40661097781442e+01	1
17	68	34	51	4.71597333333333e-01	5.42198819531983e+01	2.55699517427764e+01	1
18	69	35	52	4.97759333333333e-01	5.42201256327032e+01	2.69885735881839e+01	1
19	70	36	53	5.21625333333333e-01	5.42204590681565e+01	2.82827650349135e+01	1
20	71	37	54	5.41288666666667e-01	5.42208923064075e+01	2.93491545020122e+01	1
21	72	38	55	5.65229333333333e-01	5.42214386241178e+01	3.06475476058844e+01	1
22	73	39	56	5.81579333333333e-01	5.42221154067384e+01	3.15344617301740e+01	1
23	74	40	57	5.89591333333333e-01	5.42229454508720e+01	3.19693787056403e+01	1
24	75	41	58	6.03839333333333e-01	5.42239589310519e+01	3.27425592116204e+01	1
25	76	42	59	6.13387333333333e-01	5.42251964503455e+01	3.32610486501536e+01	1
26	77	43	60	6.24948000000000e-01	5.42267139055520e+01	3.38888764018469e+01	1
27	78	44	61	6.27292666666667e-01	5.42285900225691e+01	3.40171968448308e+01	1
1	55	19	37	1.22126666666667e-01	5.74222216749837e+01	7.01278452576018e+00	1
2	56	20	38	1.37848666666667e-01	5.74202001065086e+01	7.91529802441540e+00	1
3	57	21	39	1.54368000000000e-01	5.74185812071118e+01	8.86359154377944e+00	1
4	58	22	40	1.80387333333333e-01	5.74172688402343e+01	1.03573480133730e+01	1
5	59	23	41	2.07131333333333e-01	5.74161979450880e+01	1.18926936352967e+01	1
6	60	24	42	2.25431333333333e-01	5.74153233169606e+01	1.29432128891068e+01	1
7	61	25	43	2.50292000000000e-01	5.74146128245130e+01	1.43704182730730e+01	1
8	62	26	44	2.72446000000000e-01	5.74140433284221e+01	1.56422264486553e+01	1
9	63	27	45	2.87558000000000e-01	5.74135981526928e+01	1.65097394575920e+01	1
10	64	28	46	3.13372666666667e-01	5.74132654806169e+01	1.79917481057022e+01	1
11	65	29	47	3.33452666666667e-01	5.74130373263945e+01	1.91445303979191e+01	1
12	66	30	48	3.62752000000000e-01	5.74129088836635e+01	2.08266475233667e+01	1
13	67	31	49	3.87561333333333e-01	5.74128781364350e+01	2.22510116010609e+01	1
14	68	32	50	4.15010666666667e-01	5.74129456679371e+01	2.38269848569477e+01	1
15	69	33	51	4.39308666666667e-01	5.74131146351246e+01	2.52220788395371e+01	1
16	70	34	52	4.64200666666667e-01	5.74133909003946e+01	2.66513343315571e+01	1
17	71	35	53	4.86734666666667e-01	5.74137833333975e+01	2.79452786928534e+01	1
18	72	36	54	5.02554666666667e-01	5.74143043198527e+01	2.88538265693621e+01	1
19	73	37	55	5.28138000000000e-01	5.74149705469931e+01	3.03230277147478e+01	1
20	74	38	56	5.47724666666667e-01	5.74158041858302e+01	3.14480522090824e+01	1
21	75	39	57	5.57212666666667e-01	5.74168346747831e+01	3.19933875606950e+01	1
22	76	40	58	5.70434000000000e-01	5.74181014554946e+01	3.27532372856636e+01	1
23	77	41	59	5.78102666666667e-01	5.74196582528363e+01	3.31944575550533e+01	1
24	78	42	60	5.90576000000000e-01	5.74215794553495e+01	3.39118067084225e+01	1
1	58	20	39	1.43644000000000e-01	6.06161945746042e+01	8.70715265347444e+00	1
2	59	21	40	1.67485333333333e-01	6.06141581528536e+01	1.01519824829501e+01	1
3	60	22	41	1.92731333333333e-01	6.06125228481601e+01	1.16819323452230e+01	1
4	61	23	42	2.10680000000000e-01	6.06112011153079e+01	1.27695678509731e+01	1
5	62	24	43	2.33915333333333e-01	6.06101327758659e+01	1.41776394116443e+01	1
6	63	25	44	2.53890000000000e-01	6.06092757478543e+01	1.53880890196227e+01	1
7	64	26	45	2.69414666666667e-01	6.06086002477819e+01	1.63288458328894e+01	1
8	65	27	46	2.94428666666667e-01	6.06080852450111e+01	1.78447577279083e+01	1
9	66	28	47	3.14636666666667e-01	6.06077162543821e+01	1.90694098165579e+01	1
10	67	29	48	3.42226666666667e-01	6.06074839536877e+01	2.07414972085240e+01	1
11	68	30	49	3.64332666666667e-01	6.06073833381655e+01	2.20812495912827e+01	1
12	69	31	50	3.87188000000000e-01	6.06074132506767e+01	2.34664631217030e+01	1
13	70	32	51	4.10124000000000e-01	6.06075762015324e+01	2.48566215820773e+01	1
14	71	33	52	4.33694666666667e-01	6.06078784417565e+01	2.62853136381714e+01	1
15	72	34	53	4.51864000000000e-01	6.06083302929095e+01	2.73867225594753e+01	1
16	73	35	54	4.69475333333333e-01	6.06089467760536e+01	2.84544054906700e+01	1
17	74	36	55	4.96635333333333e-01	6.06097486325727e+01	3.01009427153873e+01	1
18	75	37	56	5.13533333333333e-01	6.06107639047028e+01	3.11256476238617e+01	1
19	76	38	57	5.25584000000000e-01	6.06120303659735e+01	3.18567133678698e+01	1
20	77	39	58	5.41421333333333e-01	6.06135992791227e+01	3.28174957398350e+01	1
21	78	40	59	5.49308000000000e-01	6.06155408017741e+01	3.32966014867409e+01	1
1	61	21	41	1.74107333333333e-01	6.38110764601600e+01	1.11099763596079e+01	1
2	62	22	42	1.97409333333333e-01	6.38090539916287e+01	1.25965028091181e+01	1
3	63	23	43	2.18502000000000e-01	6.38074367422008e+01	1.39420525430444e+01	1
4	64	24	44	2.37748000000000e-01	6.38061453397211e+01	1.51697834422280e+01	1
5	65	25	45	2.54266666666667e-01	6.38051248509285e+01	1.62235164120961e+01	1
6	66	26	46	2.78736000000000e-01	6.38043371222569e+01	1.77845657121094e+01	1
7	67	27	47	2.97678666666667e-01	6.38037558478551e+01	1.89930169691150e+01	1
8	68	28	48	3.22486000000000e-01	6.38033635419790e+01	2.05756914951986e+01	1
9	69	29	49	3.39944666666667e-01	6.38031496920044e+01	2.16895404543319e+01	1
10	70	30	50	3.63366666666667e-01	6.38031096798476e+01	2.31839232873340e+01	1
11	71	31	51	3.83850000000000e-01	6.38032442474409e+01	2.44908753043802e+01	1
12	72	32	52	4.03060000000000e-01	6.38035593963454e+01	2.57166626502910e+01	1
13	73	33	53	4.23711333333333e-01	6.38040666911129e+01	2.70345061697804e+01	1
14	74	34	54	4.41531333333333e-01	6.38047840053081e+01	2.81718113549090e+01	1
15	75	35	55	4.65764666666667e-01	6.38057368281048e+01	2.97184577451633e+01	1
16	76	36	56	4.83101333333333e-01	6.38069603592528e+01	3.08252276255022e+01	1
17	77	37	57	4.94870000000000e-01	6.38085027694127e+01	3.15769137654993e+01	1
18	78	38	58	5.13150666666667e-01	6.38104297549346e+01	3.27443645690312e+01	1
1	64	22	43	2.05506000000000e-01	6.70068455680987e+01	1.37703088053177e+01	1
2	65	23	44	2.24758666666667e-01	6.70048824902851e+01	1.50599280486732e+01	1
3	66	24	45	2.40634666666667e-01	6.70033366856023e+01	1.61233255888943e+01	1
4	67	25	46	2.63973333333333e-01	6.70021372279320e+01	1.76867775045146e+01	1
5	68	26	47	2.80633333333333e-01	6.70012354741558e+01	1.88027800485639e+01	1
6	69	27	48	3.01864000000000e-01	6.70005987953656e+01	2.02250687547642e+01	1
7	70	28	49	3.20434000000000e-01	6.70002064734536e+01	2.14691441611146e+01	1
8	71	29	50	3.41232666666667e-01	6.70000472576625e+01	2.28626047925249e+01	1
9	72	30	51	3.58656666666667e-01	6.70001180258258e+01	2.40300389974159e+01	1
10	73	31	52	3.79023333333333e-01	6.70004232478612e+01	2.53947237541485e+01	1
11	74	32	53	3.98448666666667e-01	6.70009751237446e+01	2.66964492034226e+01	1
12	75	33	54	4.14312666666667e-01	6.70017944007336e+01	2.77596921096197e+01	1
13	76	34	55	4.37905333333333e-01	6.70029120029871e+01	2.93409325149721e+01	1
14	77	35	56	4.54406666666667e-01	6.70043717422580e+01	3.04472332154936e+01	1
15	78	36	57	4.68202000000000e-01	6.70062340701737e+01	3.13724528041235e+01	1
1	67	23	45	2.28660666666667e-01	7.02035323079841e+01	1.60527864998985e+01	1
2	68	24	46	2.50009333333333e-01	7.02017000955464e+01	1.75510802397542e+01	1
3	69	25	47	2.64496000000000e-01	7.02003093452773e+01	1.85677010205885e+01	1
4	70	26	48	2.84412666666667e-01	7.01992989518296e+01	1.99655698130204e+01	1
5	71	27	49	3.01057333333333e-01	7.01986288705123e+01	2.11338120114128e+01	1
6	72	28	50	3.18632000000000e-01	7.01982751740250e+01	2.23674168152499e+01	1
7	73	29	51	3.38265333333333e-01	7.01982269022729e+01	2.37456266225063e+01	1
8	74	30	52	3.58919333333333e-01	7.01984844847473e+01	2.51955932522758e+01	1
9	75	31	53	3.75257333333333e-01	7.01990593755858e+01	2.63427118237907e+01	1
10	76	32	54	3.90714666666667e-01	7.01999747848851e+01	2.74281597480848e+01	1
11	77	33	55	4.12698666666667e-01	7.02012675852640e+01	2.89719695307483e+01	1
12	78	34	56	4.29942666666667e-01	7.02029911588273e+01	3.01832612268026e+01	1
1	70	24	47	2.48974666666667e-01	7.34012515258791e+01	1.82750521315719e+01	1
2	71	25	48	2.68711333333333e-01	7.33996637595598e+01	1.97233215150497e+01	1
3	72	26	49	2.82728666666667e-01	7.33985615082371e+01	2.07518774304752e+01	1
4	73	27	50	3.01038000000000e-01	7.33978969321666e+01	2.20955560966656e+01	1
5	74	28	51	3.19558000000000e-01	7.33976435220311e+01	2.34548041686132e+01	1
6	75	29	52	3.37250000000000e-01	7.33977927374104e+01	2.47534056006917e+01	1
7	76	30	53	3.54626000000000e-01	7.33983523707837e+01	2.60289641078415e+01	1
8	77	31	54	3.68731333333333e-01	7.33993467359093e+01	2.70646389877275e+01	1
9	78	32	55	3.91022000000000e-01	7.34008180797433e+01	2.87013346871774e+01	1
1	73	25	49	2.67962000000000e-01	7.66002585319564e+01	2.05259584767401e+01	1
2	74	26	50	2.85160666666667e-01	7.65990997784534e+01	2.18430503588903e+01	1
3	75	27	51	3.01616666666667e-01	7.65985055042982e+01	2.31033859018548e+01	1
4	76	28	52	3.18256000000000e-01	7.65984491025234e+01	2.43779160175727e+01	1
5	77	29	53	3.35130666666667e-01	7.65989286843335e+01	2.56706500359331e+01	1
6	78	30	54	3.47822000000000e-01	7.65999657388325e+01	2.66431532832122e+01	1
1	76	26	51	2.85892000000000e-01	7.98010515522080e+01	2.28144822303639e+01	1
2	77	27	52	3.02138000000000e-01	7.98006331926343e+01	2.41108037115562e+01	1
3	78	28	53	3.18901333333333e-01	7.98009241770414e+01	2.54486211212907e+01	1
0
