78
# x y z
0	0	-65
0	0	-64.75
0	0	-64.5
0	0	-64.25
0	0	-64
0	0	-63.75
0	0	-63.5
0	0	-63.25
0	0	-63
0	0	-62.75
0	0	-62.5
0	0	-62.25
0	0	-62
0	0	-61.75
0	0	-61.5
0	0	-61.25
0	0	-61
0	0	-60.75
0	0	-60.5
0	0	-60.25
0	0	-60
0	0	-59.75
0	0	-59.5
0	0	-59.25
0	0	-59
0	0	-58.75
0	0	-58.5
0	0	-58.25
0	0	-58
0	0	-57.75
0	0	-57.5
0	0	-57.25
0	0	-57
0	0	-56.75
0	0	-56.5
0	0	-56.25
0	0	-56
0	0	-55.75
0	0	-55.5
0	0	-55.25
0	0	-55
0	0	-54.75
0	0	-54.5
0	0	-54.25
0	0	-54
0	0	-53.75
0	0	-53.5
0	0	-53.25
0	0	-53
0	0	-52.75
0	0	-52.5
0	0	-52.25
0	0	-52
0	0	-51.75
0	0	-51.5
0	0	-51.25
0	0	-51
0	0	-50.75
0	0	-50.5
0	0	-50.25
0	0	-50
0	0	-49.75
0	0	-49.5
0	0	-49.25
0	0	-49
0	0	-48.75
0	0	-48.5
0	0	-48.25
0	0	-48
0	0	-47.75
0	0	-47.5
0	0	-47.25
0	0	-47
0	0	-46.75
0	0	-46.5
0	0	-46.25
0	0	-46
0	0	-45.75
971
# a b m n r k rhoa valid
1	4	2	3	4.53352500000000e-01	3.51952465142018e+00	1.59558529953297e+00	1
2	5	3	4	4.04584600000000e-01	3.51877887440664e+00	1.42364374339026e+00	1
3	6	4	5	4.28038200000000e-01	3.51868379055582e+00	1.50613107607869e+00	1
4	7	5	6	4.33882400000000e-01	3.51866026171590e+00	1.52668475913792e+00	1
5	8	6	7	4.99266200000000e-01	3.51865200187736e+00	1.75674401409970e+00	1
6	9	7	8	5.36875200000000e-01	3.51864841943030e+00	1.88907507391133e+00	1
7	10	8	9	6.11470600000000e-01	3.51864662955853e+00	2.15154896576413e+00	1
8	11	9	10	7.63024500000000e-01	3.51864563635337e+00	2.68481282735571e+00	1
9	12	10	11	1.21408050000000e+00	3.51864503766852e+00	4.27191832665512e+00	1
10	13	11	12	1.54383020000000e+00	3.51864465174684e+00	5.43218987643526e+00	1
11	14	12	13	1.70502710000000e+00	3.51864438891917e+00	5.99938403837012e+00	1
12	15	13	14	1.73957000000000e+00	3.51864420166023e+00	6.12092789388209e+00	1
13	16	14	15	1.48796020000000e+00	3.51864406320871e+00	5.23560232402085e+00	1
14	17	15	16	1.18249710000000e+00	3.51864395768716e+00	4.16078627589759e+00	1
15	18	16	17	8.38584500000000e-01	3.51864387523524e+00	2.95068021479221e+00	1
16	19	17	18	1.95941830000000e+00	3.51864380947789e+00	6.89449507147269e+00	1
17	20	18	19	1.54150140000000e+00	3.51864375614390e+00	5.42399427619708e+00	1
18	21	19	20	1.55004360000000e+00	3.51864371227990e+00	5.45405116689970e+00	1
19	22	20	21	1.87819910000000e+00	3.51864367578596e+00	6.60871338508188e+00	1
20	23	21	22	2.56443420000000e+00	3.51864364513175e+00	9.02333010118853e+00	1
21	24	22	23	3.72937070000000e+00	3.51864361917766e+00	1.31223264171031e+01	1
22	25	23	24	4.29479730000000e+00	3.51864359705881e+00	1.51118610203104e+01	1
23	26	24	25	4.92088010000000e+00	3.51864357810799e+00	1.73148231625044e+01	1
24	27	25	26	5.22821530000000e+00	3.51864356180317e+00	1.83962261050658e+01	1
25	28	26	27	5.37470700000000e+00	3.51864354773097e+00	1.89116781064945e+01	1
26	29	27	28	6.81840570000000e+00	3.51864353556081e+00	2.39915391391360e+01	1
27	30	28	29	1.02230834000000e+01	3.51864352502625e+00	3.59713862112133e+01	1
28	31	29	30	1.14164378000000e+01	3.51864351591131e+00	4.01703748397748e+01	1
29	32	30	31	1.49979686000000e+01	3.51864350804031e+00	5.27725048481824e+01	1
30	33	31	32	1.53038208000000e+01	3.51864350127023e+00	5.38486896025242e+01	1
31	34	32	33	1.63065653333333e+01	3.51864349548497e+00	5.73769900438341e+01	1
32	35	33	34	1.73038246666667e+01	3.51864349059092e+00	6.08859900256933e+01	1
33	36	34	35	1.80406206666667e+01	3.51864348651359e+00	6.34785124014291e+01	1
34	37	35	36	1.87549153333333e+01	3.51864348319510e+00	6.59918606155091e+01	1
35	38	36	37	1.99088946666667e+01	3.51864348059220e+00	7.00523024246635e+01	1
36	39	37	38	2.04511673333333e+01	3.51864347867498e+00	7.19603665687240e+01	1
37	40	38	39	2.06972900000000e+01	3.51864347742580e+00	7.28263844588902e+01	1
38	41	39	40	2.07497513333333e+01	3.51864347683879e+00	7.30109771750603e+01	1
39	42	40	41	2.02001786666667e+01	3.51864347691957e+00	7.10772268980765e+01	1
40	43	41	42	1.99769486666667e+01	3.51864347768537e+00	7.02917601300222e+01	1
41	44	42	43	1.89740353333333e+01	3.51864347916542e+00	6.67628656990875e+01	1
42	45	43	44	1.85174513333333e+01	3.51864348140170e+00	6.51563094262066e+01	1
43	46	44	45	1.83520666666667e+01	3.51864348445011e+00	6.45743798028607e+01	1
44	47	45	46	1.84322386666667e+01	3.51864348838198e+00	6.48564765607692e+01	1
45	48	46	47	1.83597246666667e+01	3.51864349328616e+00	6.46013257368922e+01	1
46	49	47	48	1.94490066666667e+01	3.51864349927169e+00	6.84341208749584e+01	1
47	50	48	49	1.87946653333333e+01	3.51864350647120e+00	6.61317271314327e+01	1
48	51	49	50	1.91253986666667e+01	3.51864351504532e+00	6.72954599911230e+01	1
49	52	50	51	1.82153153333333e+01	3.51864352518827e+00	6.40932013568959e+01	1
50	53	51	52	1.83380486666667e+01	3.51864353713510e+00	6.45250564246357e+01	1
51	54	52	53	1.78480706666667e+01	3.51864355117106e+00	6.28009987521120e+01	1
52	55	53	54	1.87994953333333e+01	3.51864356764382e+00	6.61487233295834e+01	1
53	56	54	55	1.83288573333333e+01	3.51864358697978e+00	6.44927163126007e+01	1
54	57	55	56	1.92898473333333e+01	3.51864360970581e+00	6.78740980516339e+01	1
55	58	56	57	1.84676553333333e+01	3.51864363647903e+00	6.49810979193213e+01	1
56	59	57	58	1.88260620000000e+01	3.51864366812808e+00	6.62422038520866e+01	1
57	60	58	59	1.87912960000000e+01	3.51864370571159e+00	6.61198753925634e+01	1
58	61	59	60	1.91148920000000e+01	3.51864375060270e+00	6.72584952792455e+01	1
59	62	60	61	1.93839880000000e+01	3.51864380461437e+00	6.82053492849193e+01	1
60	63	61	62	1.92021766666667e+01	3.51864387019008e+00	6.75656212224737e+01	1
61	64	62	63	2.07850013333333e+01	3.51864395070265e+00	7.31350192068799e+01	1
62	65	63	64	1.94964800000000e+01	3.51864405093773e+00	6.86011733662264e+01	1
63	66	64	65	2.01275753333333e+01	3.51864417790429e+00	7.08217757619634e+01	1
64	67	65	66	2.00218093333333e+01	3.51864434224763e+00	7.04496261322940e+01	1
65	68	66	67	1.90088780000000e+01	3.51864456082211e+00	6.68854851820311e+01	1
66	69	67	68	1.95012733333333e+01	3.51864486161143e+00	6.86180552092134e+01	1
67	70	68	69	2.05110753333333e+01	3.51864529367896e+00	7.21711986899280e+01	1
68	71	69	70	2.03973260000000e+01	3.51864594864172e+00	7.17709684930244e+01	1
69	72	70	71	2.12200193333333e+01	3.51864701074406e+00	7.46657575951645e+01	1
70	73	71	72	2.16579993333333e+01	3.51864888535550e+00	7.62068952132636e+01	1
71	74	72	73	2.08331053333333e+01	3.51865257273016e+00	7.33044596790918e+01	1
72	75	73	74	1.99206660000000e+01	3.51866096442191e+00	7.00940698394867e+01	1
73	76	74	75	2.01746413333333e+01	3.51868466852032e+00	7.09882011524963e+01	1
74	77	75	76	1.98866733333333e+01	3.51878006072137e+00	6.99768295994126e+01	1
75	78	76	77	2.07157793333333e+01	3.51952699133364e+00	7.29097445101783e+01	1
1	7	3	5	3.61148666666667e-01	6.72481177962168e+00	2.42865680779466e+00	1
2	8	4	6	3.40259333333333e-01	6.72346860237850e+00	2.28772294433291e+00	1
3	9	5	7	3.53186666666667e-01	6.72316986559636e+00	2.37453395426376e+00	1
4	10	6	8	3.73584666666667e-01	6.72306828289372e+00	2.51163522344209e+00	1
5	11	7	9	4.49261333333333e-01	6.72302441118912e+00	3.02039491100337e+00	1
6	12	8	10	4.57258666666667e-01	6.72300235447632e+00	3.07415109260470e+00	1
7	13	9	11	6.46436000000000e-01	6.72298998974733e+00	4.34598275701231e+00	1
8	14	10	12	6.95188000000000e-01	6.72298245067014e+00	4.67373672391648e+00	1
9	15	11	13	6.53138000000000e-01	6.72297753497997e+00	4.39103210124175e+00	1
10	16	12	14	6.59572000000000e-01	6.72297415102810e+00	4.43428550674191e+00	1
11	17	13	15	7.66332666666667e-01	6.72297171644730e+00	5.15203284338963e+00	1
12	18	14	16	7.41462666666667e-01	6.72296990085771e+00	4.98483119060970e+00	1
13	19	15	17	3.39724000000000e-01	6.72296850669656e+00	2.28395375296898e+00	1
14	20	16	18	5.58706666666667e-01	6.72296741028917e+00	3.75616671191129e+00	1
15	21	17	19	3.20580666666667e-01	6.72296653104388e+00	2.15525309249973e+00	1
16	22	18	20	5.84647333333333e-01	6.72296581455429e+00	3.93056403557032e+00	1
17	23	19	21	6.85556000000000e-01	6.72296522292898e+00	4.60896914637030e+00	1
18	24	20	22	9.02748666666667e-01	6.72296472904450e+00	6.06914744519195e+00	1
19	25	21	23	1.28287200000000e+00	6.72296431301192e+00	8.62470267416223e+00	1
20	26	22	24	1.34136066666667e+00	6.72296395993674e+00	9.01791941927672e+00	1
21	27	23	25	1.32346266666667e+00	6.72296365845848e+00	8.89759141132655e+00	1
22	28	24	26	1.56346933333333e+00	6.72296339977410e+00	1.05111471046692e+01	1
23	29	25	27	1.97515066666667e+00	6.72296317696965e+00	1.32788652009671e+01	1
24	30	26	28	2.30633933333333e+00	6.72296298455312e+00	1.55054339678189e+01	1
25	31	27	29	3.05130466666667e+00	6.72296281812174e+00	2.05138078207613e+01	1
26	32	28	30	3.44473866666667e+00	6.72296267412088e+00	2.31588494781009e+01	1
27	33	29	31	3.92494266666667e+00	6.72296254966676e+00	2.63872425575892e+01	1
28	34	30	32	4.40470266666667e+00	6.72296244241435e+00	2.96126505980024e+01	1
29	35	31	33	5.15871266666667e+00	6.72296235045792e+00	3.46818310348304e+01	1
30	36	32	34	5.70527133333333e+00	6.72296227225565e+00	3.83563239269817e+01	1
31	37	33	35	6.44294000000000e+00	6.72296220657217e+00	4.33156421192121e+01	1
32	38	34	36	6.79622333333333e+00	6.72296215243493e+00	4.56907522494951e+01	1
33	39	35	37	7.16938333333333e+00	6.72296210910114e+00	4.81994924956213e+01	1
34	40	36	38	7.67883866666667e+00	6.72296207603342e+00	5.16245411439791e+01	1
35	41	37	39	8.13082066666667e+00	6.72296205288241e+00	5.46631988007921e+01	1
36	42	38	40	8.29022800000000e+00	6.72296203947545e+00	5.57348881425965e+01	1
37	43	39	41	8.32624600000000e+00	6.72296203581050e+00	5.59770357588190e+01	1
38	44	40	42	8.43398066666667e+00	6.72296204205505e+00	5.67013318854262e+01	1
39	45	41	43	8.43903266666667e+00	6.72296205854988e+00	5.67352964288630e+01	1
40	46	42	44	8.33834933333333e+00	6.72296208581753e+00	5.60584064263019e+01	1
41	47	43	45	8.40262400000000e+00	6.72296212457632e+00	5.64905228990559e+01	1
42	48	44	46	8.40562000000000e+00	6.72296217576008e+00	5.65106653238125e+01	1
43	49	45	47	8.27223600000000e+00	6.72296224054486e+00	5.56139302728759e+01	1
44	50	46	48	8.51907533333333e+00	6.72296232038374e+00	5.72734224705105e+01	1
45	51	47	49	8.78414666666667e+00	6.72296241705184e+00	5.90554879058712e+01	1
46	52	48	50	8.79156066666667e+00	6.72296253270392e+00	5.91053329659935e+01	1
47	53	49	51	8.78308866666667e+00	6.72296266994836e+00	5.90483772328465e+01	1
48	54	50	52	8.86762666666667e+00	6.72296283194193e+00	5.96167244875371e+01	1
49	55	51	53	9.01207866666667e+00	6.72296302251282e+00	6.05878716319766e+01	1
50	56	52	54	9.01844666666667e+00	6.72296324632085e+00	6.06306854789048e+01	1
51	57	53	55	9.28265933333333e+00	6.72296350906930e+00	6.24069799651216e+01	1
52	58	54	56	9.39673600000000e+00	6.72296381778795e+00	6.31739161333055e+01	1
53	59	55	57	9.42454800000000e+00	6.72296418121755e+00	6.33608986281655e+01	1
54	60	56	58	9.33013466666667e+00	6.72296461034070e+00	6.27261651737129e+01	1
55	61	57	59	9.55513466666667e+00	6.72296511912949e+00	6.42388370725850e+01	1
56	62	58	60	9.79999133333333e+00	6.72296572562097e+00	6.58850058453826e+01	1
57	63	59	61	9.82539666666667e+00	6.72296645350147e+00	6.60558121823452e+01	1
58	64	60	62	9.76135400000000e+00	6.72296733450294e+00	6.56252640825196e+01	1
59	65	61	63	1.02625486666667e+01	6.72296841213404e+00	6.89947905139884e+01	1
60	66	62	64	1.01047520000000e+01	6.72296974767911e+00	6.79339420037999e+01	1
61	67	63	65	1.01597246666667e+01	6.72297143019053e+00	6.83035386726020e+01	1
62	68	64	66	1.05761366666667e+01	6.72297359380130e+00	7.11030875344337e+01	1
63	69	65	67	1.05357706666667e+01	6.72297644906683e+00	7.08317380647692e+01	1
64	70	66	68	1.03366820000000e+01	6.72298034259327e+00	6.94933098936377e+01	1
65	71	67	69	1.11232113333333e+01	6.72298587712673e+00	7.47811927022960e+01	1
66	72	68	70	1.12308000000000e+01	6.72299417007175e+00	7.55046029252418e+01	1
67	73	69	71	1.11521726666667e+01	6.72300745651220e+00	7.49761399943115e+01	1
68	74	70	72	1.19261860000000e+01	6.72303064521695e+00	8.01801139585574e+01	1
69	75	71	73	1.21330606666667e+01	6.72307591633418e+00	8.15714879594882e+01	1
70	76	72	74	1.14322566666667e+01	6.72317925526908e+00	7.68611108622449e+01	1
71	77	73	75	1.12532100000000e+01	6.72348033668176e+00	7.56607361595506e+01	1
72	78	74	76	1.15066853333333e+01	6.72482783917173e+00	7.73804778661890e+01	1
1	10	4	7	2.40981333333333e-01	9.89249460595888e+00	2.38390654013678e+00	1
2	11	5	8	2.52022000000000e-01	9.89092830278381e+00	2.49273153272418e+00	1
3	12	6	9	2.54269333333333e-01	9.89044809012893e+00	2.51483764224502e+00	1
4	13	7	10	2.52382000000000e-01	9.89024956858892e+00	2.49612096661961e+00	1
5	14	8	11	2.65392666666667e-01	9.89015157239673e+00	2.62477369953589e+00	1
6	15	9	12	2.72672000000000e-01	9.89009701162262e+00	2.69675253235316e+00	1
7	16	10	13	3.00277333333333e-01	9.89006378136542e+00	2.96976197876499e+00	1
8	17	11	14	3.20376666666667e-01	9.89004207312767e+00	3.16853871258173e+00	1
9	18	12	15	3.13262666666667e-01	9.89002707825651e+00	3.09817625594018e+00	1
10	19	13	16	2.20441333333333e-01	9.89001624659040e+00	2.18016836808672e+00	1
11	20	14	17	1.07370000000000e-01	9.89000813522284e+00	1.06189017347888e+00	1
12	21	15	18	3.10994666666667e-01	9.89000188170240e+00	3.07573783853274e+00	1
13	22	16	19	2.14876666666667e-01	9.88999694557645e+00	2.12512957700898e+00	1
14	23	17	20	3.58385333333333e-01	9.88999297395314e+00	3.54442842863452e+00	1
15	24	18	21	4.24832000000000e-01	9.88998972797059e+00	4.20158411611320e+00	1
16	25	19	22	3.82608666666667e-01	9.88998704077488e+00	3.78399475502149e+00	1
17	26	20	23	5.46039333333333e-01	9.88998479255279e+00	5.40032070280233e+00	1
18	27	21	24	5.78469333333333e-01	9.88998289517274e+00	5.72105181204864e+00	1
19	28	22	25	6.57460666666667e-01	9.88998128243549e+00	6.50227368727089e+00	1
20	29	23	26	6.49079333333333e-01	9.88997990370792e+00	6.41938156257880e+00	1
21	30	24	27	7.44971333333333e-01	9.88997871965744e+00	7.36775063342150e+00	1
22	31	25	28	8.74720000000000e-01	9.88997769932635e+00	8.65096129315474e+00	1
23	32	26	29	1.21358200000000e+00	9.88997681808275e+00	1.20022978468425e+01	1
24	33	27	30	1.41169266666667e+00	9.88997605615761e+00	1.39616066719866e+01	1
25	34	28	31	1.60413933333333e+00	9.88997539758269e+00	1.58648985409614e+01	1
26	35	29	32	1.72202200000000e+00	9.88997482940816e+00	1.70307542356871e+01	1
27	36	30	33	1.83971066666667e+00	9.88997434111902e+00	1.81946912884163e+01	1
28	37	31	34	2.05413400000000e+00	9.88997392419550e+00	2.03153316968034e+01	1
29	38	32	35	2.47858266666667e+00	9.88997357178002e+00	2.45131170688054e+01	1
30	39	33	36	2.91602066666667e+00	9.88997327842417e+00	2.88393664726660e+01	1
31	40	34	37	3.12831466666667e+00	9.88997303989705e+00	3.09389477136479e+01	1
32	41	35	38	3.44018000000000e+00	9.88997285304216e+00	3.40232868095786e+01	1
33	42	36	39	3.69523133333333e+00	9.88997271567328e+00	3.65457370647677e+01	1
34	43	37	40	3.86456466666667e+00	9.88997262650293e+00	3.82204387666838e+01	1
35	44	38	41	4.05703733333333e+00	9.88997258509893e+00	4.01239880033895e+01	1
36	45	39	42	4.22173933333333e+00	9.88997259186669e+00	4.17528862966722e+01	1
37	46	40	43	4.34357266666667e+00	9.88997264805530e+00	4.29578148681739e+01	1
38	47	41	44	4.55302400000000e+00	9.88997275578809e+00	4.50292833164493e+01	1
39	48	42	45	4.71762266666667e+00	9.88997291811832e+00	4.66571604112345e+01	1
40	49	43	46	4.78524666666667e+00	9.88997313911268e+00	4.73259609973618e+01	1
41	50	44	47	4.93653733333333e+00	9.88997342396655e+00	4.88222230330854e+01	1
42	51	45	48	5.08709066666667e+00	9.88997377915696e+00	5.03111933055274e+01	1
43	52	46	49	5.20820466666667e+00	9.88997421264115e+00	5.15090098474906e+01	1
44	53	47	50	5.42150333333333e+00	9.88997473411218e+00	5.36185309875716e+01	1
45	54	48	51	5.47248000000000e+00	9.88997535532708e+00	5.41226923325204e+01	1
46	55	49	52	5.56777133333333e+00	9.88997609052890e+00	5.50651253641989e+01	1
47	56	50	53	5.51947466666667e+00	9.88997695699237e+00	5.45874772680365e+01	1
48	57	51	54	5.79223733333333e+00	9.88997797573558e+00	5.72850996569000e+01	1
49	58	52	55	5.94271000000000e+00	9.88997917245757e+00	5.87732781279553e+01	1
50	59	53	56	6.19777000000000e+00	9.88998057878990e+00	6.12958249318067e+01	1
51	60	54	57	6.18618466666667e+00	9.88998223399194e+00	6.11812564495267e+01	1
52	61	55	58	6.26246400000000e+00	9.88998418728680e+00	6.19356699334528e+01	1
53	62	56	59	6.27325133333333e+00	9.88998650114234e+00	6.20423710049398e+01	1
54	63	57	60	6.46778200000000e+00	9.88998925597962e+00	6.39662944900183e+01	1
55	64	58	61	6.50211533333333e+00	9.88999255709366e+00	6.43058722520312e+01	1
56	65	59	62	6.62491733333333e+00	9.88999654510040e+00	6.55204095382424e+01	1
57	66	60	63	6.78993466666667e+00	9.89000141217843e+00	6.71524634419326e+01	1
58	67	61	64	6.86739066666667e+00	9.89000742815808e+00	6.79185447053968e+01	1
59	68	62	65	7.17241466666667e+00	9.89001498397781e+00	7.09352885246356e+01	1
60	69	63	66	7.17292733333333e+00	9.89002466705840e+00	7.09404282616841e+01	1
61	70	64	67	7.22944933333333e+00	9.89003739812451e+00	7.14995242745130e+01	1
62	71	65	68	7.33638200000000e+00	9.89005469276347e+00	7.25572192270055e+01	1
63	72	66	69	7.46640866666667e+00	9.89007919230014e+00	7.38433729954094e+01	1
64	73	67	70	7.55546933333333e+00	9.89011582047175e+00	7.47244667846892e+01	1
65	74	68	71	7.98577066666667e+00	9.89017453233431e+00	7.89806656685290e+01	1
66	75	69	72	8.28590666666667e+00	9.89027762264439e+00	8.19499172886533e+01	1
67	76	70	73	8.43096666666667e+00	9.89048244044807e+00	8.33863277726697e+01	1
68	77	71	74	8.28852533333333e+00	9.89097058584307e+00	8.19815602720151e+01	1
69	78	72	75	8.06287800000000e+00	9.89254784252543e+00	7.97624063634457e+01	1
1	13	5	9	1.76315333333333e-01	1.30279155409885e+01	2.29702127124791e+00	1
2	14	6	10	1.63539333333333e-01	1.30262840779050e+01	2.13030981391119e+00	1
3	15	7	11	1.62997333333333e-01	1.30256634117853e+01	2.12314840101857e+00	1
4	16	8	12	1.72134666666667e-01	1.30253691990974e+01	2.24211758529690e+00	1
5	17	9	13	1.96741333333333e-01	1.30252088452011e+01	2.56259695514998e+00	1
6	18	10	14	1.85008666666667e-01	1.30251122966675e+01	2.40975865919007e+00	1
7	19	11	15	2.27398000000000e-01	1.30250495951243e+01	2.96187022783209e+00	1
8	20	12	16	2.15923200000000e-01	1.30250063950755e+01	2.81240106084517e+00	1
9	21	13	17	7.60738000000000e-02	1.30249752072835e+01	9.90859358923847e-01	1
10	22	14	18	1.93634200000000e-01	1.30249518390250e+01	2.52207612938814e+00	1
11	23	15	19	1.73286600000000e-01	1.30249338019530e+01	2.25704649376551e+00	1
12	24	16	20	2.83498000000000e-01	1.30249195438682e+01	3.69253864084756e+00	1
13	25	17	21	2.38017400000000e-01	1.30249080540299e+01	3.10015475025926e+00	1
14	26	18	22	2.49389600000000e-01	1.30248986492675e+01	3.24827426418135e+00	1
15	27	19	23	3.01954200000000e-01	1.30248908525866e+01	3.93292049748010e+00	1
16	28	20	24	3.87688800000000e-01	1.30248843214101e+01	5.04960177270630e+00	1
17	29	21	25	3.95734000000000e-01	1.30248788035967e+01	5.15438738846254e+00	1
18	30	22	26	4.32790600000000e-01	1.30248741095959e+01	5.63704308081649e+00	1
19	31	23	27	4.16325200000000e-01	1.30248700942964e+01	5.42258164698195e+00	1
20	32	24	28	4.35748400000000e-01	1.30248666448762e+01	5.67556480071819e+00	1
21	33	25	29	5.45364200000000e-01	1.30248636724754e+01	7.10329435684859e+00	1
22	34	26	30	6.28073000000000e-01	1.30248611063628e+01	8.18056358965658e+00	1
23	35	27	31	7.60926800000000e-01	1.30248588897732e+01	9.91096419544665e+00	1
24	36	28	32	8.87984800000000e-01	1.30248569768843e+01	1.15658750176472e+01	1
25	37	29	33	9.77631600000000e-01	1.30248553305899e+01	1.27335101566131e+01	1
26	38	30	34	1.06592000000000e+00	1.30248539208403e+01	1.38834522913020e+01	1
27	39	31	35	1.14957860000000e+00	1.30248527233932e+01	1.49730919589645e+01	1
28	40	32	36	1.29615960000000e+00	1.30248517188701e+01	1.68822865939900e+01	1
29	41	33	37	1.57242820000000e+00	1.30248508920423e+01	2.04806428434424e+01	1
30	42	34	38	1.75528680000000e+00	1.30248502312941e+01	2.28623476829675e+01	1
31	43	35	39	1.97340480000000e+00	1.30248497282277e+01	2.57033009729633e+01	1
32	44	36	40	2.15995940000000e+00	1.30248493773825e+01	2.81331458462615e+01	1
33	45	37	41	2.28199540000000e+00	1.30248491760512e+01	2.97226459054427e+01	1
34	46	38	42	2.43643240000000e+00	1.30248491241821e+01	3.17341644112689e+01	1
35	47	39	43	2.55123380000000e+00	1.30248492243597e+01	3.32294355810904e+01	1
36	48	40	44	2.67524640000000e+00	1.30248494818629e+01	3.48446816868955e+01	1
37	49	41	45	2.86622000000000e+00	1.30248499048002e+01	3.73320852941365e+01	1
38	50	42	46	3.00760060000000e+00	1.30248505043314e+01	3.91735481917374e+01	1
39	51	43	47	3.20111620000000e+00	1.30248512949820e+01	4.16940624829580e+01	1
40	52	44	48	3.43411060000000e+00	1.30248522950701e+01	4.47287833299346e+01	1
41	53	45	49	3.58384020000000e+00	1.30248535272654e+01	4.66789936701256e+01	1
42	54	46	50	3.75330680000000e+00	1.30248550193140e+01	4.88862769130053e+01	1
43	55	47	51	3.83287040000000e+00	1.30248568049716e+01	4.99225881120142e+01	1
44	56	48	52	3.87849300000000e+00	1.30248589252063e+01	5.05168241674001e+01	1
45	57	49	53	3.96294480000000e+00	1.30248614297551e+01	5.16168068737687e+01	1
46	58	50	54	4.05920760000000e+00	1.30248643791543e+01	5.28706284768325e+01	1
47	59	51	55	4.22386840000000e+00	1.30248678474139e+01	5.50153277148677e+01	1
48	60	52	56	4.36963420000000e+00	1.30248719255867e+01	5.69139258166635e+01	1
49	61	53	57	4.52809620000000e+00	1.30248767266003e+01	5.89778948111873e+01	1
50	62	54	58	4.65665520000000e+00	1.30248823919136e+01	6.06523863196928e+01	1
51	63	55	59	4.66844720000000e+00	1.30248891008650e+01	6.08060070532438e+01	1
52	64	56	60	4.71716720000000e+00	1.30248970840922e+01	6.14406173084556e+01	1
53	65	57	61	4.80808760000000e+00	1.30249066432723e+01	6.26248921226754e+01	1
54	66	58	62	4.86770500000000e+00	1.30249181809645e+01	6.34014593540718e+01	1
55	67	59	63	5.17878160000000e+00	1.30249322471154e+01	6.74532794626080e+01	1
56	68	60	64	5.26822740000000e+00	1.30249496140253e+01	6.86183964402277e+01	1
57	69	61	65	5.39624620000000e+00	1.30249714018383e+01	7.02859524322786e+01	1
58	70	62	66	5.57927480000000e+00	1.30249992976921e+01	7.26700503516311e+01	1
59	71	63	67	5.49027220000000e+00	1.30250359572074e+01	7.15109928198563e+01	1
60	72	64	68	5.51368160000000e+00	1.30250857815685e+01	7.18161758122557e+01	1
61	73	65	69	5.60414660000000e+00	1.30251565213015e+01	7.29948866333199e+01	1
62	74	66	70	5.66241200000000e+00	1.30252628516445e+01	7.37544046743062e+01	1
63	75	67	71	6.04675520000000e+00	1.30254351513137e+01	7.87616177334690e+01	1
64	76	68	72	6.40640000000000e+00	1.30257440218713e+01	8.34481265017163e+01	1
65	77	69	73	6.41640620000000e+00	1.30263828314618e+01	8.35825635633647e+01	1
66	78	70	74	6.40104360000000e+00	1.30280374249202e+01	8.33930355793462e+01	1
1	16	6	11	1.27126200000000e-01	1.61403428183857e+01	2.05186044919867e+00	1
2	17	7	12	1.38244800000000e-01	1.61387010945413e+01	2.23109150507465e+00	1
3	18	8	13	1.46704800000000e-01	1.61379719928614e+01	2.36751795361834e+00	1
4	19	9	14	1.56787600000000e-01	1.61375885589380e+01	2.53017377994335e+00	1
5	20	10	15	1.61160000000000e-01	1.61373625297593e+01	2.60069734529601e+00	1
6	21	11	16	1.66891800000000e-01	1.61372176230582e+01	2.69316929610391e+00	1
7	22	12	17	1.62582600000000e-01	1.61371185644106e+01	2.62361469271014e+00	1
8	23	13	18	1.65385000000000e-01	1.61370473787858e+01	2.66882558074048e+00	1
9	24	14	19	1.52438400000000e-01	1.61369941768726e+01	2.45989757313177e+00	1
10	25	15	20	1.44341600000000e-01	1.61369531636324e+01	2.32923363876376e+00	1
11	26	16	21	1.59036400000000e-01	1.61369207577125e+01	2.56635778439186e+00	1
12	27	17	22	1.60123200000000e-01	1.61368946428092e+01	2.58389120826947e+00	1
13	28	18	23	2.08901400000000e-01	1.61368732609100e+01	3.37101541582666e+00	1
14	29	19	24	2.52579200000000e-01	1.61368555279216e+01	4.07583405975802e+00	1
15	30	20	25	2.79564400000000e-01	1.61368406670819e+01	4.51128617898834e+00	1
16	31	21	26	2.87217000000000e-01	1.61368281075869e+01	4.63477135857680e+00	1
17	32	22	27	2.92430400000000e-01	1.61368174207767e+01	4.71889597308470e+00	1
18	33	23	28	2.99615000000000e-01	1.61368082787224e+01	4.83482981242941e+00	1
19	34	24	29	3.39575400000000e-01	1.61368004266069e+01	5.47966045958520e+00	1
20	35	25	30	3.82239600000000e-01	1.61367936638454e+01	6.16812155535081e+00	1
21	36	26	31	4.33254000000000e-01	1.61367878308940e+01	6.99132787488617e+00	1
22	37	27	32	4.92361000000000e-01	1.61367827998496e+01	7.94512251611674e+00	1
23	38	28	33	5.68598600000000e-01	1.61367784676369e+01	9.17534964520850e+00	1
24	39	29	34	6.75436000000000e-01	1.61367747509991e+01	1.08993585907158e+01	1
25	40	30	35	7.46677200000000e-01	1.61367715827700e+01	1.20489594224622e+01	1
26	41	31	36	8.27483400000000e-01	1.61367689090788e+01	1.33529084018988e+01	1
27	42	32	37	9.15753800000000e-01	1.61367666872450e+01	1.47773054135580e+01	1
28	43	33	38	1.04191220000000e+00	1.61367648841965e+01	1.68130922013759e+01	1
29	44	34	39	1.22473200000000e+00	1.61367634752936e+01	1.97632106046233e+01	1
30	45	35	40	1.37822840000000e+00	1.61367624434779e+01	2.22401442836547e+01	1
31	46	36	41	1.52589900000000e+00	1.61367617786880e+01	2.46230686613383e+01	1
32	47	37	42	1.65054680000000e+00	1.61367614775052e+01	2.66344800190595e+01	1
33	48	38	43	1.74104900000000e+00	1.61367615430044e+01	2.80948925476862e+01	1
34	49	39	44	1.81686020000000e+00	1.61367619848003e+01	2.93182406070567e+01	1
35	50	40	45	1.93060500000000e+00	1.61367628192872e+01	3.11537149827299e+01	1
36	51	41	46	2.07047600000000e+00	1.61367640700816e+01	3.34107827247662e+01	1
37	52	42	47	2.20269680000000e+00	1.61367657686902e+01	3.55444023210434e+01	1
38	53	43	48	2.40552300000000e+00	1.61367679554349e+01	3.88173664624616e+01	1
39	54	44	49	2.60650140000000e+00	1.61367706806855e+01	4.20605153706858e+01	1
40	55	45	50	2.75929860000000e+00	1.61367740064699e+01	4.45261779245688e+01	1
41	56	46	51	2.84521040000000e+00	1.61367780085587e+01	4.59125286124424e+01	1
42	57	47	52	2.96601800000000e+00	1.61367827791611e+01	4.78619881850819e+01	1
43	58	48	53	3.00414780000000e+00	1.61367884304220e+01	4.84772974623176e+01	1
44	59	49	54	3.10513600000000e+00	1.61367950989889e+01	5.01069433864940e+01	1
45	60	50	55	3.18196880000000e+00	1.61368029520376e+01	5.13468035251316e+01	1
46	61	51	56	3.33096600000000e+00	1.61368121953194e+01	5.37511727709942e+01	1
47	62	52	57	3.43684020000000e+00	1.61368230840717e+01	5.54596822756256e+01	1
48	63	53	58	3.54454160000000e+00	1.61368359380698e+01	5.71976862748633e+01	1
49	64	54	59	3.65861320000000e+00	1.61368511628066e+01	5.90384966706797e+01	1
50	65	55	60	3.76128600000000e+00	1.61368692799750e+01	6.06953805065999e+01	1
51	66	56	61	3.78424800000000e+00	1.61368909724577e+01	6.10659973887409e+01	1
52	67	57	62	3.91182180000000e+00	1.61369171526394e+01	6.31247443024888e+01	1
53	68	58	63	4.11575620000000e+00	1.61369490694597e+01	6.64157481817130e+01	1
54	69	59	64	4.19268840000000e+00	1.61369884822159e+01	6.76573644203203e+01	1
55	70	60	65	4.32666120000000e+00	1.61370379541475e+01	6.98194959991376e+01	1
56	71	61	66	4.44554060000000e+00	1.61371013710277e+01	7.17381393112192e+01	1
57	72	62	67	4.40766280000000e+00	1.61371849050968e+01	7.11272696029169e+01	1
58	73	63	68	4.35434080000000e+00	1.61372989155829e+01	7.02672990699186e+01	1
59	74	64	69	4.52563160000000e+00	1.61374619664568e+01	7.30322078191948e+01	1
60	75	65	70	4.60424000000000e+00	1.61377100758235e+01	7.43018902395095e+01	1
61	76	66	71	4.72596060000000e+00	1.61381204770222e+01	7.62681215324602e+01	1
62	77	67	72	4.99619980000000e+00	1.61388826915827e+01	8.06330824759090e+01	1
63	78	68	73	5.15232420000000e+00	1.61405655780901e+01	8.31614266296805e+01	1
1	19	7	13	1.22671400000000e-01	1.92496487596680e+01	2.36138136285673e+00	1
2	20	8	14	1.32161400000000e-01	1.92480106589815e+01	2.54384403590592e+00	1
3	21	9	15	1.36921000000000e-01	1.92471929989271e+01	2.63534491260609e+00	1
4	22	10	16	1.41423200000000e-01	1.92467258598187e+01	2.72193356061832e+00	1
5	23	11	17	8.13312000000000e-02	1.92464322757126e+01	1.56533543270244e+00	1
6	24	12	18	1.38855400000000e-01	1.92462341537454e+01	2.67244354191199e+00	1
7	25	13	19	1.89897400000000e-01	1.92460929689834e+01	3.65478301496823e+00	1
8	26	14	20	1.06854800000000e-01	1.92459880225137e+01	2.05652620094809e+00	1
9	27	15	21	1.09305400000000e-01	1.92459073990424e+01	2.10368160661529e+00	1
10	28	16	22	1.13087400000000e-01	1.92458438340239e+01	2.17646243999579e+00	1
12	30	18	24	1.77888500000000e-01	1.92457508262642e+01	3.42359774585790e+00	1
13	31	19	25	1.97812200000000e-01	1.92457161343550e+01	3.80703744911225e+00	1
14	32	20	26	2.33405600000000e-01	1.92456870710560e+01	4.49205113823207e+00	1
15	33	21	27	1.88951700000000e-01	1.92456625155052e+01	3.63650064993098e+00	1
16	34	22	28	2.29750300000000e-01	1.92456416282407e+01	4.42169193778079e+00	1
17	35	23	29	2.57962100000000e-01	1.92456237684519e+01	4.96464152311975e+00	1
18	36	24	30	2.84947200000000e-01	1.92456084391043e+01	5.48398223701913e+00	1
19	37	25	31	3.06400000000000e-01	1.92455952496091e+01	5.89685038448022e+00	1
20	38	26	32	3.71257100000000e-01	1.92455838898429e+01	7.14505966274981e+00	1
21	39	27	33	3.70530800000000e-01	1.92455741117008e+01	7.13107797206779e+00	1
22	40	28	34	4.34748500000000e-01	1.92455657157679e+01	8.36698082658152e+00	1
23	41	29	35	5.15131100000000e-01	1.92455585415496e+01	9.91398574162284e+00	1
24	42	30	36	5.75477700000000e-01	1.92455524602284e+01	1.10753862650416e+01	1
25	43	31	37	6.63536800000000e-01	1.92455473692539e+01	1.27701289156431e+01	1
26	44	32	38	7.52248200000000e-01	1.92455431882934e+01	1.44774252214160e+01	1
27	45	33	39	8.51036300000000e-01	1.92455398562151e+01	1.63786530307358e+01	1
28	46	34	40	9.67085100000000e-01	1.92455373288770e+01	1.86120723922508e+01	1
29	47	35	41	1.04711790000000e+00	1.92455355775648e+01	2.01523447983549e+01	1
30	48	36	42	1.19564480000000e+00	1.92455345879700e+01	2.30108233533265e+01	1
31	49	37	43	1.30116330000000e+00	1.92455343596411e+01	2.50415829976540e+01	1
32	50	38	44	1.38652250000000e+00	1.92455349058661e+01	2.66843671715187e+01	1
33	51	39	45	1.47977530000000e+00	1.92455362539743e+01	2.84790691838857e+01	1
34	52	40	46	1.56117340000000e+00	1.92455384460657e+01	3.00456226906752e+01	1
35	53	41	47	1.66885130000000e+00	1.92455415402026e+01	3.21179470185711e+01	1
36	54	42	48	1.80979600000000e+00	1.92455456121220e+01	3.48305114666360e+01	1
37	55	43	49	1.94194400000000e+00	1.92455507575639e+01	3.73737818203466e+01	1
38	56	44	50	2.07044333333333e+00	1.92455570953455e+01	3.98468353843440e+01	1
39	57	45	51	2.19247800000000e+00	1.92455647713736e+01	4.21954773588116e+01	1
40	58	46	52	2.30982066666667e+00	1.92455739638560e+01	4.44538244835764e+01	1
41	59	47	53	2.39539400000000e+00	1.92455848900865e+01	4.61007585722038e+01	1
42	60	48	54	2.48850933333333e+00	1.92455978153314e+01	4.78928497890317e+01	1
43	61	49	55	2.57106666666667e+00	1.92456130645804e+01	4.94817542299071e+01	1
44	62	50	56	2.75215866666667e+00	1.92456310382809e+01	5.29670302574737e+01	1
45	63	51	57	2.68473066666667e+00	1.92456522337262e+01	5.16693927518866e+01	1
46	64	52	58	2.81716800000000e+00	1.92456772746531e+01	5.42183061564800e+01	1
47	65	53	59	2.91401333333333e+00	1.92457069530456e+01	5.60822466706008e+01	1
48	66	54	60	3.01931266666667e+00	1.92457422895713e+01	5.81089134743051e+01	1
49	67	55	61	3.14275733333333e+00	1.92457846232839e+01	6.04848307605795e+01	1
50	68	56	62	3.24288066666667e+00	1.92458357487547e+01	6.24119486634789e+01	1
51	69	57	63	3.39446333333333e+00	1.92458981327821e+01	6.53294955287972e+01	1
52	70	58	64	3.46697733333333e+00	1.92459752698409e+01	6.67253600184323e+01	1
53	71	59	65	3.55706866666667e+00	1.92460722900572e+01	6.84596006993640e+01	1
54	72	60	66	3.55701533333333e+00	1.92461970497670e+01	6.84590180143758e+01	1
55	73	61	67	3.63631266666667e+00	1.92463621975028e+01	6.99857906460338e+01	1
56	74	62	68	3.68484133333333e+00	1.92465893457534e+01	7.09206279469252e+01	1
57	75	63	69	3.75609666666667e+00	1.92469181650390e+01	7.22932851633091e+01	1
58	76	64	70	3.83007733333333e+00	1.92474281974718e+01	7.37191384640975e+01	1
59	77	65	71	3.91269266666667e+00	1.92482982752356e+01	7.53126755073271e+01	1
60	78	66	72	4.05497933333333e+00	1.92500008635286e+01	7.80583556682575e+01	1
1	22	8	15	1.07762000000000e-01	2.23688135860828e+01	2.41050808966346e+00	1
2	23	9	16	1.20765333333333e-01	2.23671776829245e+01	2.70117966860427e+00	1
3	24	10	17	9.73906666666667e-02	2.23662823146788e+01	2.17826714548145e+00	1
4	25	11	18	1.14772000000000e-01	2.23657348216531e+01	2.56696011695077e+00	1
5	26	12	19	1.07519333333333e-01	2.23653720016902e+01	2.40470988737372e+00	1
6	27	13	20	1.09194000000000e-01	2.23651165884100e+01	2.44213654075484e+00	1
7	28	14	21	9.92560000000000e-02	2.23649282942033e+01	2.21985332276945e+00	1
8	29	15	22	1.07058000000000e-01	2.23647844485394e+01	2.39432909349174e+00	1
9	30	16	23	1.19021333333333e-01	2.23646714702661e+01	2.66187301795303e+00	1
10	31	17	24	1.43959333333333e-01	2.23645807845856e+01	3.21959014002842e+00	1
11	32	18	25	1.04538666666667e-01	2.23645067306567e+01	2.33795571428054e+00	1
12	33	19	26	1.74838666666667e-01	2.23644454263134e+01	3.91016981907608e+00	1
13	34	20	27	1.78334666666667e-01	2.23643941211326e+01	3.98834677079415e+00	1
14	35	21	28	1.93070000000000e-01	2.23643508116657e+01	4.31788521120830e+00	1
15	36	22	29	2.19027333333333e-01	2.23643140037911e+01	4.89839605807968e+00	1
16	37	23	30	2.48499333333333e-01	2.23642825609247e+01	5.55750930686809e+00	1
17	38	24	31	1.81374666666667e-01	2.23642556041266e+01	4.05630940544659e+00	1
18	39	25	32	2.91112000000000e-01	2.23642324445827e+01	6.51049643540734e+00	1
19	40	26	33	3.11557333333333e-01	2.23642125368791e+01	6.96773442008995e+00	1
20	41	27	34	3.48862666666667e-01	2.23641954459874e+01	7.80203286114167e+00	1
21	42	28	35	3.04986000000000e-01	2.23641808235198e+01	6.82076205264200e+00	1
22	43	29	36	4.53080000000000e-01	2.23641683904013e+01	1.01327574143230e+01	1
23	44	30	37	5.30251333333333e-01	2.23641579240845e+01	1.18586245581230e+01	1
24	45	31	38	6.17909333333333e-01	2.23641492490554e+01	1.38190165530510e+01	1
25	46	32	39	7.02543333333333e-01	2.23641422297811e+01	1.57117790292512e+01	1
26	47	33	40	8.72986000000000e-01	2.23641367655153e+01	1.95235782983801e+01	1
27	48	34	41	8.86144666666667e-01	2.23641327865607e+01	1.98178569934359e+01	1
28	49	35	42	9.88022666666667e-01	2.23641302517139e+01	2.20962676089791e+01	1
29	50	36	43	1.05513666666667e+00	2.23641291467105e+01	2.35972126807629e+01	1
30	51	37	44	1.13337200000000e+00	2.23641294835578e+01	2.53468781610389e+01	1
31	52	38	45	1.21551800000000e+00	2.23641313007016e+01	2.71840041503662e+01	1
32	53	39	46	1.29062466666667e+00	2.23641346640186e+01	2.88637038460374e+01	1
33	54	40	47	1.36534466666667e+00	2.23641396686800e+01	3.05347588212206e+01	1
34	55	41	48	1.45250000000000e+00	2.23641464419794e+01	3.24839227069751e+01	1
35	56	42	49	1.53831466666667e+00	2.23641551472803e+01	3.44031078706701e+01	1
36	57	43	50	1.64342266666667e+00	2.23641659893119e+01	3.67537773079309e+01	1
37	58	44	51	1.79964133333333e+00	2.23641792211460e+01	4.02475013124488e+01	1
38	59	45	52	1.83276000000000e+00	2.23641951533197e+01	4.09882023091983e+01	1
39	60	46	53	1.92065533333333e+00	2.23642141657697e+01	4.29539472132944e+01	1
40	61	47	54	2.03311333333333e+00	2.23642367235242e+01	4.54690278724200e+01	1
41	62	48	55	2.13175733333333e+00	2.23642633975299e+01	4.76751825022825e+01	1
42	63	49	56	2.20389266666667e+00	2.23642948926381e+01	4.92885055090560e+01	1
43	64	50	57	2.26505133333333e+00	2.23643320858009e+01	5.06563602100529e+01	1
44	65	51	58	2.33476066666667e+00	2.23643760791648e+01	5.22154656041748e+01	1
45	66	52	59	2.39698866666667e+00	2.23644282754605e+01	5.36072811127584e+01	1
46	67	53	60	2.52373133333333e+00	2.23644904876846e+01	5.64419653978050e+01	1
47	68	54	61	2.53565533333333e+00	2.23645651031215e+01	5.67088287814106e+01	1
48	69	55	62	2.70900066666667e+00	2.23646553363665e+01	6.05858662159870e+01	1
49	70	56	63	2.84809133333333e+00	2.23647656335212e+01	6.36968951728629e+01	1
50	71	57	64	2.91902600000000e+00	2.23649023438141e+01	6.52837314290542e+01	1
51	72	58	65	2.95109266666667e+00	2.23650748864360e+01	6.60014084868121e+01	1
52	73	59	66	2.99883733333333e+00	2.23652978835324e+01	6.70698902642580e+01	1
53	74	60	67	3.01756933333333e+00	2.23655952958611e+01	6.74897344865346e+01	1
54	75	61	68	3.08892733333333e+00	2.23660090195508e+01	6.90869765980705e+01	1
55	76	62	69	3.20574733333333e+00	2.23666183406664e+01	7.17017271012756e+01	1
56	77	63	70	3.23019800000000e+00	2.23675890259918e+01	7.22517413365806e+01	1
57	78	64	71	3.33917800000000e+00	2.23693170837477e+01	7.46951314810746e+01	1
1	25	9	17	9.47346666666667e-02	2.55019477895519e+01	2.41591852319393e+00	1
2	26	10	18	9.63166666666667e-02	2.55003070191917e+01	2.45610457106515e+00	1
3	27	11	19	1.05885800000000e-01	2.54993391359163e+01	2.70001792387780e+00	1
4	28	12	20	1.01645800000000e-01	2.54987129086793e+01	2.59183707257304e+00	1
5	29	13	21	9.78680000000000e-02	2.54982791907757e+01	2.49546558784284e+00	1
6	30	14	22	9.40344000000000e-02	2.54979630154504e+01	2.39768565338007e+00	1
7	31	15	23	1.05923000000000e-01	2.54977233520258e+01	2.70079535061663e+00	1
8	32	16	24	1.23531000000000e-01	2.54975361446412e+01	3.14973613748367e+00	1
9	33	17	25	1.38777000000000e-01	2.54973864610405e+01	3.53845080090382e+00	1
10	34	18	26	1.47532400000000e-01	2.54972645756497e+01	3.76167263628058e+00	1
11	35	19	27	1.51899600000000e-01	2.54971638902814e+01	3.87300899606819e+00	1
12	36	20	28	1.66709400000000e-01	2.54970797705021e+01	4.25060287029255e+00	1
13	37	21	29	1.66503800000000e-01	2.54970088639664e+01	4.24534886448410e+00	1
14	38	22	30	2.15513000000000e-01	2.54969486847534e+01	5.49492390189726e+00	1
15	39	23	31	2.36864800000000e-01	2.54968973507556e+01	6.03931749160725e+00	1
16	40	24	32	2.52346600000000e-01	2.54968534124574e+01	6.43404426933203e+00	1
17	41	25	33	2.70314600000000e-01	2.54968157381351e+01	6.89216154752770e+00	1
18	42	26	34	2.92322600000000e-01	2.54967834349640e+01	7.45328602534561e+00	1
19	43	27	35	3.28583800000000e-01	2.54967557936252e+01	8.37782090634140e+00	1
20	44	28	36	3.79044800000000e-01	2.54967322486964e+01	9.66440377586066e+00	1
21	45	29	37	4.39751800000000e-01	2.54967123499096e+01	1.12122251499550e+01	1
22	46	30	38	5.07642400000000e-01	2.54966957410753e+01	1.29432038180693e+01	1
23	47	31	39	6.25471600000000e-01	2.54966821445445e+01	1.59474505756397e+01	1
24	48	32	40	6.88467400000000e-01	2.54966713497778e+01	1.75536270328360e+01	1
25	49	33	41	7.68242400000000e-01	2.54966632050484e+01	1.95876177326380e+01	1
26	50	34	42	8.43373200000000e-01	2.54966576116131e+01	2.15031977192105e+01	1
27	51	35	43	8.98889800000000e-01	2.54966545199095e+01	2.29186826820706e+01	1
28	52	36	44	9.55631000000000e-01	2.54966539274908e+01	2.43653928893820e+01	1
29	53	37	45	1.03088100000000e+00	2.54966558785370e+01	2.62840181087221e+01	1
30	54	38	46	1.09864200000000e+00	2.54966604648818e+01	2.80117020464587e+01	1
31	55	39	47	1.16021960000000e+00	2.54966678285893e+01	2.95817337494187e+01	1
32	56	40	48	1.22671700000000e+00	2.54966781662082e+01	3.12772085500165e+01	1
33	57	41	49	1.30075220000000e+00	2.54966917349422e+01	3.31648778669478e+01	1
34	58	42	50	1.39682280000000e+00	2.54967088611008e+01	3.56143842621476e+01	1
35	59	43	51	1.43816180000000e+00	2.54967299513728e+01	3.66684230409803e+01	1
36	60	44	52	1.51053240000000e+00	2.54967555076942e+01	3.85136752892505e+01	1
37	61	45	53	1.57796980000000e+00	2.54967861468170e+01	4.02331585367356e+01	1
38	62	46	54	1.67242540000000e+00	2.54968226261767e+01	4.26415337793125e+01	1
39	63	47	55	1.75925060000000e+00	2.54968658783836e+01	4.48553765946659e+01	1
40	64	48	56	1.84970240000000e+00	2.54969170577964e+01	4.71617086744069e+01	1
41	65	49	57	1.91898640000000e+00	2.54969776044119e+01	4.89283532639709e+01	1
42	66	50	58	1.97972640000000e+00	2.54970493331968e+01	5.04771816870322e+01	1
43	67	51	59	2.06295280000000e+00	2.54971345617904e+01	5.25993851362224e+01	1
44	68	52	60	2.14830060000000e+00	2.54972362977686e+01	5.47757280368381e+01	1
45	69	53	61	2.22719600000000e+00	2.54973585213135e+01	5.67876149092354e+01	1
46	70	54	62	2.30287840000000e+00	2.54975066260975e+01	5.87176572630968e+01	1
47	71	55	63	2.43979940000000e+00	2.54976881328384e+01	6.22092442078863e+01	1
48	72	56	64	2.42077960000000e+00	2.54979138934893e+01	6.17248297959155e+01	1
49	73	57	65	2.48937000000000e+00	2.54982002224324e+01	6.34744546877165e+01	1
50	74	58	66	2.56791500000000e+00	2.54985728802843e+01	6.54781677778754e+01	1
51	75	59	67	2.60162280000000e+00	2.54990750121086e+01	6.63389749304120e+01	1
1	28	10	19	5.81310000000000e-02	2.86482312010187e+01	1.66535032794642e+00	1
2	29	11	20	6.16138000000000e-02	2.86465766021768e+01	1.76502444145120e+00	1
3	30	12	21	5.73740000000000e-02	2.86455381267253e+01	1.64350910448274e+00	1
4	31	13	22	5.70104000000000e-02	2.86448337364394e+01	1.63305342924791e+00	1
5	32	14	23	5.88020000000000e-02	2.86443276153205e+01	1.68434375243608e+00	1
6	33	15	24	6.70864000000000e-02	2.86439478438861e+01	1.92161934263408e+00	1
7	34	16	25	8.01808000000000e-02	2.86436533259872e+01	2.29667103860032e+00	1
8	35	17	26	1.33521600000000e-01	2.86434190653317e+01	3.82451514307359e+00	1
9	36	18	27	1.38171800000000e-01	2.86432290441067e+01	3.95768651483650e+00	1
10	37	19	28	1.41163200000000e-01	2.86430725365420e+01	4.04334777709039e+00	1
11	38	20	29	1.57328200000000e-01	2.86429420884121e+01	4.50634252147412e+00	1
12	39	21	30	1.79930600000000e-01	2.86428323539406e+01	5.15372201114394e+00	1
13	40	22	31	2.07067400000000e-01	2.86427393970255e+01	5.93097757581964e+00	1
14	41	23	32	2.26238400000000e-01	2.86426602553342e+01	6.48006962791039e+00	1
15	42	24	33	2.57117000000000e-01	2.86425926591864e+01	7.36449749675203e+00	1
16	43	25	34	2.60382000000000e-01	2.86425348448562e+01	7.45800050797334e+00	1
17	44	26	35	2.87902600000000e-01	2.86424854273360e+01	8.24624602499215e+00	1
18	45	27	36	3.28144000000000e-01	2.86424433116688e+01	9.39884591806423e+00	1
19	46	28	37	3.83671800000000e-01	2.86424076299860e+01	1.09892840917305e+01	1
20	47	29	38	4.45021600000000e-01	2.86423776961365e+01	1.27464767501390e+01	1
21	48	30	39	5.13093000000000e-01	2.86423529726605e+01	1.46961908138013e+01	1
22	49	31	40	5.84232800000000e-01	2.86423330466601e+01	1.67337904343827e+01	1
23	50	32	41	6.54202600000000e-01	2.86423176122599e+01	1.87378786519662e+01	1
24	51	33	42	7.23737200000000e-01	2.86423064581082e+01	2.07295026775332e+01	1
25	52	34	43	7.57357400000000e-01	2.86422994588765e+01	2.16924574481961e+01	1
26	53	35	44	8.47417400000000e-01	2.86422965700754e+01	2.42719804894422e+01	1
27	54	36	45	8.94926200000000e-01	2.86422978257702e+01	2.56327427524847e+01	1
28	55	37	46	9.46946600000000e-01	2.86423033389861e+01	2.71227317630215e+01	1
29	56	38	47	9.98157600000000e-01	2.86423133047761e+01	2.85895427067434e+01	1
30	57	39	48	1.06900700000000e+00	2.86423280060951e+01	3.06188491348117e+01	1
31	58	40	49	1.13091540000000e+00	2.86423478228107e+01	3.23920722449731e+01	1
32	59	41	50	1.19417060000000e+00	2.86423732444009e+01	3.42038800426902e+01	1
33	60	42	51	1.24025900000000e+00	2.86424048871718e+01	3.55240004429589e+01	1
34	61	43	52	1.29835020000000e+00	2.86424435172109e+01	3.71879222690595e+01	1
35	62	44	53	1.35595080000000e+00	2.86424900808375e+01	3.88378073391037e+01	1
36	63	45	54	1.40850980000000e+00	2.86425457451115e+01	4.03433063789378e+01	1
37	64	46	55	1.48474420000000e+00	2.86426119521658e+01	4.25269519688288e+01	1
38	65	47	56	1.53913260000000e+00	2.86426904930041e+01	4.40848986894926e+01	1
39	66	48	57	1.63118820000000e+00	2.86427836093797e+01	4.67217706387736e+01	1
40	67	49	58	1.71569300000000e+00	2.86428941372540e+01	4.91424129710278e+01	1
41	68	50	59	1.78897240000000e+00	2.86430257135469e+01	5.12415824540258e+01	1
42	69	51	60	1.86039420000000e+00	2.86431830821919e+01	5.32876116756480e+01	1
43	70	52	61	1.91832180000000e+00	2.86433725612385e+01	5.49472060097456e+01	1
44	71	53	62	1.97874280000000e+00	2.86436027808808e+01	5.66783227687278e+01	1
45	72	54	63	2.04232360000000e+00	2.86438858962334e+01	5.85000841615846e+01	1
46	73	55	64	2.07201460000000e+00	2.86442396710887e+01	5.93512828043951e+01	1
47	74	56	65	2.13167020000000e+00	2.86446912454397e+01	6.10610347161046e+01	1
48	75	57	66	2.20515560000000e+00	2.86452843616277e+01	6.31673092236358e+01	1
49	76	58	67	2.21640380000000e+00	2.86460942248013e+01	6.34913120950077e+01	1
50	77	59	68	2.30202900000000e+00	2.86472607594578e+01	6.59468250388338e+01	1
51	78	60	69	2.35097400000000e+00	2.86490711965216e+01	6.73532215071712e+01	1
1	31	11	21	8.58314000000000e-02	3.18051402567588e+01	2.72987971543397e+00	1
2	32	12	22	8.66870000000000e-02	3.18034626528389e+01	2.75694676698665e+00	1
3	33	13	23	9.23592000000000e-02	3.18023537983195e+01	2.93723995492975e+00	1
4	34	14	24	1.01768000000000e-01	3.18015713585499e+01	3.23638231401690e+00	1
5	35	15	25	1.13103400000000e-01	3.18009916889444e+01	3.59680028339136e+00	1
6	36	16	26	1.24220800000000e-01	3.18005462223834e+01	3.95028929218144e+00	1
7	37	17	27	1.27340200000000e-01	3.18001942346254e+01	4.04944309387604e+00	1
8	38	18	28	1.30791000000000e-01	3.17999101229269e+01	4.15914204488773e+00	1
9	39	19	29	1.42586000000000e-01	3.17996770059866e+01	4.53418874557561e+00	1
10	40	20	30	1.65762800000000e-01	3.17994832980078e+01	5.27117139003101e+00	1
11	41	21	31	1.80419600000000e-01	3.17993207752860e+01	5.73722073454879e+00	1
12	42	22	32	1.98464200000000e-01	3.17991834340441e+01	6.31099950089081e+00	1
13	43	23	33	2.19062200000000e-01	3.17990667881565e+01	6.96597352856049e+00	1
14	44	24	34	2.38501200000000e-01	3.17989674218731e+01	7.58409188887764e+00	1
15	45	25	35	2.60285600000000e-01	3.17988826959887e+01	8.27679126185504e+00	1
16	46	26	36	2.91053200000000e-01	3.17988105495167e+01	9.25514556663060e+00	1
17	47	27	37	3.38199200000000e-01	3.17987493626745e+01	1.07543115954570e+01	1
18	48	28	38	3.92246200000000e-01	3.17986978603823e+01	1.24729184006831e+01	1
19	49	29	39	4.55789800000000e-01	3.17986550432834e+01	1.44935026224471e+01	1
20	50	30	40	4.96245000000000e-01	3.17986201379747e+01	1.57799062503692e+01	1
21	51	31	41	5.74352600000000e-01	3.17985925610319e+01	1.82636043137693e+01	1
22	52	32	42	6.31624200000000e-01	3.17985718932483e+01	2.00847475332155e+01	1
23	53	33	43	6.83156800000000e-01	3.17985578617057e+01	2.17234010334177e+01	1
24	54	34	44	7.38915000000000e-01	3.17985503281101e+01	2.34964258156955e+01	1
25	55	35	45	7.96953400000000e-01	3.17985492823965e+01	2.53419619656735e+01	1
26	56	36	46	8.48162800000000e-01	3.17985548410361e+01	2.69703513099268e+01	1
27	57	37	47	8.95697000000000e-01	3.17985672498279e+01	2.84818812899691e+01	1
28	58	38	48	9.49261200000000e-01	3.17985868912690e+01	3.01851647507103e+01	1
29	59	39	49	1.00316120000000e+00	3.17986142969188e+01	3.18991360764342e+01	1
30	60	40	50	1.05579640000000e+00	3.17986501655293e+01	3.35729003696252e+01	1
31	61	41	51	1.10205700000000e+00	3.17986953881717e+01	3.50439748434024e+01	1
32	62	42	52	1.17753520000000e+00	3.17987510821969e+01	3.74441487153249e+01	1
33	63	43	53	1.18710720000000e+00	3.17988186367258e+01	3.77486065551514e+01	1
34	64	44	54	1.24256580000000e+00	3.17988997736420e+01	3.95122253363553e+01	1
35	65	45	55	1.29620960000000e+00	3.17989966299747e+01	4.12181647021408e+01	1
36	66	46	56	1.35314420000000e+00	3.17991118705818e+01	4.30287837928289e+01	1
37	67	47	57	1.42426440000000e+00	3.17992488448735e+01	4.52905380764944e+01	1
38	68	48	58	1.49026900000000e+00	3.17994118093333e+01	4.73896776376834e+01	1
39	69	49	59	1.55077160000000e+00	3.17996062512583e+01	4.93139262656339e+01	1
40	70	50	60	1.61683760000000e+00	3.17998393732470e+01	5.14151759726262e+01	1
41	71	51	61	1.67170280000000e+00	3.18001208420602e+01	5.31603510520103e+01	1
42	72	52	62	1.70117720000000e+00	3.18004639894578e+01	5.40982242882866e+01	1
43	73	53	63	1.76753340000000e+00	3.18008878199581e+01	5.62091313714292e+01	1
44	74	54	64	1.79320140000000e+00	3.18014205315973e+01	5.70263518192490e+01	1
45	75	55	65	1.86771240000000e+00	3.18021060378037e+01	5.93971877929209e+01	1
46	76	56	66	1.91503600000000e+00	3.18030168467864e+01	6.09039221702024e+01	1
47	77	57	67	1.93840360000000e+00	3.18042815043790e+01	6.16495337635017e+01	1
48	78	58	68	1.98340080000000e+00	3.18061484913497e+01	6.30843403626617e+01	1
1	34	12	23	8.77618000000000e-02	3.49700464160921e+01	3.06903421955979e+00	1
2	35	13	24	9.84118000000000e-02	3.49683373208082e+01	3.44129701874791e+00	1
3	36	14	25	1.06826000000000e-01	3.49671576288684e+01	3.73540158086150e+00	1
4	37	15	26	1.14448200000000e-01	3.49662972744288e+01	4.00182978372328e+00	1
5	38	16	27	1.16923800000000e-01	3.49656434902120e+01	4.08831590632085e+00	1
6	39	17	28	1.67414600000000e-01	3.49651311047606e+01	5.85367343785105e+00	1
7	40	18	29	1.27785000000000e-01	3.49647200396059e+01	4.46796675026104e+00	1
8	41	19	30	1.45886000000000e-01	3.49643843373772e+01	5.10081417344261e+00	1
9	42	20	31	1.57602800000000e-01	3.49641064414856e+01	5.51044107467617e+00	1
10	43	21	32	1.77032600000000e-01	3.49638740387408e+01	6.18974552715078e+00	1
11	44	22	33	1.82175600000000e-01	3.49636782289764e+01	6.36952905957072e+00	1
12	45	23	34	2.16358400000000e-01	3.49635124176975e+01	7.56464960507316e+00	1
13	46	24	35	2.37507800000000e-01	3.49633716206369e+01	8.30407347419991e+00	1
14	47	25	36	2.65666800000000e-01	3.49632520124669e+01	9.28857527974565e+00	1
15	48	26	37	3.02429400000000e-01	3.49631506254888e+01	1.05738846657762e+01	1
16	49	27	38	3.47777600000000e-01	3.49630651435148e+01	1.21593708842552e+01	1
17	50	28	39	4.06441800000000e-01	3.49629937580400e+01	1.42104221164065e+01	1
18	51	29	40	4.62609600000000e-01	3.49629350663878e+01	1.61741894058876e+01	1
19	52	30	41	5.14037600000000e-01	3.49628879989756e+01	1.79722390360622e+01	1
20	53	31	42	5.66106200000000e-01	3.49628517674122e+01	1.97926871552130e+01	1
21	54	32	43	6.07068000000000e-01	3.49628258280114e+01	2.12248127497592e+01	1
22	55	33	44	6.31096000000000e-01	3.49628098571770e+01	2.20648894496250e+01	1
23	56	34	45	6.98843400000000e-01	3.49628037363761e+01	2.44335246366618e+01	1
24	57	35	46	7.39588400000000e-01	3.49628075453163e+01	2.58580868919484e+01	1
25	58	36	47	8.04622400000000e-01	3.49628215626306e+01	2.81318693964956e+01	1
26	59	37	48	8.59854000000000e-01	3.49628462739456e+01	3.00629432200372e+01	1
27	60	38	49	9.07733800000000e-01	3.49628823877633e+01	3.17369900887975e+01	1
28	61	39	50	9.52536200000000e-01	3.49629308601718e+01	3.33034573024108e+01	1
29	62	40	51	9.94643200000000e-01	3.49629929301234e+01	3.47757031695953e+01	1
30	63	41	52	1.03063260000000e+00	3.49630701679606e+01	3.60340799111876e+01	1
31	64	42	53	1.06270220000000e+00	3.49631645412068e+01	3.71554318769024e+01	1
32	65	43	54	1.11394700000000e+00	3.49632785036036e+01	3.89472391992537e+01	1
33	66	44	55	1.15969440000000e+00	3.49634151163793e+01	4.05468767153405e+01	1
34	67	45	56	1.24552280000000e+00	3.49635782154686e+01	4.35479338369494e+01	1
35	68	46	57	1.26228920000000e+00	3.49637726460941e+01	4.41343926024200e+01	1
36	69	47	58	1.31154600000000e+00	3.49640045990068e+01	4.58569003758090e+01	1
37	70	48	59	1.35889340000000e+00	3.49642821049609e+01	4.75127321881694e+01	1
38	71	49	60	1.40831280000000e+00	3.49646157839175e+01	4.92411159555730e+01	1
39	72	50	61	1.43774920000000e+00	3.49650200197589e+01	5.02709295613924e+01	1
40	73	51	62	1.47983580000000e+00	3.49655148756016e+01	5.17432206783478e+01	1
41	74	52	63	1.55194660000000e+00	3.49661293589783e+01	5.42655655738266e+01	1
42	75	53	64	1.59992700000000e+00	3.49669072799230e+01	5.59444990636454e+01	1
43	76	54	65	1.64431320000000e+00	3.49679184004072e+01	5.74982098023125e+01	1
44	77	55	66	1.67726640000000e+00	3.49692811687619e+01	5.86528003365171e+01	1
45	78	56	67	1.71912700000000e+00	3.49712127315871e+01	6.01199560296151e+01	1
1	37	13	25	1.08312600000000e-01	3.81407759767339e+01	4.13112661205759e+00	1
2	38	14	26	1.06938400000000e-01	3.81390281584869e+01	4.07852664882354e+00	1
3	39	15	27	1.09173000000000e-01	3.81377772372367e+01	4.16361555432084e+00	1
4	40	16	28	1.11011000000000e-01	3.81368395409649e+01	4.23360869428206e+00	1
5	41	17	29	1.19762600000000e-01	3.81361119064305e+01	4.56727991580508e+00	1
6	42	18	30	1.31193200000000e-01	3.81355324560572e+01	5.00312253661401e+00	1
7	43	19	31	1.45814600000000e-01	3.81350619250268e+01	5.56064880057302e+00	1
8	44	20	32	1.61749800000000e-01	3.81346741969552e+01	6.16827592442266e+00	1
9	45	21	33	1.79332000000000e-01	3.81343512061974e+01	6.83870947050978e+00	1
10	46	22	34	1.97604800000000e-01	3.81340800437319e+01	7.53547726022564e+00	1
11	47	23	35	2.32751400000000e-01	3.81338512374083e+01	8.87570726289852e+00	1
12	48	24	36	2.40749400000000e-01	3.81336576885857e+01	9.18065520833240e+00	1
13	49	25	37	2.73795000000000e-01	3.81334939914397e+01	1.04407599873862e+01	1
14	50	26	38	3.12404400000000e-01	3.81333559839632e+01	1.19130281961564e+01	1
15	51	27	39	3.62238000000000e-01	3.81332404441883e+01	1.38133087520219e+01	1
16	52	28	40	4.15529000000000e-01	3.81331448804186e+01	1.58454275590154e+01	1
17	53	29	41	4.65876200000000e-01	3.81330673842508e+01	1.77652885273187e+01	1
18	54	30	42	5.11414400000000e-01	3.81330065268666e+01	1.95017686531336e+01	1
19	55	31	43	5.45867200000000e-01	3.81329612861611e+01	2.08155328049851e+01	1
20	56	32	44	5.83821200000000e-01	3.81329309966943e+01	2.22628135340072e+01	1
21	57	33	45	6.26485800000000e-01	3.81329153173141e+01	2.38897299588998e+01	1
22	58	34	46	6.77297600000000e-01	3.81329142132359e+01	2.58273312776306e+01	1
23	59	35	47	7.15617600000000e-01	3.81329279507580e+01	2.72885943810944e+01	1
24	60	36	48	7.85582200000000e-01	3.81329571038844e+01	2.99565723341752e+01	1
25	61	37	49	8.26356200000000e-01	3.81330025730916e+01	3.15114431008902e+01	1
26	62	38	50	8.76777600000000e-01	3.81330656174516e+01	3.34342177527117e+01	1
27	63	39	51	9.07254000000000e-01	3.81331479024552e+01	3.45964509670941e+01	1
28	64	40	52	9.41116600000000e-01	3.81332515673324e+01	3.58878360619925e+01	1
29	65	41	53	9.72441000000000e-01	3.81333793177018e+01	3.70824615170853e+01	1
30	66	42	54	1.00962240000000e+00	3.81335345523753e+01	3.85004706752521e+01	1
31	67	43	55	1.06470740000000e+00	3.81337215377425e+01	4.06012555107738e+01	1
32	68	44	56	1.11405340000000e+00	3.81339456504891e+01	4.24832518073426e+01	1
33	69	45	57	1.14893400000000e+00	3.81342137214230e+01	4.38136947078094e+01	1
34	70	46	58	1.15001880000000e+00	3.81345345336004e+01	4.38554316428897e+01	1
35	71	47	59	1.22584320000000e+00	3.81349195637691e+01	4.67474318297933e+01	1
36	72	48	60	1.23470720000000e+00	3.81353841214063e+01	4.70860333494660e+01	1
37	73	49	61	1.26284300000000e+00	3.81359491633891e+01	4.81597164493418e+01	1
38	74	50	62	1.30303060000000e+00	3.81366443079677e+01	4.96932145145977e+01	1
39	75	51	63	1.36694580000000e+00	3.81375130848624e+01	5.21319133337976e+01	1
40	76	52	64	1.40842860000000e+00	3.81386225948749e+01	5.37155268272281e+01	1
41	77	53	65	1.45158400000000e+00	3.81400824355431e+01	5.53635334221155e+01	1
42	78	54	66	1.49132320000000e+00	3.81420842566807e+01	5.68821751483427e+01	1
1	40	14	27	1.01281200000000e-01	4.13156933194937e+01	4.18450299823031e+00	1
2	41	15	28	1.03923200000000e-01	4.13139012113696e+01	4.29347281836940e+00	1
3	42	16	29	8.71878000000000e-02	4.13125793257797e+01	3.60195290374021e+00	1
4	43	17	30	1.24412200000000e-01	4.13115657165201e+01	5.13966277623684e+00	1
5	44	18	31	1.35217400000000e-01	4.13107656511463e+01	5.58593432335730e+00	1
6	45	19	32	1.48459600000000e-01	4.13101203759341e+01	6.13288394696303e+00	1
7	46	20	33	1.64382000000000e-01	4.13095915458595e+01	6.79055327749147e+00	1
8	47	21	34	1.96435800000000e-01	4.13091530489769e+01	8.11459652649821e+00	1
9	48	22	35	2.00293800000000e-01	4.13087864691967e+01	8.27389381530399e+00	1
10	49	23	36	2.22245600000000e-01	4.13084784427390e+01	9.18062757659359e+00	1
11	50	24	37	2.49099600000000e-01	4.13082190513093e+01	1.02898608423935e+01	1
12	51	25	38	2.82379600000000e-01	4.13080008088506e+01	1.16645367452029e+01	1
13	52	26	39	3.26029200000000e-01	4.13078180020657e+01	1.34675548569591e+01	1
14	53	27	40	3.74721800000000e-01	4.13076662496555e+01	1.54788830508702e+01	1
15	54	28	41	4.22210600000000e-01	4.13075422014976e+01	1.74404821774196e+01	1
16	55	29	42	4.63883400000000e-01	4.13074433303905e+01	1.91618372574089e+01	1
17	56	30	43	4.95386000000000e-01	4.13073677871400e+01	2.04630916986001e+01	1
18	57	31	44	5.24966000000000e-01	4.13073143006176e+01	2.16849355591380e+01	1
19	58	32	45	5.87059000000000e-01	4.13072821111419e+01	2.42498117288848e+01	1
20	59	33	46	6.10544600000000e-01	4.13072709298605e+01	2.52199312069633e+01	1
21	60	34	47	6.49645200000000e-01	4.13072809197629e+01	2.68350767745756e+01	1
22	61	35	48	6.98107000000000e-01	4.13073126960998e+01	2.88369241443361e+01	1
23	62	36	49	7.51578400000000e-01	4.13073673457530e+01	3.10457250579333e+01	1
24	63	37	50	7.96655000000000e-01	4.13074464667389e+01	3.29077837649599e+01	1
25	64	38	51	8.37940000000000e-01	4.13075522308316e+01	3.46132503163031e+01	1
26	65	39	52	8.71959600000000e-01	4.13076874745201e+01	3.60186346472076e+01	1
27	66	40	53	8.98181800000000e-01	4.13078558265846e+01	3.71019643004622e+01	1
28	67	41	54	9.36561800000000e-01	4.13080618850840e+01	3.86875527936057e+01	1
29	68	42	55	9.78388800000000e-01	4.13083114635170e+01	4.04155892828166e+01	1
30	69	43	56	1.01633060000000e+00	4.13086119370964e+01	4.19832063551964e+01	1
31	70	44	57	1.03660640000000e+00	4.13089727386797e+01	4.28211455183409e+01	1
32	71	45	58	1.07888240000000e+00	4.13094060858874e+01	4.45679911805168e+01	1
33	72	46	59	1.09336380000000e+00	4.13099280780138e+01	4.51667799411039e+01	1
34	73	47	60	1.11671100000000e+00	4.13105604071419e+01	4.61319572228198e+01	1
35	74	48	61	1.14247460000000e+00	4.13113331326582e+01	4.71971487962005e+01	1
36	75	49	62	1.16976600000000e+00	4.13122893841295e+01	4.83257115037156e+01	1
37	76	50	63	1.20890660000000e+00	4.13134937480411e+01	4.99441552610656e+01	1
38	77	51	64	1.24042900000000e+00	4.13150481092680e+01	5.12483838111311e+01	1
39	78	52	65	1.27710200000000e+00	4.13171232394692e+01	5.27661807233726e+01	1
1	43	15	29	1.02827200000000e-01	4.44936163617446e+01	4.57515398835239e+00	1
2	44	16	30	1.28061400000000e-01	4.44917764379793e+01	5.69767917913465e+00	1
3	45	17	31	9.74436000000000e-02	4.44903850729106e+01	4.33530328689067e+00	1
4	46	18	32	1.39534600000000e-01	4.44892983278472e+01	6.20779644645683e+00	1
5	47	19	33	1.52311800000000e-01	4.44884288667533e+01	6.77611267986716e+00	1
6	48	20	34	1.67342200000000e-01	4.44877208743191e+01	7.44467308409448e+00	1
7	49	21	35	1.60036400000000e-01	4.44871370061049e+01	7.11956125276381e+00	1
8	50	22	36	2.05611200000000e-01	4.44866513101712e+01	9.14695375986587e+00	1
9	51	23	37	2.31021000000000e-01	4.44862451893612e+01	1.02772568498914e+01	1
10	52	24	38	2.59510000000000e-01	4.44859049923498e+01	1.15445372045647e+01	1
11	53	25	39	2.97079800000000e-01	4.44856205192982e+01	1.32157792467490e+01	1
12	54	26	40	3.37896400000000e-01	4.44853840633977e+01	1.50314511276394e+01	1
13	55	27	41	3.79415200000000e-01	4.44851897788442e+01	1.68783571769781e+01	1
14	56	28	42	4.19998800000000e-01	4.44850332550354e+01	1.86836605850749e+01	1
15	57	29	43	4.52978600000000e-01	4.44849112257763e+01	2.01507128081764e+01	1
16	58	30	44	4.84153000000000e-01	4.44848213701929e+01	2.15374597208430e+01	1
17	59	31	45	5.43509400000000e-01	4.44847621785430e+01	2.41778864008026e+01	1
18	60	32	46	5.46755400000000e-01	4.44847328662406e+01	2.43222679121745e+01	1
19	61	33	47	5.97247400000000e-01	4.44847333259243e+01	2.65683913186016e+01	1
20	62	34	48	6.43116200000000e-01	4.44847641118602e+01	2.86088724535159e+01	1
21	63	35	49	6.82649800000000e-01	4.44848264543353e+01	3.03675578820867e+01	1
22	64	36	50	7.28779600000000e-01	4.44849223045805e+01	3.24197038831633e+01	1
23	65	37	51	7.66530400000000e-01	4.44850544136857e+01	3.40991465537443e+01	1
24	66	38	52	8.06339200000000e-01	4.44852264524124e+01	3.58701819094571e+01	1
25	67	39	53	8.42286200000000e-01	4.44854431834334e+01	3.74694748942901e+01	1
26	68	40	54	8.78897800000000e-01	4.44857107042701e+01	3.90983932694194e+01	1
27	69	41	55	9.10464400000000e-01	4.44860367896539e+01	4.05029527940702e+01	1
28	70	42	56	9.60153600000000e-01	4.44864313789769e+01	4.27138072396777e+01	1
29	71	43	57	9.65543000000000e-01	4.44869072830139e+01	4.29540219187631e+01	1
30	72	44	58	9.93939400000000e-01	4.44874812339018e+01	4.42178604051356e+01	1
31	73	45	59	9.97563800000000e-01	4.44881754927027e+01	4.43797933995674e+01	1
32	74	46	60	1.02646780000000e+00	4.44890203996047e+01	4.56665468937374e+01	1
33	75	47	61	1.04884440000000e+00	4.44900585892539e+01	4.66631488070109e+01	1
34	76	48	62	1.06834320000000e+00	4.44913522942205e+01	4.75320336823349e+01	1
35	77	49	63	1.09880480000000e+00	4.44929966825359e+01	4.88891183211545e+01	1
36	78	50	64	1.11401660000000e+00	4.44951453111002e+01	4.95683304959778e+01	1
1	46	16	31	1.19115600000000e-01	4.76736988952871e+01	5.67868124813146e+00	1
2	47	17	32	1.27658000000000e-01	4.76718101236048e+01	6.08568793675914e+00	1
3	48	18	33	1.42620800000000e-01	4.76703526347634e+01	6.79878382905206e+00	1
4	49	19	34	1.49595600000000e-01	4.76691975391650e+01	7.13110220738990e+00	1
5	50	20	35	1.75299000000000e-01	4.76682640211926e+01	8.35619901465104e+00	1
6	51	21	36	1.86598600000000e-01	4.76674990434322e+01	8.89468858700579e+00	1
7	52	22	37	2.11643200000000e-01	4.76668663514725e+01	1.00883681285980e+01	1
8	53	23	38	2.41639000000000e-01	4.76663403291530e+01	1.15180468107962e+01	1
9	54	24	39	2.74311000000000e-01	4.76659024042928e+01	1.30752813544240e+01	1
10	55	25	40	3.08979400000000e-01	4.76655388582183e+01	1.47276695970890e+01	1
11	56	26	41	3.42064400000000e-01	4.76652394430250e+01	1.63045815309347e+01	1
12	57	27	42	3.80093200000000e-01	4.76649964830843e+01	1.81171410412443e+01	1
13	58	28	43	4.12109800000000e-01	4.76648042783437e+01	1.96431329581874e+01	1
14	59	29	44	4.45864600000000e-01	4.76646587030503e+01	2.12519839867720e+01	1
15	60	30	45	4.58553200000000e-01	4.76645569362356e+01	2.18567351096930e+01	1
16	61	31	46	5.13990800000000e-01	4.76644972852177e+01	2.44991130912269e+01	1
17	62	32	47	5.51918800000000e-01	4.76644790785608e+01	2.63069220956644e+01	1
18	63	33	48	5.89145600000000e-01	4.76645026147049e+01	2.80813319916419e+01	1
19	64	34	49	6.32412400000000e-01	4.76645691592780e+01	3.01436645769850e+01	1
20	65	35	50	6.73701000000000e-01	4.76646809894421e+01	3.21117432472681e+01	1
21	66	36	51	7.09366800000000e-01	4.76648414885413e+01	3.38118560792338e+01	1
22	67	37	52	7.48790200000000e-01	4.76650552997441e+01	3.56911262909065e+01	1
23	68	38	53	7.82767600000000e-01	4.76653285543616e+01	3.73108748357091e+01	1
24	69	39	54	8.16163200000000e-01	4.76656692005870e+01	3.89029651048925e+01	1
25	70	40	55	8.52288400000000e-01	4.76660874740153e+01	4.06252534274886e+01	1
26	71	41	56	8.56802400000000e-01	4.76665965768148e+01	4.08408543468467e+01	1
27	72	42	57	8.87383000000000e-01	4.76672136759351e+01	4.22990750733923e+01	1
28	73	43	58	9.02091800000000e-01	4.76679614079172e+01	4.30008771087986e+01	1
29	74	44	59	9.25604400000000e-01	4.76688702203842e+01	4.41225160190166e+01	1
30	75	45	60	9.49290000000000e-01	4.76699821548751e+01	4.52526373598014e+01	1
31	76	46	61	9.69387400000000e-01	4.76713572290692e+01	4.62120130387586e+01	1
32	77	47	62	9.84743400000000e-01	4.76730847336280e+01	4.69457555490809e+01	1
33	78	48	63	1.00971540000000e+00	4.76753039147486e+01	4.81384885624020e+01	1
1	49	17	33	1.28905200000000e-01	5.08553276224334e+01	6.55551617823530e+00	1
2	50	18	34	1.42048600000000e-01	5.08533921148689e+01	7.22365315516816e+00	1
3	51	19	35	1.65504800000000e-01	5.08518746018679e+01	8.41622933560723e+00	1
4	52	20	36	1.63213600000000e-01	5.08506589063599e+01	8.29951910247906e+00	1
5	53	21	37	2.03048200000000e-01	5.08496700298596e+01	1.03249339701569e+01	1
6	54	22	38	2.22564400000000e-01	5.08488576148270e+01	1.13171454857294e+01	1
7	55	23	39	2.53615000000000e-01	5.08481866333191e+01	1.28958628530092e+01	1
8	56	24	40	2.84831400000000e-01	5.08476320388799e+01	1.44830022203190e+01	1
9	57	25	41	3.15650200000000e-01	5.08471755671782e+01	1.60499211372149e+01	1
10	58	26	42	3.47653600000000e-01	5.08468037506756e+01	1.76770743724159e+01	1
11	59	27	43	3.75852800000000e-01	5.08465066490433e+01	1.91108018942615e+01	1
12	60	28	44	4.07229800000000e-01	5.08462770192727e+01	2.07061192213030e+01	1
13	61	29	45	4.42225400000000e-01	5.08461097672775e+01	2.24854412302782e+01	1
14	62	30	46	4.76337200000000e-01	5.08460015879159e+01	2.42198420275834e+01	1
15	63	31	47	4.78105600000000e-01	5.08459507379115e+01	2.43097337851196e+01	1
16	64	32	48	5.53367200000000e-01	5.08459569088821e+01	2.81364848059887e+01	1
17	65	33	49	5.80943600000000e-01	5.08460211823912e+01	2.95386705913746e+01	1
18	66	34	50	6.24179200000000e-01	5.08461460594514e+01	3.17371067704715e+01	1
19	67	35	51	6.61783800000000e-01	5.08463355656614e+01	3.36492811667186e+01	1
20	68	36	52	7.01887400000000e-01	5.08465954419697e+01	3.56885846736160e+01	1
21	69	37	53	7.29213600000000e-01	5.08469334417834e+01	3.70782753840433e+01	1
22	70	38	54	7.59078400000000e-01	5.08473597702071e+01	3.85971324985932e+01	1
23	71	39	55	7.87756400000000e-01	5.08478877244721e+01	4.00557489814343e+01	1
24	72	40	56	8.06272800000000e-01	5.08485346329432e+01	4.09977903944001e+01	1
25	73	41	57	8.25067200000000e-01	5.08493232562869e+01	4.19541087609595e+01	1
26	74	42	58	8.10619600000000e-01	5.08502839337005e+01	4.12202368222227e+01	1
27	75	43	59	8.67117600000000e-01	5.08514579813124e+01	4.40941942012564e+01	1
28	76	44	60	8.83896200000000e-01	5.08529032890249e+01	4.49486879761366e+01	1
29	77	45	61	8.95928800000000e-01	5.08547039456428e+01	4.55621938803750e+01	1
30	78	46	62	9.10704400000000e-01	5.08569871760743e+01	4.63156819919944e+01	1
1	52	18	35	1.44218400000000e-01	5.40380452773607e+01	7.79328042902852e+00	1
2	53	19	36	1.62164800000000e-01	5.40360692992426e+01	8.76274837069782e+00	1
3	54	20	37	1.81370400000000e-01	5.40345018817840e+01	9.80025922009991e+00	1
4	55	21	38	2.05983800000000e-01	5.40332377521252e+01	1.11299716384862e+01	1
5	56	22	39	2.33869600000000e-01	5.40322072190624e+01	1.26364906894392e+01	1
6	57	23	40	2.64552600000000e-01	5.40313626148900e+01	1.42941374613120e+01	1
7	58	24	41	2.66449200000000e-01	5.40306703741804e+01	1.43964288966641e+01	1
8	59	25	42	3.20304000000000e-01	5.40301063709605e+01	1.73060591910441e+01	1
9	60	26	43	3.46800600000000e-01	5.40296530760735e+01	1.87375161045741e+01	1
10	61	27	44	3.75674000000000e-01	5.40292977703485e+01	2.02974024105779e+01	1
11	62	28	45	4.08604000000000e-01	5.40290313968394e+01	2.20764783448742e+01	1
12	63	29	46	4.38645600000000e-01	5.40288478174744e+01	2.36995163682047e+01	1
13	64	30	47	4.72181400000000e-01	5.40287433386389e+01	2.55113676698792e+01	1
14	65	31	48	5.07036200000000e-01	5.40287164267476e+01	2.73945150678957e+01	1
15	66	32	49	5.44819600000000e-01	5.40287675689656e+01	2.94359315354168e+01	1
16	67	33	50	5.84537400000000e-01	5.40288992565851e+01	3.15819122963062e+01	1
17	68	34	51	6.22042800000000e-01	5.40291160852532e+01	3.36084226511960e+01	1
18	69	35	52	6.38794600000000e-01	5.40294249813148e+01	3.45137049191690e+01	1
19	70	36	53	6.96294000000000e-01	5.40298355804266e+01	3.76206503356376e+01	1
20	71	37	54	6.92390400000000e-01	5.40303608073710e+01	3.74101031315600e+01	1
21	72	38	55	7.28107800000000e-01	5.40310177407836e+01	3.93404054590030e+01	1
22	73	39	56	7.47321800000000e-01	5.40318289040355e+01	4.03791636338559e+01	1
23	74	40	57	7.70177400000000e-01	5.40328242240884e+01	4.16148600755654e+01	1
24	75	41	58	7.92018200000000e-01	5.40340440841456e+01	4.27959463342456e+01	1
25	76	42	59	8.10246800000000e-01	5.40355442462090e+01	4.37821268117493e+01	1
26	77	43	60	8.26883000000000e-01	5.40374040971619e+01	4.46826108120735e+01	1
27	78	44	61	8.38692400000000e-01	5.40397406174239e+01	4.53227197538048e+01	1
1	55	19	37	1.67587800000000e-01	5.72214984327403e+01	9.58962503504640e+00	1
2	56	20	38	1.88754800000000e-01	5.72194940015354e+01	1.08004541463610e+01	1
3	57	21	39	2.28843000000000e-01	5.72178927684884e+01	1.30939142348192e+01	1
4	58	22	40	2.45277000000000e-01	5.72165990355767e+01	1.40339157616492e+01	1
5	59	23	41	2.72925400000000e-01	5.72155481432597e+01	1.56155763632184e+01	1
6	60	24	42	2.99613600000000e-01	5.72146953003312e+01	1.71423008318353e+01	1
7	61	25	43	3.22785000000000e-01	5.72140088238218e+01	1.84678238381973e+01	1
8	62	26	44	3.49624800000000e-01	5.72134660765949e+01	2.00032466343363e+01	1
9	63	27	45	3.76595600000000e-01	5.72130509586983e+01	2.15461832536216e+01	1
10	64	28	46	4.08664600000000e-01	5.72127523265373e+01	2.33808265444234e+01	1
11	65	29	47	4.37976000000000e-01	5.72125629926985e+01	2.50577294892901e+01	1
12	66	30	48	4.71855400000000e-01	5.72124791099661e+01	2.69960172154247e+01	1
13	67	31	49	4.96002000000000e-01	5.72124998282780e+01	2.83775143398256e+01	1
14	68	32	50	5.57721400000000e-01	5.72126271648584e+01	3.19087065200629e+01	1
15	69	33	51	5.78407000000000e-01	5.72128660623810e+01	3.30923222205436e+01	1
16	70	34	52	6.11501800000000e-01	5.72132246376451e+01	3.49859898497243e+01	1
17	71	35	53	6.36586200000000e-01	5.72137146510323e+01	3.64214611975850e+01	1
18	72	36	54	6.57372000000000e-01	5.72143522620958e+01	3.76111131752384e+01	1
19	73	37	55	6.81126400000000e-01	5.72151591889467e+01	3.89707554037942e+01	1
20	74	38	56	7.05046200000000e-01	5.72161644755645e+01	4.03400393420717e+01	1
21	75	39	57	7.24538600000000e-01	5.72174072236729e+01	4.14562201254699e+01	1
22	76	40	58	7.41248400000000e-01	5.72189409270990e+01	4.24134484119067e+01	1
23	77	41	59	7.56372600000000e-01	5.72208405680469e+01	4.32802759546391e+01	1
24	78	42	60	7.44699400000000e-01	5.72232142079643e+01	4.26140932867425e+01	1
1	58	20	39	2.00750800000000e-01	6.04054055658487e+01	1.21264334916686e+01	1
2	59	21	40	2.27727200000000e-01	6.04033930021974e+01	1.37554955588900e+01	1
3	60	22	41	2.54466800000000e-01	6.04017830638663e+01	1.53702484505563e+01	1
4	61	23	42	2.80832800000000e-01	6.04004887817895e+01	1.69624383859585e+01	1
5	62	24	43	3.02805200000000e-01	6.03994505694455e+01	1.82892677095711e+01	1
6	63	25	44	3.24599000000000e-01	6.03986269949800e+01	1.96053339239435e+01	1
7	64	26	45	3.50926600000000e-01	6.03979890123691e+01	2.11952609309481e+01	1
8	65	27	46	3.80361800000000e-01	6.03975164471705e+01	2.29729080713754e+01	1
9	66	28	47	4.08648200000000e-01	6.03971958266152e+01	2.46812053595938e+01	1
10	67	29	48	4.44374200000000e-01	6.03970190440585e+01	2.68388770200883e+01	1
11	68	30	49	4.48537800000000e-01	6.03969825744199e+01	2.70903296905686e+01	1
12	69	31	50	5.10737400000000e-01	6.03970870857993e+01	3.08470512257747e+01	1
13	70	32	51	5.25059800000000e-01	6.03973373711192e+01	3.17122138806124e+01	1
14	71	33	52	5.69702600000000e-01	6.03977425790315e+01	3.44087509814050e+01	1
15	72	34	53	5.88490600000000e-01	6.03983167720601e+01	3.55438416761797e+01	1
16	73	35	54	6.12171000000000e-01	6.03990798957992e+01	3.69745651388913e+01	1
17	74	36	55	6.40919400000000e-01	6.04000593226145e+01	3.87115697810145e+01	1
18	75	37	56	6.64968000000000e-01	6.04012922634016e+01	4.01649265138096e+01	1
19	76	38	57	6.84004000000000e-01	6.04028295698587e+01	4.13157770371016e+01	1
20	77	39	58	6.97245600000000e-01	6.04047418532679e+01	4.21169404763269e+01	1
21	78	40	59	7.10881800000000e-01	6.04071291444922e+01	4.29423286990690e+01	1
1	61	21	41	2.41061600000000e-01	6.35895415591644e+01	1.53289966315187e+01	1
2	62	22	42	2.64100800000000e-01	6.35875535892249e+01	1.67935237729572e+01	1
3	63	23	43	2.65301800000000e-01	6.35859739570793e+01	1.68694733455663e+01	1
4	64	24	44	3.05340400000000e-01	6.35847241461178e+01	1.94149851046653e+01	1
5	65	25	45	3.29546200000000e-01	6.35837501690564e+01	2.09537832499619e+01	1
6	66	26	46	3.54704600000000e-01	6.35830149601683e+01	2.25531878882405e+01	1
7	67	27	47	3.85086600000000e-01	6.35824934934420e+01	2.44847662389117e+01	1
8	68	28	48	4.15590800000000e-01	6.35821698170764e+01	2.64241648200147e+01	1
9	69	29	49	4.48396800000000e-01	6.35820352869958e+01	2.85099811601760e+01	1
10	70	30	50	4.77970800000000e-01	6.35820875962223e+01	3.03903812740365e+01	1
11	71	31	51	5.04796200000000e-01	6.35823303895204e+01	3.20961187677744e+01	1
12	72	32	52	5.26764200000000e-01	6.35827733751676e+01	3.34931287507515e+01	1
13	73	33	53	5.68741600000000e-01	6.35834329389815e+01	3.61625433832091e+01	1
14	74	34	54	5.75948200000000e-01	6.35843333593628e+01	3.66212823465249e+01	1
15	75	35	55	6.02115600000000e-01	6.35855088456003e+01	3.82858268098740e+01	1
16	76	36	56	6.26142000000000e-01	6.35870068161400e+01	3.98144956218715e+01	1
17	77	37	57	6.43365200000000e-01	6.35888931505508e+01	4.09108809595828e+01	1
18	78	38	58	6.58640800000000e-01	6.35912602452939e+01	4.18837985209686e+01	1
1	64	22	43	2.65398000000000e-01	6.67737367122330e+01	1.77216161759532e+01	1
2	65	23	44	2.87936800000000e-01	6.67718251636214e+01	1.92260656677726e+01	1
3	66	24	45	3.09511400000000e-01	6.67703367431896e+01	2.06661804038561e+01	1
4	67	25	46	3.36132200000000e-01	6.67692019143868e+01	2.24432787317270e+01	1
5	68	26	47	3.36300000000000e-01	6.67683736507431e+01	2.24542040587449e+01	1
6	69	27	48	3.91139400000000e-01	6.67678212547752e+01	2.61155255449000e+01	1
7	70	28	49	4.20099600000000e-01	6.67675263605022e+01	2.80490111170364e+01	1
8	71	29	50	4.48673400000000e-01	6.67674806328860e+01	2.99567925449911e+01	1
9	72	30	51	4.68738000000000e-01	6.67676846278865e+01	3.12965509571063e+01	1
10	73	31	52	4.92326400000000e-01	6.67681475413833e+01	3.28717217137181e+01	1
11	74	32	53	5.14629400000000e-01	6.67688877700197e+01	3.43612326517526e+01	1
12	75	33	54	5.39561200000000e-01	6.67699343757487e+01	3.60264659157002e+01	1
13	76	34	55	5.65483600000000e-01	6.67713297417013e+01	3.77580919191243e+01	1
14	77	35	56	5.86859200000000e-01	6.67731339737372e+01	3.91864279853202e+01	1
15	78	36	57	6.05608200000000e-01	6.67754315558733e+01	4.04397489087757e+01	1
1	67	23	45	2.82098400000000e-01	6.99578910207631e+01	1.97350091243316e+01	1
2	68	24	46	3.19263000000000e-01	6.99561380311926e+01	2.23344064962526e+01	1
3	69	25	47	3.28679400000000e-01	6.99548371571848e+01	2.29927139039212e+01	1
4	70	26	48	3.66457200000000e-01	6.99539297277368e+01	2.56351212170232e+01	1
5	71	27	49	3.93189000000000e-01	6.99533786543471e+01	2.75048989997241e+01	1
6	72	28	50	4.17063800000000e-01	6.99531636807050e+01	2.91749322666968e+01	1
7	73	29	51	4.40261600000000e-01	6.99532784969391e+01	3.07977423163080e+01	1
8	74	30	52	4.63991200000000e-01	6.99537295462292e+01	3.24579149166303e+01	1
9	75	31	53	4.85024000000000e-01	6.99545362363230e+01	3.39296289834863e+01	1
10	76	32	54	5.07921600000000e-01	6.99557325664888e+01	3.55320276143431e+01	1
11	77	33	55	5.29093600000000e-01	6.99573704791825e+01	3.70139969933644e+01	1
12	78	34	56	5.49467400000000e-01	6.99595251327418e+01	3.84404783799223e+01	1
1	70	24	47	3.30833200000000e-01	7.31420085272694e+01	2.41978047355038e+01	1
2	71	25	48	3.44616400000000e-01	7.31405460608014e+01	2.52054316775076e+01	1
3	72	26	49	3.65986400000000e-01	7.31395885457080e+01	2.67680947093249e+01	1
4	73	27	50	3.90178400000000e-01	7.31390927635292e+01	2.85372941919254e+01	1
5	74	28	51	4.14242200000000e-01	7.31390380788679e+01	3.02972760396740e+01	1
6	75	29	52	4.38682600000000e-01	7.31394235988651e+01	3.20849925068515e+01	1
7	76	30	53	4.57553000000000e-01	7.31402673243792e+01	3.34655487350717e+01	1
8	77	31	54	4.78451800000000e-01	7.31416075826923e+01	3.49947338028328e+01	1
9	78	32	55	4.97545600000000e-01	7.31435064822567e+01	3.63922298188183e+01	1
1	73	25	49	3.44242600000000e-01	7.63262641011598e+01	2.62747516024699e+01	1
2	74	26	50	3.67368800000000e-01	7.63253100172953e+01	2.80395375506818e+01	1
3	75	27	51	4.05240000000000e-01	7.63249570208035e+01	3.09299255831104e+01	1
4	76	28	52	4.12807000000000e-01	7.63251882378492e+01	3.15075719809018e+01	1
5	77	29	53	4.31054400000000e-01	7.63260148987106e+01	3.29006645565547e+01	1
6	78	30	54	4.50470000000000e-01	7.63274767351182e+01	3.43832384448687e+01	1
1	76	26	51	3.68313200000000e-01	7.95111323328814e+01	2.92849995851470e+01	1
2	77	27	52	3.89509000000000e-01	7.95110631625720e+01	3.09702747013903e+01	1
3	78	28	53	4.06286800000000e-01	7.95117772395324e+01	3.23045855369625e+01	1
0
