78
# x y z
0	0	-65
0	0	-64.75
0	0	-64.5
0	0	-64.25
0	0	-64
0	0	-63.75
0	0	-63.5
0	0	-63.25
0	0	-63
0	0	-62.75
0	0	-62.5
0	0	-62.25
0	0	-62
0	0	-61.75
0	0	-61.5
0	0	-61.25
0	0	-61
0	0	-60.75
0	0	-60.5
0	0	-60.25
0	0	-60
0	0	-59.75
0	0	-59.5
0	0	-59.25
0	0	-59
0	0	-58.75
0	0	-58.5
0	0	-58.25
0	0	-58
0	0	-57.75
0	0	-57.5
0	0	-57.25
0	0	-57
0	0	-56.75
0	0	-56.5
0	0	-56.25
0	0	-56
0	0	-55.75
0	0	-55.5
0	0	-55.25
0	0	-55
0	0	-54.75
0	0	-54.5
0	0	-54.25
0	0	-54
0	0	-53.75
0	0	-53.5
0	0	-53.25
0	0	-53
0	0	-52.75
0	0	-52.5
0	0	-52.25
0	0	-52
0	0	-51.75
0	0	-51.5
0	0	-51.25
0	0	-51
0	0	-50.75
0	0	-50.5
0	0	-50.25
0	0	-50
0	0	-49.75
0	0	-49.5
0	0	-49.25
0	0	-49
0	0	-48.75
0	0	-48.5
0	0	-48.25
0	0	-48
0	0	-47.75
0	0	-47.5
0	0	-47.25
0	0	-47
0	0	-46.75
0	0	-46.5
0	0	-46.25
0	0	-46
0	0	-45.75
975
# a b m n r k rhoa valid
1	4	2	3	3.64386600000000e-01	3.51952465142018e+00	1.28246762134718e+00	1
2	5	3	4	3.65892200000000e-01	3.51877887440664e+00	1.28749374367017e+00	1
3	6	4	5	3.67668600000000e-01	3.51868379055582e+00	1.29370954311635e+00	1
4	7	5	6	3.71369700000000e-01	3.51866026171590e+00	1.30672380579535e+00	1
5	8	6	7	3.93114900000000e-01	3.51865200187736e+00	1.38323452985282e+00	1
6	9	7	8	3.95515400000000e-01	3.51864841943030e+00	1.39167963707034e+00	1
7	10	8	9	4.01049400000000e-01	3.51864662955853e+00	1.41115111959647e+00	1
8	11	9	10	3.95840700000000e-01	3.51864563635337e+00	1.39282315174606e+00	1
9	12	10	11	4.18146000000000e-01	3.51864503766852e+00	1.47130734792094e+00	1
10	13	11	12	4.18984400000000e-01	3.51864465174684e+00	1.47425721822536e+00	1
11	14	12	13	4.40990200000000e-01	3.51864438891917e+00	1.55168769279834e+00	1
12	15	13	14	4.66195100000000e-01	3.51864420166023e+00	1.64037468545741e+00	1
13	16	14	15	4.76020300000000e-01	3.51864406320871e+00	1.67494600256183e+00	1
14	17	15	16	4.75703300000000e-01	3.51864395768716e+00	1.67383054219684e+00	1
15	18	16	17	7.86993400000000e-01	3.51864387523524e+00	2.76914950676056e+00	1
16	19	17	18	8.05744400000000e-01	3.51864380947789e+00	2.83512754508148e+00	1
17	20	18	19	8.96440700000000e-01	3.51864375614390e+00	3.15425547180827e+00	1
18	21	19	20	9.29911900000000e-01	3.51864371227990e+00	3.27202865990926e+00	1
19	22	20	21	1.08475210000000e+00	3.51864367578596e+00	3.81685611646054e+00	1
20	23	21	22	1.16734550000000e+00	3.51864364513175e+00	4.10747282524815e+00	1
21	24	22	23	1.32409020000000e+00	3.51864361917766e+00	4.65900153344567e+00	1
22	25	23	24	1.48398680000000e+00	3.51864359705881e+00	5.22162065193979e+00	1
23	26	24	25	1.56191340000000e+00	3.51864357810799e+00	5.49581655447082e+00	1
24	27	25	26	1.72936120000000e+00	3.51864356180317e+00	6.08500565241221e+00	1
25	28	26	27	1.89050320000000e+00	3.51864354773097e+00	6.65200688664475e+00	1
26	29	27	28	2.19735410000000e+00	3.51864353556081e+00	7.73170579930304e+00	1
27	30	28	29	2.59694580000000e+00	3.51864352502625e+00	9.13772652401412e+00	1
28	31	29	30	2.74638300000000e+00	3.51864351591131e+00	9.66354273515905e+00	1
29	32	30	31	3.41235960000000e+00	3.51864350804031e+00	1.20068769536390e+01	1
30	33	31	32	3.91543270000000e+00	3.51864350127023e+00	1.37770118245160e+01	1
31	34	32	33	5.54457640000000e+00	3.51864349548497e+00	1.95093876850795e+01	1
32	35	33	34	7.63749750000000e+00	3.51864349059092e+00	2.68736308627794e+01	1
33	36	34	35	1.01595580000000e+01	3.51864348651359e+00	3.57478625825570e+01	1
34	37	35	36	1.26000854000000e+01	3.51864348319510e+00	4.43352083804117e+01	1
35	38	36	37	1.56630712000000e+01	3.51864348059220e+00	5.51127633639315e+01	1
36	39	37	38	1.76058546666667e+01	3.51864347867498e+00	6.19487257093661e+01	1
37	40	38	39	1.93944533333333e+01	3.51864347742580e+00	6.82421667195724e+01	1
38	41	39	40	1.99493120000000e+01	3.51864347683879e+00	7.01945165362218e+01	1
39	42	40	41	2.00804033333333e+01	3.51864347691957e+00	7.06557802027474e+01	1
40	43	41	42	2.01251420000000e+01	3.51864347768537e+00	7.08131996357919e+01	1
41	44	42	43	1.90474080000000e+01	3.51864347916542e+00	6.70210379542032e+01	1
42	45	43	44	1.83830606666667e+01	3.51864348140170e+00	6.46834365829787e+01	1
43	46	44	45	1.83114253333333e+01	3.51864348445011e+00	6.44313774401280e+01	1
44	47	45	46	1.83667433333333e+01	3.51864348838198e+00	6.46260218326165e+01	1
45	48	46	47	1.81969640000000e+01	3.51864349328616e+00	6.40286289761626e+01	1
46	49	47	48	1.91569900000000e+01	3.51864349927169e+00	6.74066183291128e+01	1
47	50	48	49	1.83289913333333e+01	3.51864350647120e+00	6.44931863352002e+01	1
48	51	49	50	1.84256140000000e+01	3.51864351504532e+00	6.48331672118282e+01	1
49	52	50	51	1.78178260000000e+01	3.51864352518827e+00	6.26945780878312e+01	1
50	53	51	52	1.80375360000000e+01	3.51864353713510e+00	6.34676594722418e+01	1
51	54	52	53	1.75871700000000e+01	3.51864355117106e+00	6.18829823038491e+01	1
52	55	53	54	1.85342486666667e+01	3.51864356764382e+00	6.52154148520778e+01	1
53	56	54	55	1.81178100000000e+01	3.51864358697978e+00	6.37501159666182e+01	1
54	57	55	56	1.90103226666667e+01	3.51864360970581e+00	6.68905503695121e+01	1
55	58	56	57	1.81058833333333e+01	3.51864363647903e+00	6.37081511736650e+01	1
56	59	57	58	1.83872920000000e+01	3.51864366812808e+00	6.46983285698221e+01	1
57	60	58	59	1.86831013333333e+01	3.51864370571159e+00	6.57391769097051e+01	1
58	61	59	60	1.87965246666667e+01	3.51864375060270e+00	6.61382740514161e+01	1
59	62	60	61	1.92121006666667e+01	3.51864380461437e+00	6.76005389843942e+01	1
60	63	61	62	1.87997313333333e+01	3.51864387019008e+00	6.61495594172537e+01	1
61	64	62	63	2.02295120000000e+01	3.51864395070265e+00	7.11804500244668e+01	1
62	65	63	64	1.90730426666667e+01	3.51864405093773e+00	6.71112481123481e+01	1
63	66	64	65	1.94614826666667e+01	3.51864417790429e+00	6.84780326784520e+01	1
64	67	65	66	1.95133260000000e+01	3.51864434224763e+00	6.86604541283335e+01	1
65	68	66	67	1.84700193333333e+01	3.51864456082211e+00	6.49894330655126e+01	1
66	69	67	68	1.94107866666667e+01	3.51864486161143e+00	6.82996647645024e+01	1
67	70	68	69	2.08286453333333e+01	3.51864529367896e+00	7.32886148758417e+01	1
68	71	69	70	2.07924720000000e+01	3.51864594864172e+00	7.31613473650464e+01	1
69	72	70	71	2.11799513333333e+01	3.51864701074406e+00	7.45247724467380e+01	1
70	73	71	72	2.12963373333333e+01	3.51864888535550e+00	7.49343336200881e+01	1
71	74	72	73	1.96784380000000e+01	3.51865257273016e+00	6.92415864960110e+01	1
72	75	73	74	1.95336100000000e+01	3.51866096442191e+00	6.87321510012414e+01	1
73	76	74	75	1.99500566666667e+01	3.51868466852032e+00	7.01979585291115e+01	1
74	77	75	76	1.92718300000000e+01	3.51878006072137e+00	6.78133311376119e+01	1
75	78	76	77	1.95465940000000e+01	3.51952699133364e+00	6.87947651716402e+01	1
1	7	3	5	2.18987333333333e-01	6.72481177962168e+00	1.47264859878794e+00	1
2	8	4	6	3.06590666666667e-01	6.72346860237850e+00	2.06135272111562e+00	1
3	9	5	7	3.19676666666667e-01	6.72316986559636e+00	2.14924053206763e+00	1
4	10	6	8	3.33620666666667e-01	6.72306828289372e+00	2.24295452258453e+00	1
5	11	7	9	2.81571333333333e-01	6.72302441118912e+00	1.89301094749107e+00	1
6	12	8	10	3.20544000000000e-01	6.72300235447632e+00	2.15501806671326e+00	1
7	13	9	11	3.39355333333333e-01	6.72298998974733e+00	2.28148250896737e+00	1
8	14	10	12	3.42502666666667e-01	6.72298245067014e+00	2.30263941730773e+00	1
9	15	11	13	3.45136666666667e-01	6.72297753497997e+00	2.32034605649787e+00	1
10	16	12	14	3.55370666666667e-01	6.72297415102810e+00	2.38914780603362e+00	1
11	17	13	15	3.75489333333333e-01	6.72297171644730e+00	2.52440416782765e+00	1
12	18	14	16	3.75804000000000e-01	6.72296990085771e+00	2.52651898062193e+00	1
13	19	15	17	3.84062000000000e-01	6.72296850669656e+00	2.58203673061890e+00	1
14	20	16	18	4.09947333333333e-01	6.72296741028917e+00	2.75606256193495e+00	1
15	21	17	19	6.62416666666667e-01	6.72296653104388e+00	4.45340507960565e+00	1
16	22	18	20	4.64403333333333e-01	6.72296581455429e+00	3.12216773416506e+00	1
17	23	19	21	5.17806000000000e-01	6.72296522292898e+00	3.48119173022396e+00	1
18	24	20	22	5.58548666666667e-01	6.72296472904450e+00	3.75510298545483e+00	1
19	25	21	23	6.12866666666667e-01	6.72296431301192e+00	4.12028072863457e+00	1
20	26	22	24	6.39193333333333e-01	6.72296395993674e+00	4.29727374343183e+00	1
21	27	23	25	7.41452000000000e-01	6.72296365845848e+00	4.98475485049136e+00	1
22	28	24	26	8.05498000000000e-01	6.72296339977410e+00	5.41533357259124e+00	1
23	29	25	27	9.05296666666667e-01	6.72296317696965e+00	6.08627615423337e+00	1
24	30	26	28	1.05202200000000e+00	6.72296298455312e+00	7.07270496493554e+00	1
25	31	27	29	1.22580400000000e+00	6.72296281812174e+00	8.24103471430490e+00	1
26	32	28	30	1.38375400000000e+00	6.72296267412088e+00	9.30292649216546e+00	1
27	33	29	31	1.59240000000000e+00	6.72296254966676e+00	1.07056455640893e+01	1
28	34	30	32	1.91832800000000e+00	6.72296244241435e+00	1.28968470962318e+01	1
29	35	31	33	2.66127066666667e+00	6.72296235045792e+00	1.78916224963780e+01	1
30	36	32	34	3.75161666666667e+00	6.72296227225565e+00	2.52219773099655e+01	1
31	37	33	35	4.54802000000000e+00	6.72296220657217e+00	3.05761665747344e+01	1
32	38	34	36	5.28081400000000e+00	6.72296215243493e+00	3.55027126560485e+01	1
33	39	35	37	6.29942800000000e+00	6.72296210910114e+00	4.23508157530108e+01	1
34	40	36	38	7.42729733333333e+00	6.72296207603342e+00	4.99334382994242e+01	1
35	41	37	39	8.19790600000000e+00	6.72296205288241e+00	5.51142109510971e+01	1
36	42	38	40	8.46305200000000e+00	6.72296203947545e+00	5.68967773341068e+01	1
37	43	39	41	8.64343666666667e+00	6.72296203581050e+00	5.81094965689324e+01	1
38	44	40	42	8.91420066666667e+00	6.72296204205505e+00	5.99298327172619e+01	1
39	45	41	43	8.84830066666667e+00	6.72296205854988e+00	5.94867896646416e+01	1
40	46	42	44	8.54602200000000e+00	6.72296208581753e+00	5.74545818905625e+01	1
41	47	43	45	8.55603200000000e+00	6.72296212457632e+00	5.75218790726629e+01	1
42	48	44	46	8.60303133333333e+00	6.72296217576008e+00	5.78378542508788e+01	1
43	49	45	47	8.38102066666667e+00	6.72296224054486e+00	5.63452854792261e+01	1
44	50	46	48	8.46594333333333e+00	6.72296232038374e+00	5.69162180365039e+01	1
45	51	47	49	8.81227000000000e+00	6.72296241705184e+00	5.92445600189134e+01	1
46	52	48	50	8.67608200000000e+00	6.72296253270392e+00	5.83289742166669e+01	1
47	53	49	51	8.72140866666667e+00	6.72296266994836e+00	5.86337048953641e+01	1
48	54	50	52	8.90647333333333e+00	6.72296283194193e+00	5.98778891836820e+01	1
49	55	51	53	8.99848600000000e+00	6.72296302251282e+00	6.04964886365993e+01	1
50	56	52	54	8.94581466666667e+00	6.72296324632085e+00	6.01423832123980e+01	1
51	57	53	55	9.27189266666667e+00	6.72296350906930e+00	6.23345960580073e+01	1
52	58	54	56	9.47410866666667e+00	6.72296381778795e+00	6.36940897717913e+01	1
53	59	55	57	9.45627000000000e+00	6.72296418121755e+00	6.35741644979220e+01	1
54	60	56	58	9.25015200000000e+00	6.72296461034070e+00	6.21884445362722e+01	1
55	61	57	59	9.52774000000000e+00	6.72296511912949e+00	6.40546636841348e+01	1
56	62	58	60	9.94879333333333e+00	6.72296572562097e+00	6.68853965912864e+01	1
57	63	59	61	9.79712866666667e+00	6.72296645350147e+00	6.58657673666376e+01	1
58	64	60	62	9.74131466666667e+00	6.72296733450294e+00	6.54905402991144e+01	1
59	65	61	63	1.01470900000000e+01	6.72296841213404e+00	6.82185655450812e+01	1
60	66	62	64	1.00235860000000e+01	6.72296974767911e+00	6.73882654412598e+01	1
61	67	63	65	1.01654373333333e+01	6.72297143019053e+00	6.83419447673922e+01	1
62	68	64	66	1.06530086666667e+01	6.72297359380130e+00	7.16198959605364e+01	1
63	69	65	67	1.04671873333333e+01	6.72297644906683e+00	7.03706539299707e+01	1
64	70	66	68	1.02557326666667e+01	6.72298034259327e+00	6.89490891168917e+01	1
65	71	67	69	1.12335913333333e+01	6.72298587712673e+00	7.55232758834132e+01	1
66	72	68	70	1.14530166666667e+01	6.72299417007175e+00	7.69985642797346e+01	1
67	73	69	71	1.14380673333333e+01	6.72300745651220e+00	7.68982119700886e+01	1
68	74	70	72	1.20209653333333e+01	6.72303064521695e+00	8.08173183210906e+01	1
69	75	71	73	1.18179946666667e+01	6.72307591633418e+00	7.94532753228324e+01	1
70	76	72	74	1.10570373333333e+01	6.72317925526908e+00	7.43384440242024e+01	1
71	77	73	75	1.12430480000000e+01	6.72348033668176e+00	7.55924121523692e+01	1
72	78	74	76	1.19114580000000e+01	6.72482783917173e+00	8.01025043635248e+01	1
1	10	4	7	2.09770666666667e-01	9.89249460595888e+00	2.07515518848840e+00	1
2	11	5	8	2.12738000000000e-01	9.89092830278381e+00	2.10417630527762e+00	1
3	12	6	9	2.18582666666667e-01	9.89044809012893e+00	2.16188051806862e+00	1
4	13	7	10	2.19394666666667e-01	9.89024956858892e+00	2.16986800735071e+00	1
5	14	8	11	2.16082000000000e-01	9.89015157239673e+00	2.13708373206663e+00	1
6	15	9	12	2.24328666666667e-01	9.89009701162262e+00	2.21863227582129e+00	1
7	16	10	13	2.29212000000000e-01	9.89006378136542e+00	2.26692129945433e+00	1
8	17	11	14	2.40745333333333e-01	9.89004207312767e+00	2.38098147557581e+00	1
9	18	12	15	1.41481333333333e-01	9.89002707825651e+00	1.39925421773450e+00	1
10	19	13	16	2.43907333333333e-01	9.89001624659040e+00	2.41224748932921e+00	1
11	20	14	17	2.86664666666667e-01	9.89000813522284e+00	2.83511588541428e+00	1
12	21	15	18	2.21654000000000e-01	9.89000188170240e+00	2.19215847708686e+00	1
13	22	16	19	1.95476666666667e-01	9.88999694557645e+00	1.93326363626480e+00	1
14	23	17	20	2.85876000000000e-01	9.88999297395314e+00	2.82731163142183e+00	1
15	24	18	21	3.18538666666667e-01	9.88998972797059e+00	3.15034414129478e+00	1
16	25	19	22	3.36605333333333e-01	9.88998704077488e+00	3.32902238452237e+00	1
17	26	20	23	3.75252000000000e-01	9.88998479255279e+00	3.71123657337502e+00	1
18	27	21	24	3.68638666666667e-01	9.88998289517274e+00	3.64583010783262e+00	1
19	28	22	25	4.78574000000000e-01	9.88998128243549e+00	4.73308790226028e+00	1
20	29	23	26	4.92238000000000e-01	9.88997990370792e+00	4.86822392784138e+00	1
21	30	24	27	5.33723333333333e-01	9.88997871965744e+00	5.27851240885130e+00	1
22	31	25	28	6.01172666666667e-01	9.88997769932635e+00	5.94558426677789e+00	1
23	32	26	29	7.28955333333333e-01	9.88997681808275e+00	7.20935134808445e+00	1
24	33	27	30	8.34098666666667e-01	9.88997605615761e+00	8.24921584180632e+00	1
25	34	28	31	9.55004000000000e-01	9.88997539758269e+00	9.44496606459306e+00	1
26	35	29	32	1.11178133333333e+00	9.88997482940816e+00	1.09954894024725e+01	1
27	36	30	33	1.45831600000000e+00	9.88997434111902e+00	1.44227078212433e+01	1
28	37	31	34	1.87702600000000e+00	9.88997392419550e+00	1.85637381950370e+01	1
29	38	32	35	2.25601266666667e+00	9.88997357178002e+00	2.23119056509343e+01	1
30	39	33	36	2.66180800000000e+00	9.88997327842417e+00	2.63252099922957e+01	1
31	40	34	37	3.05741866666667e+00	9.88997303989705e+00	3.02377881850113e+01	1
32	41	35	38	3.38918666666667e+00	9.88997285304216e+00	3.35189641272258e+01	1
33	42	36	39	3.77972200000000e+00	9.88997271567328e+00	3.73813474528300e+01	1
34	43	37	40	4.06865400000000e+00	9.88997262650293e+00	4.02388766867117e+01	1
35	44	38	41	4.34979533333333e+00	9.88997258509893e+00	4.30193565974579e+01	1
36	45	39	42	4.56226800000000e+00	9.88997259186669e+00	4.51207054767504e+01	1
37	46	40	43	4.71705800000000e+00	9.88997264805530e+00	4.66515745992904e+01	1
38	47	41	44	4.84017933333333e+00	9.88997275578809e+00	4.78692417397952e+01	1
39	48	42	45	4.93154800000000e+00	9.88997291811832e+00	4.87728761644006e+01	1
40	49	43	46	4.95741266666667e+00	9.88997313911268e+00	4.90286781128303e+01	1
41	50	44	47	5.09353266666667e+00	9.88997342396655e+00	5.03749027074388e+01	1
42	51	45	48	5.24078133333333e+00	9.88997377915696e+00	5.18311899689619e+01	1
43	52	46	49	5.27097533333333e+00	9.88997421264115e+00	5.21298101221343e+01	1
44	53	47	50	5.40399466666667e+00	9.88997473411218e+00	5.34453707166103e+01	1
45	54	48	51	5.44246066666667e+00	9.88997535532708e+00	5.38258018656703e+01	1
46	55	49	52	5.56301466666667e+00	9.88997609052890e+00	5.50180820445949e+01	1
47	56	50	53	5.54526333333333e+00	9.88997695699237e+00	5.48425265871214e+01	1
48	57	51	54	5.82186666666667e+00	9.88997797573558e+00	5.75781331110024e+01	1
49	58	52	55	5.98149400000000e+00	9.88997917245757e+00	5.91568510801799e+01	1
50	59	53	56	6.21206000000000e+00	9.88998057878990e+00	6.14371527542776e+01	1
51	60	54	57	6.20970933333333e+00	9.88998223399194e+00	6.14139149849206e+01	1
52	61	55	58	6.26477333333333e+00	9.88998418728680e+00	6.19585092036027e+01	1
53	62	56	59	6.27546466666667e+00	9.88998650114234e+00	6.20642608417290e+01	1
54	63	57	60	6.43348266666667e+00	9.88998925597962e+00	6.36270744518644e+01	1
55	64	58	61	6.59610866666667e+00	9.88999255709366e+00	6.52354656191143e+01	1
56	65	59	62	6.64998733333333e+00	9.88999654510040e+00	6.57683517516281e+01	1
57	66	60	63	6.75758133333333e+00	9.89000141217843e+00	6.68324889295773e+01	1
58	67	61	64	6.83213466666667e+00	9.89000742815808e+00	6.75698626035097e+01	1
59	68	62	65	7.22599533333333e+00	9.89001498397781e+00	7.14652021208204e+01	1
60	69	63	66	7.21060266666667e+00	9.89002466705840e+00	7.13130382376904e+01	1
61	70	64	67	7.18450800000000e+00	9.89003739812451e+00	7.10550528071247e+01	1
62	71	65	68	7.23860533333333e+00	9.89005469276347e+00	7.15902026459961e+01	1
63	72	66	69	7.48347466666667e+00	9.89007919230014e+00	7.40121570869052e+01	1
64	73	67	70	7.68859200000000e+00	9.89011582047175e+00	7.60410653763525e+01	1
65	74	68	71	8.27082800000000e+00	9.89017453233431e+00	8.17999324469175e+01	1
66	75	69	72	8.46237733333333e+00	9.89027762264439e+00	8.36952611742397e+01	1
67	76	70	73	8.17591000000000e+00	9.89048244044807e+00	8.08636942896838e+01	1
68	77	71	74	7.93342066666667e+00	9.89097058584307e+00	7.84692304591195e+01	1
69	78	72	75	8.02359466666667e+00	9.89254784252543e+00	7.93737941090318e+01	1
1	13	5	9	1.59020666666667e-01	1.30279155409885e+01	2.07170781460503e+00	1
2	14	6	10	1.57067333333333e-01	1.30262840779050e+01	2.04600370335899e+00	1
3	15	7	11	1.63582000000000e-01	1.30256634117853e+01	2.13076407222666e+00	1
4	16	8	12	1.56807333333333e-01	1.30253691990974e+01	2.04247340979260e+00	1
5	17	9	13	1.75868666666667e-01	1.30252088452011e+01	2.29072611266038e+00	1
6	18	10	14	1.81333400000000e-01	1.30251122966675e+01	2.36188789813654e+00	1
7	19	11	15	1.83099400000000e-01	1.30250495951243e+01	2.38487876583751e+00	1
8	20	12	16	1.91586800000000e-01	1.30250063950755e+01	2.49541929521205e+00	1
9	21	13	17	1.94336600000000e-01	1.30249752072835e+01	2.53122939686778e+00	1
10	22	14	18	1.94475800000000e-01	1.30249518390250e+01	2.53303792885586e+00	1
11	23	15	19	1.99645200000000e-01	1.30249338019530e+01	2.60036551387767e+00	1
12	24	16	20	2.05189000000000e-01	1.30249195438682e+01	2.67257021628678e+00	1
13	25	17	21	2.21170600000000e-01	1.30249080540299e+01	2.88072672925463e+00	1
14	26	18	22	2.38169600000000e-01	1.30248986492675e+01	3.10213490133657e+00	1
15	27	19	23	2.61238200000000e-01	1.30248908525866e+01	3.40259904152619e+00	1
16	28	20	24	2.94851800000000e-01	1.30248843214101e+01	3.84041058695955e+00	1
17	29	21	25	3.16552000000000e-01	1.30248788035967e+01	4.12305143503615e+00	1
18	30	22	26	3.41124000000000e-01	1.30248741095959e+01	4.44309715576180e+00	1
19	31	23	27	3.64903400000000e-01	1.30248700942964e+01	4.75281938196707e+00	1
20	32	24	28	4.08610000000000e-01	1.30248666448762e+01	5.32209075976288e+00	1
21	33	25	29	5.02409800000000e-01	1.30248636724754e+01	6.54381915271562e+00	1
22	34	26	30	5.43871200000000e-01	1.30248611063628e+01	7.08384683975084e+00	1
23	35	27	31	6.34846200000000e-01	1.30248588897732e+01	8.26878217170872e+00	1
24	36	28	32	7.19907600000000e-01	1.30248569768843e+01	9.37669352657201e+00	1
25	37	29	33	8.44643600000000e-01	1.30248553305899e+01	1.10013606959086e+01	1
26	38	30	34	1.03886080000000e+00	1.30248539208403e+01	1.35310101640872e+01	1
27	39	31	35	1.23470480000000e+00	1.30248527233932e+01	1.60818481768666e+01	1
28	40	32	36	1.46893720000000e+00	1.30248517188701e+01	1.91326892143323e+01	1
29	41	33	37	1.73668260000000e+00	1.30248508920423e+01	2.26200319118043e+01	1
30	42	34	38	1.90375780000000e+00	1.30248502312941e+01	2.47961602216579e+01	1
31	43	35	39	2.08223340000000e+00	1.30248497282277e+01	2.71207771340967e+01	1
32	44	36	40	2.26757440000000e+00	1.30248493773825e+01	2.95348150120085e+01	1
33	45	37	41	2.36730460000000e+00	1.30248491760512e+01	3.08337853687723e+01	1
34	46	38	42	2.60043260000000e+00	1.30248491241821e+01	3.38702422726045e+01	1
35	47	39	43	2.73231440000000e+00	1.30248492243597e+01	3.55879830935470e+01	1
36	48	40	44	2.84687360000000e+00	1.30248494818629e+01	3.70801001338891e+01	1
37	49	41	45	3.04908440000000e+00	1.30248499048002e+01	3.97138666570679e+01	1
38	50	42	46	3.16883040000000e+00	1.30248505043314e+01	4.12735422335807e+01	1
39	51	43	47	3.33843320000000e+00	1.30248512949820e+01	4.34825959882311e+01	1
40	52	44	48	3.53025620000000e+00	1.30248522950701e+01	4.59810655687555e+01	1
41	53	45	49	3.67143000000000e+00	1.30248535272654e+01	4.78198379856081e+01	1
42	54	46	50	3.81071640000000e+00	1.30248550193140e+01	4.96340286297221e+01	1
43	55	47	51	3.86507920000000e+00	1.30248568049716e+01	5.03421031198742e+01	1
44	56	48	52	3.87768840000000e+00	1.30248589252063e+01	5.05063443659089e+01	1
45	57	49	53	3.97303340000000e+00	1.30248614297551e+01	5.17482094907889e+01	1
46	58	50	54	4.08485400000000e+00	1.30248643791543e+01	5.32046693586460e+01	1
47	59	51	55	4.26172100000000e+00	1.30248678474139e+01	5.55083528275487e+01	1
48	60	52	56	4.39668700000000e+00	1.30248719255867e+01	5.72662850718920e+01	1
49	61	53	57	4.52818040000000e+00	1.30248767266003e+01	5.89789915058076e+01	1
50	62	54	58	4.64250720000000e+00	1.30248823919136e+01	6.04681102836120e+01	1
51	63	55	59	4.67478380000000e+00	1.30248891008650e+01	6.08885405655204e+01	1
52	64	56	60	4.75041380000000e+00	1.30248970840922e+01	6.18736508518515e+01	1
53	65	57	61	4.81841780000000e+00	1.30249066432723e+01	6.27594420132817e+01	1
54	66	58	62	4.89117120000000e+00	1.30249181809645e+01	6.37071046890899e+01	1
55	67	59	63	5.21187240000000e+00	1.30249322471154e+01	6.78842848906108e+01	1
56	68	60	64	5.30207020000000e+00	1.30249496140253e+01	6.90591972050252e+01	1
57	69	61	65	5.39006220000000e+00	1.30249714018383e+01	7.02054060091296e+01	1
58	70	62	66	5.54447620000000e+00	1.30249992976921e+01	7.22167986110705e+01	1
59	71	63	67	5.40505120000000e+00	1.30250359572074e+01	7.04009862305471e+01	1
60	72	64	68	5.43842880000000e+00	1.30250857815685e+01	7.08360016369525e+01	1
61	73	65	69	5.64371080000000e+00	1.30251565213015e+01	7.35102165309600e+01	1
62	74	66	70	5.79019520000000e+00	1.30252628516445e+01	7.54188144423305e+01	1
63	75	67	71	6.20120720000000e+00	1.30254351513137e+01	8.07734222434596e+01	1
64	76	68	72	6.43560180000000e+00	1.30257440218713e+01	8.38285016734942e+01	1
65	77	69	73	6.27413080000000e+00	1.30263828314618e+01	8.17292297354654e+01	1
66	78	70	74	6.29631580000000e+00	1.30280374249202e+01	8.20286378815166e+01	1
1	16	6	11	1.26926000000000e-01	1.61403428183857e+01	2.04862915256643e+00	1
2	17	7	12	1.27889800000000e-01	1.61387010945413e+01	2.06397525524067e+00	1
3	18	8	13	1.32879200000000e-01	1.61379719928614e+01	2.14440080803384e+00	1
4	19	9	14	1.38391000000000e-01	1.61375885589380e+01	2.23329701825999e+00	1
5	20	10	15	1.50297000000000e-01	1.61373625297593e+01	2.42539717613524e+00	1
6	21	11	16	1.47808200000000e-01	1.61372176230582e+01	2.38521308987252e+00	1
7	22	12	17	1.53352000000000e-01	1.61371185644106e+01	2.47465940608949e+00	1
8	23	13	18	1.57019200000000e-01	1.61370473787858e+01	2.53382626977904e+00	1
9	24	14	19	1.51779200000000e-01	1.61369941768726e+01	2.44926006657038e+00	1
10	25	15	20	1.60096600000000e-01	1.61369531636324e+01	2.58347133585679e+00	1
11	26	16	21	1.65822400000000e-01	1.61369207577125e+01	2.67586292865370e+00	1
12	27	17	22	1.85176800000000e-01	1.61368946428092e+01	2.98817851189256e+00	1
13	28	18	23	2.02914000000000e-01	1.61368732609100e+01	3.27439750086429e+00	1
14	29	19	24	2.27265200000000e-01	1.61368555279216e+01	3.66734569892421e+00	1
15	30	20	25	2.43316400000000e-01	1.61368406670819e+01	3.92635797848796e+00	1
16	31	21	26	2.64732400000000e-01	1.61368281075869e+01	4.27194123330895e+00	1
17	32	22	27	2.81828600000000e-01	1.61368174207767e+01	4.54781666215311e+00	1
18	33	23	28	3.14307200000000e-01	1.61368082787224e+01	5.07191502702206e+00	1
19	34	24	29	3.62047200000000e-01	1.61368004266069e+01	5.84228341141182e+00	1
20	35	25	30	4.03743400000000e-01	1.61367936638454e+01	6.51512393893941e+00	1
21	36	26	31	4.46216200000000e-01	1.61367878308940e+01	7.20049614610778e+00	1
22	37	27	32	4.70113200000000e-01	1.61367827998496e+01	7.58611459974224e+00	1
23	38	28	33	5.42593600000000e-01	1.61367784676369e+01	8.75571272115761e+00	1
24	39	29	34	6.49771400000000e-01	1.61367747509991e+01	1.04852147214413e+01	1
25	40	30	35	7.66628000000000e-01	1.61367715827700e+01	1.23709009249558e+01	1
26	41	31	36	8.80209400000000e-01	1.61367689090788e+01	1.42037356793989e+01	1
27	42	32	37	1.05701120000000e+00	1.61367666872450e+01	1.70567431202049e+01	1
28	43	33	38	1.19768240000000e+00	1.61367648841965e+01	1.93267192947402e+01	1
29	44	34	39	1.37917340000000e+00	1.61367634752936e+01	2.22553949472165e+01	1
30	45	35	40	1.51364220000000e+00	1.61367624434779e+01	2.44252846058233e+01	1
31	46	36	41	1.62753260000000e+00	1.61367617786880e+01	2.62631058532488e+01	1
32	47	37	42	1.71614500000000e+00	1.61367614775052e+01	2.76930225258132e+01	1
33	48	38	43	1.77716000000000e+00	1.61367615430044e+01	2.86776071437656e+01	1
34	49	39	44	1.87686880000000e+00	1.61367619848003e+01	3.02865851022978e+01	1
35	50	40	45	2.01059040000000e+00	1.61367628192872e+01	3.24444204115357e+01	1
36	51	41	46	2.15806640000000e+00	1.61367640700816e+01	3.48242083443703e+01	1
37	52	42	47	2.26907820000000e+00	1.61367657686902e+01	3.66155834242412e+01	1
38	53	43	48	2.48835980000000e+00	1.61367679554349e+01	4.01540846822324e+01	1
39	54	44	49	2.64844540000000e+00	1.61367706806855e+01	4.27373560801164e+01	1
40	55	45	50	2.80716180000000e+00	1.61367740064699e+01	4.52985355661953e+01	1
41	56	46	51	2.88406120000000e+00	1.61367780085587e+01	4.65394553474973e+01	1
42	57	47	52	3.00651540000000e+00	1.61367827791611e+01	4.85154859320027e+01	1
43	58	48	53	3.03674480000000e+00	1.61367884304220e+01	4.90033083547841e+01	1
44	59	49	54	3.12512500000000e+00	1.61367950989889e+01	5.04295017837277e+01	1
45	60	50	55	3.22463300000000e+00	1.61368029520376e+01	5.20352673136379e+01	1
46	61	51	56	3.34802660000000e+00	1.61368121953194e+01	5.40264764691337e+01	1
47	62	52	57	3.45146960000000e+00	1.61368230840717e+01	5.56957543152517e+01	1
48	63	53	58	3.54813580000000e+00	1.61368359380698e+01	5.72556852905919e+01	1
49	64	54	59	3.66490280000000e+00	1.61368511628066e+01	5.91399910097533e+01	1
50	65	55	60	3.75880980000000e+00	1.61368692799750e+01	6.06554223908889e+01	1
51	66	56	61	3.79560480000000e+00	1.61368909724577e+01	6.12492608321369e+01	1
52	67	57	62	3.91719420000000e+00	1.61369171526394e+01	6.32114382761997e+01	1
53	68	58	63	4.15864000000000e+00	1.61369490694597e+01	6.71077618782179e+01	1
54	69	59	64	4.21294300000000e+00	1.61369884822159e+01	6.79842126672322e+01	1
55	70	60	65	4.31220380000000e+00	1.61370379541475e+01	6.95861963866193e+01	1
56	71	61	66	4.39377740000000e+00	1.61371013710277e+01	7.09028313055304e+01	1
57	72	62	67	4.33296740000000e+00	1.61371849050968e+01	6.99218961215567e+01	1
58	73	63	68	4.33426380000000e+00	1.61372989155829e+01	6.99433105195904e+01	1
59	74	64	69	4.56049240000000e+00	1.61374619664568e+01	7.35947726533151e+01	1
60	75	65	70	4.67470320000000e+00	1.61377100758235e+01	7.54390049321242e+01	1
61	76	66	71	4.77054440000000e+00	1.61381204770222e+01	7.69876202681837e+01	1
62	77	67	72	4.98516780000000e+00	1.61388826915827e+01	8.04550383220554e+01	1
63	78	68	73	5.11992300000000e+00	1.61405655780901e+01	8.26384529362717e+01	1
1	19	7	13	1.10372000000000e-01	1.92496487596680e+01	2.12462223290207e+00	1
2	20	8	14	1.15631400000000e-01	1.92480106589815e+01	2.22567441971296e+00	1
3	21	9	15	1.19675600000000e-01	1.92471929989271e+01	2.30341937046239e+00	1
4	22	10	16	1.23205200000000e-01	1.92467258598187e+01	2.37129670890414e+00	1
5	23	11	17	1.25535600000000e-01	1.92464322757126e+01	2.41611242359095e+00	1
6	24	12	18	1.26265000000000e-01	1.92462341537454e+01	2.43012575542267e+00	1
7	25	13	19	1.26075800000000e-01	1.92460929689834e+01	2.42646656793896e+00	1
8	26	14	20	1.38271000000000e-01	1.92459880225137e+01	2.66116200986099e+00	1
9	27	15	21	1.41793200000000e-01	1.92459073990424e+01	2.72893879701390e+00	1
10	28	16	22	1.68754400000000e-01	1.92458438340239e+01	3.24782082870440e+00	1
11	29	17	23	1.66981800000000e-01	1.92457926774434e+01	3.21369710370632e+00	1
12	30	18	24	1.82381000000000e-01	1.92457508262642e+01	3.51005928144489e+00	1
13	31	19	25	1.96573800000000e-01	1.92457161343550e+01	3.78320355425146e+00	1
14	32	20	26	2.16455600000000e-01	1.92456870710560e+01	4.16583674237767e+00	1
15	33	21	27	2.31436200000000e-01	1.92456625155052e+01	4.45414299907095e+00	1
16	34	22	28	2.54365600000000e-01	1.92456416282407e+01	4.89542918015242e+00	1
17	35	23	29	2.91007200000000e-01	1.92456237684519e+01	5.60061508511062e+00	1
18	36	24	30	3.12096000000000e-01	1.92456084391043e+01	6.00647741141068e+00	1
19	37	25	31	3.27579000000000e-01	1.92455952496091e+01	6.30445284627169e+00	1
20	38	26	32	3.38703600000000e-01	1.92455838898429e+01	6.51854854759180e+00	1
21	39	27	33	3.79720000000000e-01	1.92455741117008e+01	7.30792940169503e+00	1
22	40	28	34	4.47601000000000e-01	1.92455657157679e+01	8.61433445994343e+00	1
23	41	29	35	5.39631000000000e-01	1.92455585415496e+01	1.03855000013350e+01	1
24	42	30	36	6.12726200000000e-01	1.92455524602284e+01	1.17922542258564e+01	1
25	43	31	37	7.24656800000000e-01	1.92455473692539e+01	1.39464167708519e+01	1
26	44	32	38	8.53325600000000e-01	1.92455431882934e+01	1.64227146884764e+01	1
27	45	33	39	9.87143000000000e-01	1.92455398562151e+01	1.89980999502837e+01	1
28	46	34	40	1.11495060000000e+00	1.92455373288770e+01	2.14578233921538e+01	1
29	47	35	41	1.23487800000000e+00	1.92455355775648e+01	2.37658884829520e+01	1
30	48	36	42	1.32669480000000e+00	1.92455345879700e+01	2.55329506610799e+01	1
31	49	37	43	1.37065960000000e+00	1.92455343596411e+01	2.63790764271719e+01	1
32	50	38	44	1.40897840000000e+00	1.92455349058661e+01	2.71165429788114e+01	1
33	51	39	45	1.45573200000000e+00	1.92455362539743e+01	2.80163429820705e+01	1
34	52	40	46	1.59495620000000e+00	1.92455384460657e+01	3.06957908668909e+01	1
35	53	41	47	1.70165580000000e+00	1.92455415402026e+01	3.27492873860266e+01	1
36	54	42	48	1.83460680000000e+00	1.92455456121220e+01	3.53080088497092e+01	1
37	55	43	49	1.97479880000000e+00	1.92455507575639e+01	3.80060905413762e+01	1
38	56	44	50	2.10338580000000e+00	1.92455570953455e+01	4.04808315074389e+01	1
39	57	45	51	2.22463740000000e+00	1.92455647713736e+01	4.28144031745201e+01	1
40	58	46	52	2.34535020000000e+00	1.92455739638560e+01	4.51376107452444e+01	1
41	59	47	53	2.42833020000000e+00	1.92455848900865e+01	4.67346350052607e+01	1
42	60	48	54	2.50753500000000e+00	1.92455978153314e+01	4.82590101178669e+01	1
43	61	49	55	2.59222760000000e+00	1.92456130645804e+01	4.98890093649258e+01	1
44	62	50	56	2.68273540000000e+00	1.92456310382809e+01	5.16309356817348e+01	1
45	63	51	57	2.75881400000000e+00	1.92456522337262e+01	5.30951748215352e+01	1
46	64	52	58	2.80547100000000e+00	1.92456772746531e+01	5.39931894693984e+01	1
47	65	53	59	2.91299560000000e+00	1.92457069530456e+01	5.60626596731111e+01	1
48	66	54	60	3.02607900000000e+00	1.92457422895713e+01	5.82391365818837e+01	1
49	67	55	61	3.15647260000000e+00	1.92457846232839e+01	6.07487918288971e+01	1
50	68	56	62	3.25706040000000e+00	1.92458357487547e+01	6.26848494821734e+01	1
51	69	57	63	3.39634520000000e+00	1.92458981327821e+01	6.53657137429633e+01	1
52	70	58	64	3.45939140000000e+00	1.92459752698409e+01	6.65793613331003e+01	1
53	71	59	65	3.52215380000000e+00	1.92460722900572e+01	6.77876266514997e+01	1
54	72	60	66	3.54102340000000e+00	1.92461970497670e+01	6.81512341142358e+01	1
55	73	61	67	3.55735220000000e+00	1.92463621975028e+01	6.84660889052833e+01	1
56	74	62	68	3.67731320000000e+00	1.92465893457534e+01	7.07757370561185e+01	1
57	75	63	69	3.76490840000000e+00	1.92469181650390e+01	7.24628838736679e+01	1
58	76	64	70	3.84385680000000e+00	1.92474281974718e+01	7.39843577593636e+01	1
59	77	65	71	3.91319080000000e+00	1.92482982752356e+01	7.53222637263079e+01	1
60	78	66	72	4.08329820000000e+00	1.92500008635286e+01	7.86034938760450e+01	1
1	22	8	15	6.54516000000000e-02	2.23688135860828e+01	1.46407463931086e+00	1
2	23	9	16	6.73708000000000e-02	2.23671776829245e+01	1.50689465424077e+00	1
3	24	10	17	1.06086000000000e-01	2.23662823146788e+01	2.37274942563502e+00	1
4	25	11	18	1.08577400000000e-01	2.23657348216531e+01	2.42841333602456e+00	1
5	26	12	19	1.13025800000000e-01	2.23653720016902e+01	2.52786406278863e+00	1
6	27	13	20	1.16514000000000e-01	2.23651165884100e+01	2.60584919418200e+00	1
7	28	14	21	1.25025800000000e-01	2.23649282942033e+01	2.79619305192541e+00	1
8	29	15	22	1.31899600000000e-01	2.23647844485394e+01	2.94990612284857e+00	1
9	30	16	23	1.42878600000000e-01	2.23646714702661e+01	3.19543294913156e+00	1
10	31	17	24	1.03113600000000e-01	2.23645807845856e+01	2.30609243718945e+00	1
11	32	18	25	1.67610400000000e-01	2.23645067306567e+01	3.74852391892806e+00	1
12	33	19	26	1.80791600000000e-01	2.23644454263134e+01	4.04330387173589e+00	1
13	34	20	27	1.96186000000000e-01	2.23643941211326e+01	4.38758102504853e+00	1
14	35	21	28	2.08543200000000e-01	2.23643508116657e+01	4.66393328418736e+00	1
15	36	22	29	2.48193000000000e-01	2.23643140037911e+01	5.55066618554292e+00	1
16	37	23	30	2.50117600000000e-01	2.23642825609247e+01	5.59370067986035e+00	1
17	38	24	31	2.58976600000000e-01	2.23642556041266e+01	5.79181887788764e+00	1
18	39	25	32	2.66087800000000e-01	2.23642324445827e+01	5.95084940986762e+00	1
19	40	26	33	2.90946600000000e-01	2.23642125368791e+01	6.50679159928234e+00	1
20	41	27	34	3.35689600000000e-01	2.23641954459874e+01	7.50742782358532e+00	1
21	42	28	35	3.91006600000000e-01	2.23641808235198e+01	8.74454230558966e+00	1
22	43	29	36	4.60390400000000e-01	2.23641683904013e+01	1.02962484309242e+01	1
23	44	30	37	5.55869800000000e-01	2.23641579240845e+01	1.24315599924293e+01	1
24	45	31	38	6.54251800000000e-01	2.23641492490554e+01	1.46317849016631e+01	1
25	46	32	39	7.49091600000000e-01	2.23641422297811e+01	1.67527910855343e+01	1
26	47	33	40	8.90208800000000e-01	2.23641367655153e+01	1.99087513530653e+01	1
27	48	34	41	9.77882600000000e-01	2.23641327865607e+01	2.18694963160672e+01	1
28	49	35	42	1.06948140000000e+00	2.23641302517139e+01	2.39180213313854e+01	1
29	50	36	43	1.13319160000000e+00	2.23641291467105e+01	2.53428432903675e+01	1
30	51	37	44	1.17934680000000e+00	2.23641294835578e+01	2.63750645412196e+01	1
31	52	38	45	1.23311720000000e+00	2.23641313007016e+01	2.75775949699535e+01	1
32	53	39	46	1.28670400000000e+00	2.23641346640186e+01	2.87760215287314e+01	1
33	54	40	47	1.35465840000000e+00	2.23641396686800e+01	3.02957696609505e+01	1
34	55	41	48	1.44655180000000e+00	2.23641464419794e+01	3.23508962911090e+01	1
35	56	42	49	1.52701960000000e+00	2.23641551472803e+01	3.41505032473379e+01	1
36	57	43	50	1.61134840000000e+00	2.23641659893119e+01	3.60364630842121e+01	1
37	58	44	51	1.74471120000000e+00	2.23641792211460e+01	3.90190339659407e+01	1
38	59	45	52	1.84985620000000e+00	2.23641951533197e+01	4.13705450623785e+01	1
39	60	46	53	1.93584560000000e+00	2.23642141657697e+01	4.32936655902629e+01	1
40	61	47	54	2.04411120000000e+00	2.23642367235242e+01	4.57149867660071e+01	1
41	62	48	55	2.14916820000000e+00	2.23642633975299e+01	4.80645637103952e+01	1
42	63	49	56	2.22730220000000e+00	2.23642948926381e+01	4.98120432158217e+01	1
43	64	50	57	2.28606320000000e+00	2.23643320858009e+01	5.11262765739288e+01	1
44	65	51	58	2.34136920000000e+00	2.23643760791648e+01	5.23632613289731e+01	1
45	66	52	59	2.41067320000000e+00	2.23644282754605e+01	5.39133278769749e+01	1
46	67	53	60	2.54562740000000e+00	2.23644904876846e+01	5.69316597724893e+01	1
47	68	54	61	2.65495660000000e+00	2.23645651031215e+01	5.93769497266622e+01	1
48	69	55	62	2.72636400000000e+00	2.23646553363665e+01	6.09741911814774e+01	1
49	70	56	63	2.84022520000000e+00	2.23647656335212e+01	6.35209709444209e+01	1
50	71	57	64	2.89884940000000e+00	2.23649023438141e+01	6.48324837404240e+01	1
51	72	58	65	2.91744060000000e+00	2.23650748864360e+01	6.52487774957288e+01	1
52	73	59	66	2.99564140000000e+00	2.23652978835324e+01	6.69984122632421e+01	1
53	74	60	67	3.00337140000000e+00	2.23655952958611e+01	6.71721892555637e+01	1
54	75	61	68	3.07000000000000e+00	2.23660090195508e+01	6.86636476900211e+01	1
55	76	62	69	3.18784360000000e+00	2.23666183406664e+01	7.13012811309359e+01	1
56	77	63	70	3.21819020000000e+00	2.23675890259918e+01	7.19831558010743e+01	1
57	78	64	71	3.34686520000000e+00	2.23693170837477e+01	7.48670888953608e+01	1
1	25	9	17	9.28674000000000e-02	2.55019477895519e+01	2.36829958615143e+00	1
2	26	10	18	9.51214000000000e-02	2.55003070191917e+01	2.42562490409534e+00	1
3	27	11	19	9.88648000000000e-02	2.54993391359163e+01	2.52098706380453e+00	1
4	28	12	20	1.04822400000000e-01	2.54987129086793e+01	2.67283628399875e+00	1
5	29	13	21	9.86008000000000e-02	2.54982791907757e+01	2.51415072683384e+00	1
6	30	14	22	1.16050800000000e-01	2.54979630154504e+01	2.95905900631343e+00	1
7	31	15	23	1.24363800000000e-01	2.54977233520258e+01	3.17099376740667e+00	1
8	32	16	24	1.37349400000000e-01	2.54975361446412e+01	3.50207129094478e+00	1
9	33	17	25	1.49015000000000e-01	2.54973864610405e+01	3.79949304349195e+00	1
10	34	18	26	1.58106000000000e-01	2.54972645756497e+01	4.03127051299767e+00	1
11	35	19	27	1.68588400000000e-01	2.54971638902814e+01	4.29852606480032e+00	1
12	36	20	28	1.82777200000000e-01	2.54970797705021e+01	4.66028484862902e+00	1
13	37	21	29	1.98302000000000e-01	2.54970088639664e+01	5.05610785174227e+00	1
14	38	22	30	2.09122800000000e-01	2.54969486847534e+01	5.33199330041195e+00	1
15	39	23	31	2.34189800000000e-01	2.54968973507556e+01	5.97111329119398e+00	1
16	40	24	32	2.21859800000000e-01	2.54968534124574e+01	5.65672679871713e+00	1
17	41	25	33	2.39277200000000e-01	2.54968157381351e+01	6.10080667873691e+00	1
18	42	26	34	2.69898400000000e-01	2.54967834349640e+01	6.88154105424329e+00	1
19	43	27	35	3.14287400000000e-01	2.54967557936252e+01	8.01330908681341e+00	1
20	44	28	36	3.75866200000000e-01	2.54967322486964e+01	9.58335986273496e+00	1
21	45	29	37	4.51632200000000e-01	2.54967123499096e+01	1.15151362913568e+01	1
22	46	30	38	5.36744200000000e-01	2.54966957410753e+01	1.36852035581869e+01	1
23	47	31	39	6.32658000000000e-01	2.54966821445445e+01	1.61306799322032e+01	1
24	48	32	40	7.29665200000000e-01	2.54966713497778e+01	1.86040337997699e+01	1
25	49	33	41	8.04587800000000e-01	2.54966632050484e+01	2.05143041554908e+01	1
26	50	34	42	9.07660800000000e-01	2.54966576116131e+01	2.31423166450829e+01	1
27	51	35	43	9.58392000000000e-01	2.54966545199095e+01	2.44357897186451e+01	1
28	52	36	44	1.00445800000000e+00	2.54966539274908e+01	2.56103180106996e+01	1
29	53	37	45	1.06732100000000e+00	2.54966558785370e+01	2.72131162489360e+01	1
30	54	38	46	1.11784840000000e+00	2.54966604648818e+01	2.85014011060114e+01	1
31	55	39	47	1.16468420000000e+00	2.54966678285893e+01	2.96955661726062e+01	1
32	56	40	48	1.21314720000000e+00	2.54966781662082e+01	3.09312237266367e+01	1
33	57	41	49	1.27638300000000e+00	2.54966917349422e+01	3.25435438867207e+01	1
34	58	42	50	1.34790740000000e+00	2.54967088611008e+01	3.43672025495233e+01	1
35	59	43	51	1.41949260000000e+00	2.54967299513728e+01	3.61924194901721e+01	1
36	60	44	52	1.50074460000000e+00	2.54967555076942e+01	3.82641181456923e+01	1
37	61	45	53	1.57724820000000e+00	2.54967861468170e+01	4.02147600558521e+01	1
38	62	46	54	1.68067920000000e+00	2.54968226261767e+01	4.28519794539045e+01	1
39	63	47	55	1.78520280000000e+00	2.54968658783836e+01	4.55170763573149e+01	1
40	64	48	56	1.85478320000000e+00	2.54969170577964e+01	4.72912534105941e+01	1
41	65	49	57	1.93469800000000e+00	2.54969776044119e+01	4.93289515773004e+01	1
42	66	50	58	1.99883100000000e+00	2.54970493331968e+01	5.09642926157231e+01	1
43	67	51	59	2.08794640000000e+00	2.54971345617904e+01	5.32366503186059e+01	1
44	68	52	60	2.17440840000000e+00	2.54972362977686e+01	5.54414047826530e+01	1
45	69	53	61	2.24536580000000e+00	2.54973585213135e+01	5.72508968140959e+01	1
46	70	54	62	2.30734340000000e+00	2.54975066260975e+01	5.88315036301823e+01	1
47	71	55	63	2.39644580000000e+00	2.54976881328384e+01	6.11038276356504e+01	1
48	72	56	64	2.41191300000000e+00	2.54979138934893e+01	6.14987499925875e+01	1
49	73	57	65	2.49201960000000e+00	2.54982002224324e+01	6.35420147190259e+01	1
50	74	58	66	2.57546620000000e+00	2.54985728802843e+01	6.56707126014090e+01	1
51	75	59	67	2.57566220000000e+00	2.54990750121086e+01	6.56770036436527e+01	1
52	76	60	68	2.62026240000000e+00	2.54997842236817e+01	6.68161258094263e+01	1
53	77	61	69	2.69110460000000e+00	2.55008529833308e+01	6.86254627673652e+01	1
54	78	62	70	2.80020800000000e+00	2.55026167697874e+01	7.14126314996928e+01	1
1	28	10	19	9.04968000000000e-02	2.86482312010187e+01	2.59257324935235e+00	1
2	29	11	20	9.37232000000000e-02	2.86465766021768e+01	2.68484882820114e+00	1
3	30	12	21	9.90450000000000e-02	2.86455381267253e+01	2.83719732376151e+00	1
4	31	13	22	1.04446600000000e-01	2.86448337364394e+01	2.99185549133639e+00	1
5	32	14	23	1.14063800000000e-01	2.86443276153205e+01	3.26728085624839e+00	1
6	33	15	24	1.23139800000000e-01	2.86439478438861e+01	3.52721000870657e+00	1
7	34	16	25	1.41693000000000e-01	2.86436533259872e+01	4.05860517071911e+00	1
8	35	17	26	1.41184000000000e-01	2.86434190653317e+01	4.04399247731978e+00	1
9	36	18	27	1.49190000000000e-01	2.86432290441067e+01	4.27328334109027e+00	1
10	37	19	28	1.54882200000000e-01	2.86430725365420e+01	4.43630208921921e+00	1
11	38	20	29	1.67900400000000e-01	2.86429420884121e+01	4.80916143382123e+00	1
12	39	21	30	1.76133200000000e-01	2.86428323539406e+01	5.04495371956309e+00	1
13	40	22	31	1.86746200000000e-01	2.86427393970255e+01	5.34892273998481e+00	1
14	41	23	32	1.92999600000000e-01	2.86426602553342e+01	5.52802197221539e+00	1
15	42	24	33	2.05678200000000e-01	2.86425926591864e+01	5.89115690147467e+00	1
16	43	25	34	2.31841000000000e-01	2.86425348448562e+01	6.64051392096630e+00	1
17	44	26	35	2.69118600000000e-01	2.86424854273360e+01	7.70822557872507e+00	1
18	45	27	36	3.38033600000000e-01	2.86424433116688e+01	9.68210822543931e+00	1
19	46	28	37	3.86703600000000e-01	2.86424076299860e+01	1.10761221431831e+01	1
20	47	29	38	4.57139400000000e-01	2.86423776961365e+01	1.30935593545852e+01	1
21	48	30	39	5.36885400000000e-01	2.86423529726605e+01	1.53776611326680e+01	1
22	49	31	40	6.18011400000000e-01	2.86423330466601e+01	1.77012883454326e+01	1
23	50	32	41	6.97265400000000e-01	2.86423176122599e+01	1.99712970468394e+01	1
24	51	33	42	7.73472800000000e-01	2.86423064581082e+01	2.21540449746110e+01	1
25	52	34	43	8.25739800000000e-01	2.86422994588765e+01	2.36510866267128e+01	1
26	53	35	44	8.77386800000000e-01	2.86422965700754e+01	2.51303729322694e+01	1
27	54	36	45	9.31808000000000e-01	2.86422978257702e+01	2.66891222524352e+01	1
28	55	37	46	9.75625600000000e-01	2.86423033389861e+01	2.79441643804803e+01	1
29	56	38	47	1.02081320000000e+00	2.86423133047761e+01	2.92384515000511e+01	1
30	57	39	48	1.05391860000000e+00	2.86423280060951e+01	3.01866822329246e+01	1
31	58	40	49	1.12242080000000e+00	2.86423478228107e+01	3.21487669571575e+01	1
32	59	41	50	1.17060740000000e+00	2.86423732444009e+01	3.35289740734577e+01	1
33	60	42	51	1.20986740000000e+00	2.86424048871718e+01	3.46535119305899e+01	1
34	61	43	52	1.27019780000000e+00	2.86424435172109e+01	3.63815687421855e+01	1
35	62	44	53	1.33415600000000e+00	2.86424900808375e+01	3.82135499962899e+01	1
36	63	45	54	1.39226120000000e+00	2.86425457451115e+01	3.98779051101438e+01	1
37	64	46	55	1.47823300000000e+00	2.86426119521658e+01	4.23404541938859e+01	1
38	65	47	56	1.56566680000000e+00	2.86426904930041e+01	4.48449095675721e+01	1
39	66	48	57	1.63386920000000e+00	2.86427836093797e+01	4.67985619416304e+01	1
40	67	49	58	1.73057660000000e+00	2.86428941372540e+01	4.95687223502090e+01	1
41	68	50	59	1.81407220000000e+00	2.86430257135469e+01	5.19605166708307e+01	1
42	69	51	60	1.89827480000000e+00	2.86431830821919e+01	5.43726326367113e+01	1
43	70	52	61	1.93509360000000e+00	2.86433725612385e+01	5.54276069256682e+01	1
44	71	53	62	1.97910420000000e+00	2.86436027808808e+01	5.66886745667728e+01	1
45	72	54	63	2.03955440000000e+00	2.86438858962334e+01	5.84207635127607e+01	1
46	73	55	64	2.08209520000000e+00	2.86442396710887e+01	5.96400339268234e+01	1
47	74	56	65	2.14241760000000e+00	2.86446912454397e+01	6.13688906707958e+01	1
48	75	57	66	2.20316280000000e+00	2.86452843616277e+01	6.31102249009599e+01	1
49	76	58	67	2.22180900000000e+00	2.86460942248013e+01	6.36461499635116e+01	1
50	77	59	68	2.25730400000000e+00	2.86472607594578e+01	6.46655763013671e+01	1
51	78	60	69	2.35049580000000e+00	2.86490711965216e+01	6.73395215213251e+01	1
1	31	11	21	9.00002000000000e-02	3.18051402567588e+01	2.86246898413634e+00	1
2	32	12	22	1.02662400000000e-01	3.18034626528389e+01	3.26501980425081e+00	1
3	33	13	23	7.98286000000000e-02	3.18023537983195e+01	2.53873738042453e+00	1
4	34	14	24	1.12730800000000e-01	3.18015713585499e+01	3.58501658050641e+00	1
5	35	15	25	1.19063600000000e-01	3.18009916889444e+01	3.78634055405580e+00	1
6	36	16	26	1.26476800000000e-01	3.18005462223834e+01	4.02203132445914e+00	1
7	37	17	27	1.18764400000000e-01	3.18001942346254e+01	3.77673098815874e+00	1
8	38	18	28	1.38930800000000e-01	3.17999101229269e+01	4.41798695330633e+00	1
9	39	19	29	1.48990200000000e-01	3.17996770059866e+01	4.73784023705735e+00	1
10	40	20	30	1.58537400000000e-01	3.17994832980078e+01	5.04140740340959e+00	1
11	41	21	31	1.66114400000000e-01	3.17993207752860e+01	5.28232509099417e+00	1
12	42	22	32	1.71110600000000e-01	3.17991834340441e+01	5.44117735690934e+00	1
13	43	23	33	1.83148200000000e-01	3.17990667881565e+01	5.82394184393064e+00	1
14	44	24	34	2.04858600000000e-01	3.17989674218731e+01	6.51429194749053e+00	1
15	45	25	35	2.40313800000000e-01	3.17988826959887e+01	7.64171033642730e+00	1
16	46	26	36	2.80661400000000e-01	3.17988105495167e+01	8.92469868716213e+00	1
17	47	27	37	3.39174000000000e-01	3.17987493626745e+01	1.07853090163357e+01	1
18	48	28	38	3.99143800000000e-01	3.17986978603823e+01	1.26922530990448e+01	1
19	49	29	39	4.93102000000000e-01	3.17986550432834e+01	1.56799803991531e+01	1
20	50	30	40	5.34315000000000e-01	3.17986201379747e+01	1.69904797190219e+01	1
21	51	31	41	6.04969400000000e-01	3.17985925610319e+01	1.92371754624920e+01	1
22	52	32	42	6.70062800000000e-01	3.17985718932483e+01	2.13070401187913e+01	1
23	53	33	43	7.25272600000000e-01	3.17985578617057e+01	2.30626227366097e+01	1
24	54	34	44	7.72453000000000e-01	3.17985503281101e+01	2.45628855965996e+01	1
25	55	35	45	8.21346200000000e-01	3.17985492823965e+01	2.61176176186091e+01	1
26	56	36	46	8.64843200000000e-01	3.17985548410361e+01	2.75007639240972e+01	1
27	57	37	47	9.08582800000000e-01	3.17985672498279e+01	2.88916312678369e+01	1
28	58	38	48	9.61092000000000e-01	3.17985868912690e+01	3.05613674725035e+01	1
29	59	39	49	1.00840980000000e+00	3.17986142969188e+01	3.20660342834330e+01	1
30	60	40	50	1.06137640000000e+00	3.17986501655293e+01	3.37503368375489e+01	1
31	61	41	51	1.08840480000000e+00	3.17986953881717e+01	3.46098526942240e+01	1
32	62	42	52	1.13135740000000e+00	3.17987510821969e+01	3.59757523476014e+01	1
33	63	43	53	1.16055780000000e+00	3.17988186367258e+01	3.69043669996376e+01	1
34	64	44	54	1.21741020000000e+00	3.17988997736420e+01	3.87123049332094e+01	1
35	65	45	55	1.27620900000000e+00	3.17989966299747e+01	4.05821656901434e+01	1
36	66	46	56	1.34300000000000e+00	3.17991118705818e+01	4.27062072421913e+01	1
37	67	47	57	1.42264600000000e+00	3.17992488448735e+01	4.52390741721639e+01	1
38	68	48	58	1.49535900000000e+00	3.17994118093333e+01	4.75515366437929e+01	1
39	69	49	59	1.56023880000000e+00	3.17996062512583e+01	4.96149794979358e+01	1
40	70	50	60	1.61614800000000e+00	3.17998393732470e+01	5.13932468033944e+01	1
41	71	51	61	1.67876860000000e+00	3.18001208420602e+01	5.33850443458562e+01	1
42	72	52	62	1.70665540000000e+00	3.18004639894578e+01	5.42724335901136e+01	1
43	73	53	63	1.78366420000000e+00	3.18008878199581e+01	5.67221051326753e+01	1
44	74	54	64	1.82509140000000e+00	3.18014205315973e+01	5.80404991200016e+01	1
45	75	55	65	1.86445980000000e+00	3.18021060378037e+01	5.92937482628224e+01	1
46	76	56	66	1.89100340000000e+00	3.18030168467864e+01	6.01396129875303e+01	1
47	77	57	67	1.89924980000000e+00	3.18042815043790e+01	6.04042752863355e+01	1
48	78	58	68	1.96609180000000e+00	3.18061484913497e+01	6.25338077384250e+01	1
1	34	12	23	9.48778000000000e-02	3.49700464160921e+01	3.31788106985670e+00	1
2	35	13	24	1.03693200000000e-01	3.49683373208082e+01	3.62597879547403e+00	1
3	36	14	25	9.48222000000000e-02	3.49671576288684e+01	3.31566281411609e+00	1
4	37	15	26	1.13369200000000e-01	3.49662972744288e+01	3.96410114896417e+00	1
5	38	16	27	1.18168400000000e-01	3.49656434902120e+01	4.13183414620877e+00	1
6	39	17	28	1.23782000000000e-01	3.49651311047606e+01	4.32805385840947e+00	1
7	40	18	29	1.33842000000000e-01	3.49647200396059e+01	4.67974805954093e+00	1
8	41	19	30	1.42347800000000e-01	3.49643843373772e+01	4.97710318878010e+00	1
9	42	20	31	1.50364000000000e-01	3.49641064414856e+01	5.25734290096754e+00	1
10	43	21	32	1.54623600000000e-01	3.49638740387408e+01	5.40624007381663e+00	1
11	44	22	33	1.67092600000000e-01	3.49636782289764e+01	5.84217190084306e+00	1
12	45	23	34	1.86354200000000e-01	3.49635124176975e+01	6.51559738579008e+00	1
13	46	24	35	2.14972600000000e-01	3.49633716206369e+01	7.51616690205454e+00	1
14	47	25	36	2.51772000000000e-01	3.49632520124669e+01	8.80276788568283e+00	1
15	48	26	37	3.20073600000000e-01	3.49631506254888e+01	1.11907814880425e+01	1
16	49	27	38	3.43183800000000e-01	3.49630651435148e+01	1.19987575555989e+01	1
17	50	28	39	4.16096400000000e-01	3.49629937580400e+01	1.45479758359429e+01	1
18	51	29	40	4.77185200000000e-01	3.49629350663878e+01	1.66837951622413e+01	1
19	52	30	41	5.32578400000000e-01	3.49628879989756e+01	1.86204789498736e+01	1
20	53	31	42	5.91324200000000e-01	3.49628517674122e+01	2.06743803510836e+01	1
21	54	32	43	6.37345000000000e-01	3.49628258280114e+01	2.22833822273539e+01	1
22	55	33	44	6.81394200000000e-01	3.49628098571770e+01	2.38234558523833e+01	1
23	56	34	45	7.26028000000000e-01	3.49628037363761e+01	2.53839744711137e+01	1
24	57	35	46	7.73776600000000e-01	3.49628075453163e+01	2.70534023488692e+01	1
25	58	36	47	7.85807200000000e-01	3.49628215626306e+01	2.74740369162304e+01	1
26	59	37	48	8.77467000000000e-01	3.49628462739456e+01	3.06787438314602e+01	1
27	60	38	49	9.08766400000000e-01	3.49628823877633e+01	3.17730927611511e+01	1
28	61	39	50	9.49598000000000e-01	3.49629308601718e+01	3.32007292189574e+01	1
29	62	40	51	9.90859600000000e-01	3.49629929301234e+01	3.46434171895449e+01	1
30	63	41	52	1.02304660000000e+00	3.49630701679606e+01	3.57688500608935e+01	1
31	64	42	53	1.05225480000000e+00	3.49631645412068e+01	3.67901577116746e+01	1
32	65	43	54	1.09167900000000e+00	3.49632785036036e+01	3.81686769135355e+01	1
33	66	44	55	1.13546740000000e+00	3.49634151163793e+01	3.96998180573159e+01	1
34	67	45	56	1.20247300000000e+00	3.49635782154686e+01	4.20427587874891e+01	1
35	68	46	57	1.26055800000000e+00	3.49637726460941e+01	4.40738633192150e+01	1
36	69	47	58	1.28852220000000e+00	3.49640045990068e+01	4.50518961267224e+01	1
37	70	48	59	1.35296740000000e+00	3.49642821049609e+01	4.73055338524154e+01	1
38	71	49	60	1.40402480000000e+00	3.49646157839175e+01	4.90911876830916e+01	1
39	72	50	61	1.44006940000000e+00	3.49650200197589e+01	5.03520554008422e+01	1
40	73	51	62	1.49271840000000e+00	3.49655148756016e+01	5.21936674202842e+01	1
41	74	52	63	1.56831680000000e+00	3.49661293589783e+01	5.48379681046589e+01	1
42	75	53	64	1.61060660000000e+00	3.49669072799230e+01	5.63179316466321e+01	1
43	76	54	65	1.64239240000000e+00	3.49679184004072e+01	5.74310434246490e+01	1
44	77	55	66	1.66452540000000e+00	3.49692811687619e+01	5.82072567251459e+01	1
45	78	56	67	1.68834960000000e+00	3.49712127315871e+01	5.90436330268899e+01	1
1	37	13	25	9.99414000000000e-02	3.81407759767339e+01	3.81184254820115e+00	1
2	38	14	26	8.96856000000000e-02	3.81390281584869e+01	3.42052162381079e+00	1
3	39	15	27	1.07706200000000e-01	3.81377772372367e+01	4.10767506266926e+00	1
4	40	16	28	1.12587400000000e-01	3.81368395409649e+01	4.29372760813444e+00	1
5	41	17	29	1.20513000000000e-01	3.81361119064305e+01	4.59589725417966e+00	1
6	42	18	30	1.29345600000000e-01	3.81355324560572e+01	4.93266332684820e+00	1
7	43	19	31	1.38518400000000e-01	3.81350619250268e+01	5.28240776175564e+00	1
8	44	20	32	1.44321200000000e-01	3.81346741969552e+01	5.50364194171360e+00	1
9	45	21	33	1.54743400000000e-01	3.81343512061974e+01	5.90103916244108e+00	1
10	46	22	34	1.72837400000000e-01	3.81340800437319e+01	6.59099524615051e+00	1
11	47	23	35	1.95841200000000e-01	3.81338512374083e+01	7.46817918695553e+00	1
12	48	24	36	2.28063400000000e-01	3.81336576885857e+01	8.69689162689500e+00	1
13	49	25	37	2.70661200000000e-01	3.81334939914397e+01	1.03212572439159e+01	1
14	50	26	38	3.30429800000000e-01	3.81333559839632e+01	1.26003971911098e+01	1
15	51	27	39	3.72754600000000e-01	3.81332404441883e+01	1.42143407884772e+01	1
16	52	28	40	4.26766600000000e-01	3.81331448804186e+01	1.62739525879236e+01	1
17	53	29	41	4.79207600000000e-01	3.81330673842508e+01	1.82736557018451e+01	1
18	54	30	42	5.27998000000000e-01	3.81330065268666e+01	2.01341511801725e+01	1
19	55	31	43	5.67766400000000e-01	3.81329612861611e+01	2.16506141507830e+01	1
20	56	32	44	6.03149400000000e-01	3.81329309966943e+01	2.29998544508975e+01	1
21	57	33	45	6.50368600000000e-01	3.81329153173141e+01	2.48004507488401e+01	1
22	58	34	46	6.93534200000000e-01	3.81329142132359e+01	2.64464801525452e+01	1
23	59	35	47	7.39611800000000e-01	3.81329279507580e+01	2.82035634809304e+01	1
24	60	36	48	7.85333800000000e-01	3.81329571038844e+01	2.99471001076306e+01	1
25	61	37	49	8.43197600000000e-01	3.81330025730916e+01	3.21536562504246e+01	1
26	62	38	50	8.73237200000000e-01	3.81330656174516e+01	3.32992114471997e+01	1
27	63	39	51	9.01388400000000e-01	3.81331479024552e+01	3.43727771747575e+01	1
28	64	40	52	9.37428800000000e-01	3.81332515673324e+01	3.57472082568625e+01	1
29	65	41	53	9.65430000000000e-01	3.81333793177018e+01	3.68151083946889e+01	1
30	66	42	54	1.00266180000000e+00	3.81335345523753e+01	3.82350383946468e+01	1
31	67	43	55	1.05373480000000e+00	3.81337215377425e+01	4.01828294378288e+01	1
32	68	44	56	1.10360840000000e+00	3.81339456504891e+01	4.20849427450232e+01	1
33	69	45	57	1.13151080000000e+00	3.81342137214230e+01	4.31492746752983e+01	1
34	70	46	58	1.16360220000000e+00	3.81345345336004e+01	4.43734282792734e+01	1
35	71	47	59	1.17373140000000e+00	3.81349195637691e+01	4.47601525284701e+01	1
36	72	48	60	1.22162620000000e+00	3.81353841214063e+01	4.65871843897739e+01	1
37	73	49	61	1.26405280000000e+00	3.81359491633891e+01	4.82058533206397e+01	1
38	74	50	62	1.30981520000000e+00	3.81366443079677e+01	4.99519563915696e+01	1
39	75	51	63	1.37310420000000e+00	3.81375130848624e+01	5.23667793943795e+01	1
40	76	52	64	1.40728040000000e+00	3.81386225948749e+01	5.36717360607646e+01	1
41	77	53	65	1.44676800000000e+00	3.81400824355431e+01	5.51798507851059e+01	1
42	78	54	66	1.49554920000000e+00	3.81420842566807e+01	5.70433635964115e+01	1
1	40	14	27	9.96142000000000e-02	4.13156933194937e+01	4.11562973746671e+00	1
2	41	15	28	1.03036400000000e-01	4.13139012113696e+01	4.25683565077516e+00	1
3	42	16	29	1.11215400000000e-01	4.13125793257797e+01	4.59459503474831e+00	1
4	43	17	30	7.24270000000000e-02	4.13115657165201e+01	2.99207277015040e+00	1
5	44	18	31	1.28371800000000e-01	4.13107656511463e+01	5.30313734601582e+00	1
6	45	19	32	1.31904600000000e-01	4.13101203759341e+01	5.44899490413944e+00	1
7	46	20	33	1.42815000000000e-01	4.13095915458595e+01	5.89962931662192e+00	1
8	47	21	34	1.40925600000000e-01	4.13091530489769e+01	5.82151717891889e+00	1
9	48	22	35	1.80649400000000e-01	4.13087864691967e+01	7.46240749038851e+00	1
10	49	23	36	2.08953200000000e-01	4.13084784427390e+01	8.63153875774133e+00	1
11	50	24	37	2.45868800000000e-01	4.13082190513093e+01	1.01564022482825e+01	1
12	51	25	38	2.88109400000000e-01	4.13080008088506e+01	1.19012233282375e+01	1
13	52	26	39	3.34772400000000e-01	4.13078180020657e+01	1.38287173713147e+01	1
14	53	27	40	3.86042800000000e-01	4.13076662496555e+01	1.59465271404825e+01	1
15	54	28	41	4.32212600000000e-01	4.13075422014976e+01	1.78536402145190e+01	1
16	55	29	42	4.75941600000000e-01	4.13074433303905e+01	1.96599306705754e+01	1
17	56	30	43	5.08882800000000e-01	4.13073677871400e+01	2.10206089801496e+01	1
18	57	31	44	5.43642600000000e-01	4.13073143006176e+01	2.24564157454049e+01	1
19	58	32	45	5.73063600000000e-01	4.13072821111419e+01	2.36716997928266e+01	1
20	59	33	46	6.40011200000000e-01	4.13072709298605e+01	2.64371160365451e+01	1
21	60	34	47	6.61526800000000e-01	4.13072809197629e+01	2.73258733635518e+01	1
22	61	35	48	7.14812200000000e-01	4.13073126960998e+01	2.95269710643870e+01	1
23	62	36	49	7.61394400000000e-01	4.13073673457530e+01	3.14511981757992e+01	1
24	63	37	50	7.97464800000000e-01	4.13074464667389e+01	3.29412345351087e+01	1
25	64	38	51	8.33345400000000e-01	4.13075522308316e+01	3.44234586368233e+01	1
26	65	39	52	8.68233200000000e-01	4.13076874745201e+01	3.58647056806025e+01	1
27	66	40	53	8.92556200000000e-01	4.13078558265846e+01	3.68695828267242e+01	1
28	67	41	54	9.35715200000000e-01	4.13080618850840e+01	3.86525813884138e+01	1
29	68	42	55	9.77538200000000e-01	4.13083114635170e+01	4.03804524330858e+01	1
30	69	43	56	1.00694740000000e+00	4.13086119370964e+01	4.15955993876682e+01	1
31	70	44	57	1.04942320000000e+00	4.13089727386797e+01	4.33505943601380e+01	1
32	71	45	58	1.05748100000000e+00	4.13094060858874e+01	4.36839120571103e+01	1
33	72	46	59	1.07128700000000e+00	4.13099280780138e+01	4.42547889209112e+01	1
34	73	47	60	1.10266060000000e+00	4.13105604071419e+01	4.55515273248753e+01	1
35	74	48	61	1.13381300000000e+00	4.13113331326582e+01	4.68393265531386e+01	1
36	75	49	62	1.16144340000000e+00	4.13122893841295e+01	4.79818858440873e+01	1
37	76	50	63	1.20555980000000e+00	4.13134937480411e+01	4.98058872601897e+01	1
38	77	51	64	1.22981620000000e+00	4.13150481092680e+01	5.08099154685571e+01	1
39	78	52	65	1.27971480000000e+00	4.13171232394692e+01	5.28741341029727e+01	1
1	43	15	29	1.03428200000000e-01	4.44936163617446e+01	4.60189465178580e+00	1
2	44	16	30	8.56200000000000e-02	4.44917764379793e+01	3.80938589861979e+00	1
3	45	17	31	1.19038000000000e-01	4.44903850729106e+01	5.29604645830913e+00	1
4	46	18	32	1.23196400000000e-01	4.44892983278472e+01	5.48092139251680e+00	1
5	47	19	33	1.31785000000000e-01	4.44884288667533e+01	5.86290759820509e+00	1
6	48	20	34	1.16765400000000e-01	4.44877208743191e+01	5.19462652297821e+00	1
7	49	21	35	1.67586200000000e-01	4.44871370061049e+01	7.45543023973250e+00	1
8	50	22	36	1.91761600000000e-01	4.44866513101712e+01	8.53083143388053e+00	1
9	51	23	37	2.26420000000000e-01	4.44862451893612e+01	1.00725756357752e+01	1
10	52	24	38	2.43213200000000e-01	4.44859049923498e+01	1.08195593080854e+01	1
11	53	25	39	3.05945200000000e-01	4.44856205192982e+01	1.36101620669008e+01	1
12	54	26	40	3.49413400000000e-01	4.44853840633977e+01	1.55437892958976e+01	1
13	55	27	41	3.90368200000000e-01	4.44851897788442e+01	1.73656034606258e+01	1
14	56	28	42	4.30248800000000e-01	4.44850332550354e+01	1.91396321759391e+01	1
15	57	29	43	4.62492000000000e-01	4.44849112257763e+01	2.05739155626317e+01	1
16	58	30	44	4.94868600000000e-01	4.44848213701929e+01	2.20141412727174e+01	1
17	59	31	45	5.30563800000000e-01	4.44847621785430e+01	2.36020044635440e+01	1
18	60	32	46	5.68275800000000e-01	4.44847328662406e+01	2.52795971573492e+01	1
19	61	33	47	6.08294400000000e-01	4.44847333259243e+01	2.70598141676531e+01	1
20	62	34	48	6.56387400000000e-01	4.44847641118602e+01	2.91992386549972e+01	1
21	63	35	49	6.93684800000000e-01	4.44848264543353e+01	3.08584479420103e+01	1
22	64	36	50	7.51560600000000e-01	4.44849223045805e+01	3.34331148981839e+01	1
23	65	37	51	7.71363000000000e-01	4.44850544136857e+01	3.43141250277039e+01	1
24	66	38	52	8.06010800000000e-01	4.44852264524124e+01	3.58555729610901e+01	1
25	67	39	53	8.40809600000000e-01	4.44854431834334e+01	3.74037876888854e+01	1
26	68	40	54	8.76218800000000e-01	4.44857107042701e+01	3.89792160504427e+01	1
27	69	41	55	9.04344200000000e-01	4.44860367896539e+01	4.02306893517101e+01	1
28	70	42	56	9.32337000000000e-01	4.44864313789769e+01	4.14763459725812e+01	1
29	71	43	57	9.28169600000000e-01	4.44869072830139e+01	4.12913949381121e+01	1
30	72	44	58	9.36561800000000e-01	4.44874812339018e+01	4.16652755018893e+01	1
31	73	45	59	9.92144600000000e-01	4.44881754927027e+01	4.41387030789373e+01	1
32	74	46	60	1.01756180000000e+00	4.44890203996047e+01	4.52703276780585e+01	1
33	75	47	61	1.04095860000000e+00	4.44900585892539e+01	4.63123091029877e+01	1
34	76	48	62	1.03018240000000e+00	4.44913522942205e+01	4.58342080857056e+01	1
35	77	49	63	1.07841940000000e+00	4.44929966825359e+01	4.79821107865823e+01	1
36	78	50	64	1.10684740000000e+00	4.44951453111002e+01	4.92493359002135e+01	1
1	46	16	31	1.10535200000000e-01	4.76736988952871e+01	5.26962184213033e+00	1
2	47	17	32	1.16403800000000e-01	4.76718101236048e+01	5.54917985126607e+00	1
3	48	18	33	1.23774400000000e-01	4.76703526347634e+01	5.90036929515626e+00	1
4	49	19	34	1.36505600000000e-01	4.76691975391650e+01	6.50711241160224e+00	1
5	50	20	35	1.55035400000000e-01	4.76682640211926e+01	7.39026837983121e+00	1
6	51	21	36	1.77202200000000e-01	4.76674990434322e+01	8.44678569899408e+00	1
7	52	22	37	2.05438200000000e-01	4.76668663514725e+01	9.79259522288708e+00	1
8	53	23	38	2.42197200000000e-01	4.76663403291530e+01	1.15446541619679e+01	1
9	54	24	39	2.63064400000000e-01	4.76659024042928e+01	1.25392020164438e+01	1
10	55	25	40	3.18057800000000e-01	4.76655388582183e+01	1.51603964250594e+01	1
11	56	26	41	3.54371400000000e-01	4.76652394430250e+01	1.68911976327600e+01	1
12	57	27	42	3.92248200000000e-01	4.76649964830843e+01	1.86965090734961e+01	1
13	58	28	43	4.22897200000000e-01	4.76648042783437e+01	2.01573122678596e+01	1
14	59	29	44	4.51648000000000e-01	4.76646587030503e+01	2.15276477739152e+01	1
15	60	30	45	4.84814200000000e-01	4.76645569362356e+01	2.31084540393955e+01	1
16	61	31	46	5.19564400000000e-01	4.76644972852177e+01	2.47647759332957e+01	1
17	62	32	47	5.60422800000000e-01	4.76644790785608e+01	2.67122608257485e+01	1
18	63	33	48	5.99228400000000e-01	4.76645026147049e+01	2.85619236386054e+01	1
19	64	34	49	6.60291000000000e-01	4.76645691592780e+01	3.14724860347489e+01	1
20	65	35	50	6.80408800000000e-01	4.76646809894421e+01	3.24314683944091e+01	1
21	66	36	51	7.15994200000000e-01	4.76648414885413e+01	3.41277500497149e+01	1
22	67	37	52	7.56973200000000e-01	4.76650552997441e+01	3.60811694384243e+01	1
23	68	38	53	7.87705600000000e-01	4.76653285543616e+01	3.75462462281105e+01	1
24	69	39	54	8.16042800000000e-01	4.76656692005870e+01	3.88972261583208e+01	1
25	70	40	55	8.41513400000000e-01	4.76660874740153e+01	4.01116513349561e+01	1
26	71	41	56	8.65852400000000e-01	4.76665965768148e+01	4.12722370458669e+01	1
27	72	42	57	8.77668600000000e-01	4.76672136759351e+01	4.18360166928588e+01	1
28	73	43	58	8.95073600000000e-01	4.76679614079172e+01	4.26663338220455e+01	1
29	74	44	59	9.18936600000000e-01	4.76688702203842e+01	4.38046695261611e+01	1
30	75	45	60	9.41980200000000e-01	4.76699821548751e+01	4.49041793242457e+01	1
31	76	46	61	9.53028600000000e-01	4.76713572290692e+01	4.54321668401197e+01	1
32	77	47	62	9.67380400000000e-01	4.76730847336280e+01	4.61180077788509e+01	1
33	78	48	63	9.96297800000000e-01	4.76753039147486e+01	4.74988004045954e+01	1
1	49	17	33	1.16046200000000e-01	5.08553276224334e+01	5.90156752033843e+00	1
2	50	18	34	1.26957200000000e-01	5.08533921148689e+01	6.45620427340583e+00	1
3	51	19	35	1.40859800000000e-01	5.08518746018679e+01	7.16298488604420e+00	1
4	52	20	36	1.63591800000000e-01	5.08506589063599e+01	8.31875082167744e+00	1
5	53	21	37	1.91308000000000e-01	5.08496700298596e+01	9.72794867407238e+00	1
6	54	22	38	2.22306000000000e-01	5.08488576148270e+01	1.13040061409217e+01	1
7	55	23	39	2.55869200000000e-01	5.08481866333191e+01	1.30104848353181e+01	1
8	56	24	40	2.90591000000000e-01	5.08476320388799e+01	1.47758642418102e+01	1
9	57	25	41	3.24271400000000e-01	5.08471755671782e+01	1.64882848072147e+01	1
10	58	26	42	3.75712600000000e-01	5.08468037506756e+01	1.91037848388561e+01	1
11	59	27	43	3.87548200000000e-01	5.08465066490433e+01	1.97054721281248e+01	1
12	60	28	44	4.14428000000000e-01	5.08462770192727e+01	2.10721208925432e+01	1
13	61	29	45	4.46306800000000e-01	5.08461097672775e+01	2.26929645426824e+01	1
14	62	30	46	4.80159000000000e-01	5.08460015879159e+01	2.44141652764521e+01	1
15	63	31	47	5.12401200000000e-01	5.08459507379115e+01	2.60535261732467e+01	1
16	64	32	48	5.53685400000000e-01	5.08459569088821e+01	2.81526639894771e+01	1
17	65	33	49	5.91633800000000e-01	5.08460211823912e+01	3.00822247270186e+01	1
18	66	34	50	6.29601400000000e-01	5.08461460594514e+01	3.20128047436351e+01	1
19	67	35	51	6.70714000000000e-01	5.08463355656614e+01	3.41033491125870e+01	1
20	68	36	52	6.86874600000000e-01	5.08465954419697e+01	3.49252349055648e+01	1
21	69	37	53	7.42575800000000e-01	5.08469334417834e+01	3.77577022780791e+01	1
22	70	38	54	7.59438400000000e-01	5.08473597702071e+01	3.86154375481104e+01	1
23	71	39	55	7.83455800000000e-01	5.08478877244721e+01	3.98370725554865e+01	1
24	72	40	56	8.00647200000000e-01	5.08485346329432e+01	4.07117368779690e+01	1
25	73	41	57	8.20525000000000e-01	5.08493232562869e+01	4.17231409648648e+01	1
26	74	42	58	8.40844000000000e-01	5.08502839337005e+01	4.27571561439484e+01	1
27	75	43	59	8.58613800000000e-01	5.08514579813124e+01	4.36617635728749e+01	1
28	76	44	60	8.77060000000000e-01	5.08529032890249e+01	4.46010473586722e+01	1
29	77	45	61	8.87535000000000e-01	5.08547039456428e+01	4.51353296663960e+01	1
30	78	46	62	9.07758800000000e-01	5.08569871760743e+01	4.61658776505686e+01	1
1	52	18	35	1.31806400000000e-01	5.40380452773607e+01	7.12256021104592e+00	1
2	53	19	36	1.66257800000000e-01	5.40360692992426e+01	8.98391800233962e+00	1
3	54	20	37	1.76827000000000e-01	5.40345018817840e+01	9.55475886425021e+00	1
4	55	21	38	2.03828800000000e-01	5.40332377521252e+01	1.10135300111304e+01	1
5	56	22	39	2.35119200000000e-01	5.40322072190624e+01	1.27040093355802e+01	1
6	57	23	40	2.67374000000000e-01	5.40313626148900e+01	1.44465815477936e+01	1
7	58	24	41	2.99736800000000e-01	5.40306703741804e+01	1.61949802398116e+01	1
8	59	25	42	3.31124000000000e-01	5.40301063709605e+01	1.78906649419779e+01	1
9	60	26	43	3.57043600000000e-01	5.40296530760735e+01	1.92909418410324e+01	1
10	61	27	44	3.82139200000000e-01	5.40292977703485e+01	2.06467126265228e+01	1
11	62	28	45	4.14979400000000e-01	5.40290313968394e+01	2.24209350316416e+01	1
12	63	29	46	4.41755800000000e-01	5.40288478174744e+01	2.38675568906866e+01	1
13	64	30	47	4.74695600000000e-01	5.40287433386389e+01	2.56472067363812e+01	1
14	65	31	48	5.02770200000000e-01	5.40287164267476e+01	2.71640285636192e+01	1
15	66	32	49	5.57690800000000e-01	5.40287675689656e+01	3.01313466085505e+01	1
16	67	33	50	5.90634000000000e-01	5.40288992565851e+01	3.19113048835139e+01	1
17	68	34	51	6.27592600000000e-01	5.40291160852532e+01	3.39082734396459e+01	1
18	69	35	52	6.58950800000000e-01	5.40294249813148e+01	3.56027328149774e+01	1
19	70	36	53	6.83800400000000e-01	5.40298355804266e+01	3.69456231818300e+01	1
20	71	37	54	7.07910800000000e-01	5.40303608073710e+01	3.82486759434347e+01	1
21	72	38	55	7.26348800000000e-01	5.40310177407836e+01	3.92453648987969e+01	1
22	73	39	56	7.52246000000000e-01	5.40318289040355e+01	4.06452271657451e+01	1
23	74	40	57	7.73689400000000e-01	5.40328242240884e+01	4.18046233542404e+01	1
24	75	41	58	7.89347600000000e-01	5.40340440841456e+01	4.26516430161145e+01	1
25	76	42	59	8.00698800000000e-01	5.40355442462090e+01	4.32661954352865e+01	1
26	77	43	60	8.29074600000000e-01	5.40374040971619e+01	4.48010391868928e+01	1
27	78	44	61	8.34560200000000e-01	5.40397406174239e+01	4.50994167376254e+01	1
1	55	19	37	1.64117800000000e-01	5.72214984327403e+01	9.39106643548479e+00	1
2	56	20	38	1.88769800000000e-01	5.72194940015354e+01	1.08013124387710e+01	1
3	57	21	39	2.17697600000000e-01	5.72178927684884e+01	1.24561979327573e+01	1
4	58	22	40	2.48531600000000e-01	5.72165990355767e+01	1.42201329048703e+01	1
5	59	23	41	2.76886000000000e-01	5.72155481432597e+01	1.58421842631946e+01	1
6	60	24	42	3.05955200000000e-01	5.72146953003312e+01	1.75051335435519e+01	1
7	61	25	43	3.29869400000000e-01	5.72140088238218e+01	1.88731507623088e+01	1
8	62	26	44	3.56025200000000e-01	5.72134660765949e+01	2.03694357026129e+01	1
9	63	27	45	3.62620000000000e-01	5.72130509586983e+01	2.07465965386432e+01	1
10	64	28	46	4.11166200000000e-01	5.72127523265373e+01	2.35239499656435e+01	1
11	65	29	47	4.41155600000000e-01	5.72125629926985e+01	2.52396425545817e+01	1
12	66	30	48	4.75715600000000e-01	5.72124791099661e+01	2.72168688272850e+01	1
13	67	31	49	5.13499800000000e-01	5.72124998282780e+01	2.93786072193208e+01	1
14	68	32	50	5.51638000000000e-01	5.72126271648584e+01	3.15606592239682e+01	1
15	69	33	51	5.82800400000000e-01	5.72128660623810e+01	3.33436812263021e+01	1
16	70	34	52	6.13744000000000e-01	5.72132246376451e+01	3.51142733420068e+01	1
17	71	35	53	6.36623800000000e-01	5.72137146510323e+01	3.64236124332559e+01	1
18	72	36	54	6.56250200000000e-01	5.72143522620958e+01	3.75469301148708e+01	1
19	73	37	55	6.83024200000000e-01	5.72151591889467e+01	3.90793383329030e+01	1
20	74	38	56	6.73988000000000e-01	5.72161644755645e+01	3.85630082625567e+01	1
21	75	39	57	7.25833200000000e-01	5.72174072236729e+01	4.15302937808616e+01	1
22	76	40	58	7.37346400000000e-01	5.72189409270990e+01	4.21901801044091e+01	1
23	77	41	59	7.48832600000000e-01	5.72208405680469e+01	4.28488308167561e+01	1
24	78	42	60	7.69002600000000e-01	5.72232142079643e+01	4.40048005062815e+01	1
1	58	20	39	2.02373600000000e-01	6.04054055658487e+01	1.22244593838208e+01	1
2	59	21	40	2.30580800000000e-01	6.04033930021974e+01	1.39278626811611e+01	1
3	60	22	41	2.56932600000000e-01	6.04017830638663e+01	1.55191871672351e+01	1
4	61	23	42	2.84947200000000e-01	6.04004887817895e+01	1.72109501570023e+01	1
5	62	24	43	3.07829200000000e-01	6.03994505694455e+01	1.85927145492319e+01	1
6	63	25	44	3.29574600000000e-01	6.03986269949800e+01	1.99058533324197e+01	1
7	64	26	45	3.55993000000000e-01	6.03979890123691e+01	2.15012613024803e+01	1
8	65	27	46	3.96024800000000e-01	6.03975164471705e+01	2.39189143714874e+01	1
9	66	28	47	3.97683600000000e-01	6.03971958266152e+01	2.40189742662333e+01	1
10	67	29	48	4.47944800000000e-01	6.03970190440585e+01	2.70545306162870e+01	1
11	68	30	49	4.81259000000000e-01	6.03969825744199e+01	2.90665914367827e+01	1
12	69	31	50	5.11733800000000e-01	6.03970870857993e+01	3.09072308833470e+01	1
13	70	32	51	5.41552400000000e-01	6.03973373711192e+01	3.27083230069393e+01	1
14	71	33	52	5.69805200000000e-01	6.03977425790315e+01	3.44149477897936e+01	1
15	72	34	53	5.90216800000000e-01	6.03983167720601e+01	3.56481012505917e+01	1
16	73	35	54	6.15761200000000e-01	6.03990798957992e+01	3.71914099155332e+01	1
17	74	36	55	6.43604600000000e-01	6.04000593226145e+01	3.88737560203076e+01	1
18	75	37	56	6.63980600000000e-01	6.04012922634016e+01	4.01052862778288e+01	1
19	76	38	57	6.85362600000000e-01	6.04028295698587e+01	4.13978403213552e+01	1
20	77	39	58	6.91205400000000e-01	6.04047418532679e+01	4.17520837545848e+01	1
21	78	40	59	7.09271000000000e-01	6.04071291444922e+01	4.28450248954431e+01	1
1	61	21	41	2.43034400000000e-01	6.35895415591644e+01	1.54544460791066e+01	1
2	62	22	42	2.66241000000000e-01	6.35875535892249e+01	1.69296138551488e+01	1
3	63	23	43	2.86884600000000e-01	6.35859739570793e+01	1.82418367042871e+01	1
4	64	24	44	3.07786400000000e-01	6.35847241461178e+01	1.95705133399267e+01	1
5	65	25	45	3.33009400000000e-01	6.35837501690564e+01	2.11739864935474e+01	1
6	66	26	46	3.57715600000000e-01	6.35830149601683e+01	2.27446363462856e+01	1
7	67	27	47	3.88793200000000e-01	6.35824934934420e+01	2.47204411092945e+01	1
8	68	28	48	4.04261200000000e-01	6.35821698170764e+01	2.57038042688551e+01	1
9	69	29	49	4.58375800000000e-01	6.35820352869958e+01	2.91444662903049e+01	1
10	70	30	50	4.77441200000000e-01	6.35820875962223e+01	3.03567082004455e+01	1
11	71	31	51	5.03504400000000e-01	6.35823303895204e+01	3.20139831133773e+01	1
12	72	32	52	5.27758200000000e-01	6.35827733751676e+01	3.35563300274864e+01	1
13	73	33	53	5.51836000000000e-01	6.35834329389815e+01	3.50876272993158e+01	1
14	74	34	54	5.79966400000000e-01	6.35843333593628e+01	3.68767769148295e+01	1
15	75	35	55	6.03817800000000e-01	6.35855088456003e+01	3.83940620630309e+01	1
16	76	36	56	6.25624800000000e-01	6.35870068161400e+01	3.97816084219462e+01	1
17	77	37	57	6.40162200000000e-01	6.35888931505508e+01	4.07072057348215e+01	1
18	78	38	58	6.56803000000000e-01	6.35912602452939e+01	4.17669305028898e+01	1
1	64	22	43	2.56690400000000e-01	6.67737367122330e+01	1.71401771861578e+01	1
2	65	23	44	2.88848000000000e-01	6.67718251636214e+01	1.92869081548617e+01	1
3	66	24	45	3.12020000000000e-01	6.67703367431896e+01	2.08336804706100e+01	1
4	67	25	46	3.38162200000000e-01	6.67692019143868e+01	2.25788202116132e+01	1
5	68	26	47	3.65845800000000e-01	6.67683736507431e+01	2.44269290729550e+01	1
6	69	27	48	3.92403000000000e-01	6.67678212547752e+01	2.61998933638376e+01	1
7	70	28	49	4.20210800000000e-01	6.67675263605022e+01	2.80564356659677e+01	1
8	71	29	50	4.45285600000000e-01	6.67674806328860e+01	2.97305976741030e+01	1
9	72	30	51	4.67296800000000e-01	6.67676846278865e+01	3.12003253700206e+01	1
10	73	31	52	4.94052200000000e-01	6.67681475413833e+01	3.29869501827450e+01	1
11	74	32	53	5.18478200000000e-01	6.67688877700197e+01	3.46182127470018e+01	1
12	75	33	54	5.42143600000000e-01	6.67699343757487e+01	3.61988925942322e+01	1
13	76	34	55	5.72098800000000e-01	6.67713297417013e+01	3.81997976196316e+01	1
14	77	35	56	5.71485600000000e-01	6.67731339737372e+01	3.81598845328616e+01	1
15	78	36	57	6.06338800000000e-01	6.67754315558733e+01	4.04885350390704e+01	1
1	67	23	45	2.95595600000000e-01	6.99578910207631e+01	2.06792447710171e+01	1
2	68	24	46	3.18962400000000e-01	6.99561380311926e+01	2.23133776811605e+01	1
3	69	25	47	3.43093400000000e-01	6.99548371571848e+01	2.40010429267049e+01	1
4	70	26	48	3.67527200000000e-01	6.99539297277368e+01	2.57099719218319e+01	1
5	71	27	49	3.92137200000000e-01	6.99533786543471e+01	2.74313220360554e+01	1
6	72	28	50	4.14364400000000e-01	6.99531636807050e+01	2.89861006966571e+01	1
7	73	29	51	4.38962400000000e-01	6.99532784969391e+01	3.07068590168848e+01	1
8	74	30	52	4.64950400000000e-01	6.99537295462292e+01	3.25250145340111e+01	1
9	75	31	53	5.03882200000000e-01	6.99545362363230e+01	3.52488456187382e+01	1
10	76	32	54	5.07507000000000e-01	6.99557325664888e+01	3.55030239676210e+01	1
11	77	33	55	5.28571400000000e-01	6.99573704791825e+01	3.69774652545002e+01	1
12	78	34	56	5.53942800000000e-01	6.99595251327418e+01	3.87535752387014e+01	1
1	70	24	47	3.20977000000000e-01	7.31420085272694e+01	2.34769024710574e+01	1
2	71	25	48	3.44292800000000e-01	7.31405460608014e+01	2.51817633968023e+01	1
3	72	26	49	3.65991600000000e-01	7.31395885457080e+01	2.67684750351853e+01	1
4	73	27	50	3.90721200000000e-01	7.31390927635292e+01	2.85769940914774e+01	1
5	74	28	51	4.14651800000000e-01	7.31390380788679e+01	3.03272337896711e+01	1
6	75	29	52	4.36680800000000e-01	7.31394235988651e+01	3.19385820086913e+01	1
7	76	30	53	4.30889800000000e-01	7.31402673243792e+01	3.15153951593483e+01	1
8	77	31	54	4.83875200000000e-01	7.31416075826923e+01	3.53914099973968e+01	1
9	78	32	55	4.99601200000000e-01	7.31435064822567e+01	3.65425836107432e+01	1
1	73	25	49	3.44690200000000e-01	7.63262641011598e+01	2.63089152382816e+01	1
2	74	26	50	3.68583000000000e-01	7.63253100172953e+01	2.81322117421048e+01	1
3	75	27	51	3.90025400000000e-01	7.63249570208035e+01	2.97686718920217e+01	1
4	76	28	52	4.10105400000000e-01	7.63251882378492e+01	3.13013718523585e+01	1
5	77	29	53	4.27074000000000e-01	7.63260148987106e+01	3.25968564868519e+01	1
6	78	30	54	4.49908800000000e-01	7.63274767351182e+01	3.43404034649250e+01	1
1	76	26	51	3.66632200000000e-01	7.95111323328814e+01	2.91513413716954e+01	1
2	77	27	52	3.85339400000000e-01	7.95110631625720e+01	3.06387453724276e+01	1
3	78	28	53	4.05220600000000e-01	7.95117772395324e+01	3.22198100800697e+01	1
0
