78
# x y z
0	0	-65
0	0	-64.75
0	0	-64.5
0	0	-64.25
0	0	-64
0	0	-63.75
0	0	-63.5
0	0	-63.25
0	0	-63
0	0	-62.75
0	0	-62.5
0	0	-62.25
0	0	-62
0	0	-61.75
0	0	-61.5
0	0	-61.25
0	0	-61
0	0	-60.75
0	0	-60.5
0	0	-60.25
0	0	-60
0	0	-59.75
0	0	-59.5
0	0	-59.25
0	0	-59
0	0	-58.75
0	0	-58.5
0	0	-58.25
0	0	-58
0	0	-57.75
0	0	-57.5
0	0	-57.25
0	0	-57
0	0	-56.75
0	0	-56.5
0	0	-56.25
0	0	-56
0	0	-55.75
0	0	-55.5
0	0	-55.25
0	0	-55
0	0	-54.75
0	0	-54.5
0	0	-54.25
0	0	-54
0	0	-53.75
0	0	-53.5
0	0	-53.25
0	0	-53
0	0	-52.75
0	0	-52.5
0	0	-52.25
0	0	-52
0	0	-51.75
0	0	-51.5
0	0	-51.25
0	0	-51
0	0	-50.75
0	0	-50.5
0	0	-50.25
0	0	-50
0	0	-49.75
0	0	-49.5
0	0	-49.25
0	0	-49
0	0	-48.75
0	0	-48.5
0	0	-48.25
0	0	-48
0	0	-47.75
0	0	-47.5
0	0	-47.25
0	0	-47
0	0	-46.75
0	0	-46.5
0	0	-46.25
0	0	-46
0	0	-45.75
975
# a b m n r k rhoa valid
1	4	2	3	5.26256666666667e-01	3.47815707715206e+00	1.83040334956512e+00	1
2	5	3	4	5.43634000000000e-01	3.47742049433410e+00	1.89044401301682e+00	1
3	6	4	5	5.38948666666667e-01	3.47732473427868e+00	1.87409952910651e+00	1
4	7	5	6	5.46896000000000e-01	3.47730074568168e+00	1.90172186861033e+00	1
5	8	6	7	5.86436000000000e-01	3.47729241439015e+00	2.03920945432530e+00	1
6	9	7	8	5.76499333333333e-01	3.47728885666618e+00	2.00465470767548e+00	1
7	10	8	9	5.75812666666667e-01	3.47728709880756e+00	2.00226595712998e+00	1
8	11	9	10	5.66274666666667e-01	3.47728612935104e+00	1.96909904380288e+00	1
9	12	10	11	5.92847333333333e-01	3.47728554664617e+00	2.06149946356772e+00	1
10	13	11	12	5.91650666666667e-01	3.47728517142828e+00	2.05733808986565e+00	1
11	14	12	13	5.93992000000000e-01	3.47728491595415e+00	2.06547942179744e+00	1
12	15	13	14	6.21882666666667e-01	3.47728473392160e+00	2.16246310309045e+00	1
13	16	14	15	6.46149333333333e-01	3.47728459931182e+00	2.24684512565560e+00	1
14	17	15	16	6.44452000000000e-01	3.47728449669944e+00	2.24094294846695e+00	1
15	18	16	17	6.65277333333333e-01	3.47728441650569e+00	2.31335850385446e+00	1
16	19	17	18	6.70552666666667e-01	3.47728435253629e+00	2.33170229535148e+00	1
17	20	18	19	7.29114000000000e-01	3.47728430064022e+00	2.53533666557699e+00	1
18	21	19	20	7.23793333333333e-01	3.47728425794662e+00	2.51683516400671e+00	1
19	22	20	21	7.96426666666667e-01	3.47728422241404e+00	2.76940188230980e+00	1
20	23	21	22	8.15541333333333e-01	3.47728419255465e+00	2.83586898677494e+00	1
21	24	22	23	9.00320000000000e-01	3.47728416726046e+00	3.13066848146793e+00	1
22	25	23	24	1.00202133333333e+00	3.47728414569055e+00	3.48431289604370e+00	1
23	26	24	25	1.05769533333333e+00	3.47728412719609e+00	3.67790719400938e+00	1
24	27	25	26	1.19287066666667e+00	3.47728411126930e+00	4.14795021599921e+00	1
25	28	26	27	1.25833200000000e+00	3.47728409750789e+00	4.37557785298530e+00	1
26	29	27	28	1.36987000000000e+00	3.47728408558996e+00	4.76342715032711e+00	1
27	30	28	29	1.54545866666667e+00	3.47728407525575e+00	5.37399881056598e+00	1
28	31	29	30	1.60605666666667e+00	3.47728406629441e+00	5.58471525656591e+00	1
29	32	30	31	1.88577866666667e+00	3.47728405853405e+00	6.55738809552359e+00	1
30	33	31	32	2.03480333333333e+00	3.47728405183432e+00	7.07558917961930e+00	1
31	34	32	33	2.33710933333333e+00	3.47728404608077e+00	8.12679299874647e+00	1
32	35	33	34	2.84848733333333e+00	3.47728404118055e+00	9.90499954570494e+00	1
33	36	34	35	3.52353733333333e+00	3.47728403705906e+00	1.22523401231817e+01	1
34	37	35	36	4.42441200000000e+00	3.47728403365750e+00	1.53849372059227e+01	1
35	38	36	37	5.86516000000000e+00	3.47728403093086e+00	2.03948272068545e+01	1
36	39	37	38	8.06189000000000e+00	3.47728402884659e+00	2.80334813393180e+01	1
37	40	38	39	1.11283680000000e+01	3.47728402738350e+00	3.86964962972457e+01	1
38	41	39	40	1.35760706666667e+01	3.47728402653119e+00	4.72078536722587e+01	1
39	42	40	41	1.59306533333333e+01	3.47728402628962e+00	5.53954063643575e+01	1
40	43	41	42	1.72990840000000e+01	3.47728402666908e+00	6.01538284692067e+01	1
41	44	42	43	1.73826066666667e+01	3.47728402769042e+00	6.04442605216251e+01	1
42	45	43	44	1.73977253333333e+01	3.47728402938557e+00	6.04968324492368e+01	1
43	46	44	45	1.74161860000000e+01	3.47728403179835e+00	6.05610254726299e+01	1
44	47	45	46	1.75208573333333e+01	3.47728403498561e+00	6.09249974844606e+01	1
45	48	46	47	1.72014180000000e+01	3.47728403901892e+00	5.98142162598927e+01	1
46	49	47	48	1.78199420000000e+01	3.47728404398647e+00	6.19649999813643e+01	1
47	50	48	49	1.72938433333333e+01	3.47728404999583e+00	6.01356055861267e+01	1
48	51	49	50	1.75751806666667e+01	3.47728405717725e+00	6.11138955342099e+01	1
49	52	50	51	1.71524126666667e+01	3.47728406568797e+00	5.96438112539045e+01	1
50	53	51	52	1.75356440000000e+01	3.47728407571770e+00	6.09764156386546e+01	1
51	54	52	53	1.71792760000000e+01	3.47728408749564e+00	5.97372230694958e+01	1
52	55	53	54	1.81614700000000e+01	3.47728410129964e+00	6.31525908872303e+01	1
53	56	54	55	1.78942666666667e+01	3.47728411746808e+00	6.22234492737385e+01	1
54	57	55	56	1.81153480000000e+01	3.47728413641573e+00	6.29922122260504e+01	1
55	58	56	57	1.80842406666667e+01	3.47728415865493e+00	6.28840435915033e+01	1
56	59	57	58	1.80642373333333e+01	3.47728418482455e+00	6.28144867901173e+01	1
57	60	58	59	1.85010640000000e+01	3.47728421573013e+00	6.43334578214129e+01	1
58	61	59	60	1.82427120000000e+01	3.47728425240076e+00	6.34350951586824e+01	1
59	62	60	61	1.84411173333333e+01	3.47728429617130e+00	6.41250077070524e+01	1
60	63	61	62	1.82988153333333e+01	3.47728434880419e+00	6.36301841602582e+01	1
61	64	62	63	1.91124506666667e+01	3.47728441267483e+00	6.64594267912168e+01	1
62	65	63	64	1.84842000000000e+01	3.47728449106176e+00	6.42748219896838e+01	1
63	66	64	65	1.88345580000000e+01	3.47728458861609e+00	6.54931182667959e+01	1
64	67	65	66	1.85989966666667e+01	3.47728471214823e+00	6.46740067702960e+01	1
65	68	66	67	1.87816140000000e+01	3.47728487199975e+00	6.53090222339386e+01	1
66	69	67	68	1.92730773333333e+01	3.47728508454477e+00	6.70179843444779e+01	1
67	70	68	69	2.01351006666667e+01	3.47728537698794e+00	7.00154911123801e+01	1
68	71	69	70	1.97596453333333e+01	3.47728579712032e+00	6.87099340737349e+01	1
69	72	70	71	1.92473020000000e+01	3.47728643456194e+00	6.69283821465169e+01	1
70	73	71	72	1.93363500000000e+01	3.47728747094865e+00	6.72380475888780e+01	1
71	74	72	73	1.84300800000000e+01	3.47728931091876e+00	6.40867201833777e+01	1
72	75	73	74	1.80943760000000e+01	3.47729296962236e+00	6.29194464545035e+01	1
73	76	74	75	1.82350320000000e+01	3.47730142472331e+00	6.34087027534751e+01	1
74	77	75	76	1.77751133333333e+01	3.47732555701819e+00	6.18098558728948e+01	1
75	78	76	77	1.71737400000000e+01	3.47742126135628e+00	5.97203286130048e+01	1
1	7	3	5	2.85939333333333e-01	6.58485416720461e+00	1.88286881066771e+00	1
2	8	4	6	2.85726000000000e-01	6.58353495932659e+00	1.88108710978855e+00	1
3	9	5	7	3.00695333333333e-01	6.58323705804455e+00	1.97954866158106e+00	1
4	10	6	8	3.11806666666667e-01	6.58313651304757e+00	2.05266585234499e+00	1
5	11	7	9	3.03398000000000e-01	6.58309373580844e+00	1.99729747325681e+00	1
6	12	8	10	2.99580666666667e-01	6.58307246862892e+00	1.97216123886683e+00	1
7	13	9	11	3.12796000000000e-01	6.58306061990103e+00	2.05915502966256e+00	1
8	14	10	12	3.17973333333333e-01	6.58305341581453e+00	2.09323543813793e+00	1
9	15	11	13	3.17590000000000e-01	6.58304872345411e+00	2.09071044408179e+00	1
10	16	12	14	3.22420000000000e-01	6.58304549401131e+00	2.12250552817913e+00	1
11	17	13	15	3.35006666666667e-01	6.58304317042479e+00	2.20536334904678e+00	1
12	18	14	16	3.44295333333333e-01	6.58304143732090e+00	2.26651044600954e+00	1
13	19	15	17	3.48303333333333e-01	6.58304010624948e+00	2.29289481247371e+00	1
14	20	16	18	3.61520666666667e-01	6.58303905925018e+00	2.37990466939283e+00	1
15	21	17	19	3.75144000000000e-01	6.58303821944168e+00	2.46958728979423e+00	1
16	22	18	20	3.94005333333333e-01	6.58303753491103e+00	2.59375189828846e+00	1
17	23	19	21	4.18508666666667e-01	6.58303696949726e+00	2.75505802472167e+00	1
18	24	20	22	4.39152666666667e-01	6.58303649731291e+00	2.89095803255896e+00	1
19	25	21	23	4.68058000000000e-01	6.58303609937429e+00	3.08124271060093e+00	1
20	26	22	24	5.19573333333333e-01	6.58303576146410e+00	3.42036983403644e+00	1
21	27	23	25	5.59501333333333e-01	6.58303547273729e+00	3.68321712437715e+00	1
22	28	24	26	6.04594666666667e-01	6.58303522478860e+00	3.98006798738599e+00	1
23	29	25	27	6.57505333333333e-01	6.58303501101420e+00	4.32838062926190e+00	1
24	30	26	28	7.12716000000000e-01	6.58303482616551e+00	4.69183424916538e+00	1
25	31	27	29	7.77696000000000e-01	6.58303466603135e+00	5.11959972763392e+00	1
26	32	28	30	8.51535333333333e-01	6.58303452720754e+00	5.60568650047051e+00	1
27	33	29	31	9.53870000000000e-01	6.58303440692740e+00	6.27935902973584e+00	1
28	34	30	32	1.06003133333333e+00	6.58303430293540e+00	6.97822262951969e+00	1
29	35	31	33	1.20971666666667e+00	6.58303421339191e+00	7.96360620517708e+00	1
30	36	32	34	1.45879800000000e+00	6.58303413680072e+00	9.60331703269661e+00	1
31	37	33	35	1.82907733333333e+00	6.58303407195382e+00	1.20408784055718e+01	1
32	38	34	36	2.34690266666667e+00	6.58303401788903e+00	1.54497400913411e+01	1
33	39	35	37	3.00845866666667e+00	6.58303397385773e+00	1.98047856116134e+01	1
34	40	36	38	3.87872933333333e+00	6.58303393930076e+00	2.55338068426948e+01	1
35	41	37	39	5.06314800000000e+00	6.58303391383070e+00	3.33308749947441e+01	1
36	42	38	40	5.90661600000000e+00	6.58303389721979e+00	3.88834533458608e+01	1
37	43	39	41	6.57271600000000e+00	6.58303388939249e+00	4.32684121733522e+01	1
38	44	40	42	7.26474066666667e+00	6.58303389042258e+00	4.78240340137978e+01	1
39	45	41	43	7.74149533333333e+00	6.58303390053433e+00	5.09625262201617e+01	1
40	46	42	44	7.88498533333333e+00	6.58303392010780e+00	5.19071259088859e+01	1
41	47	43	45	8.19681733333333e+00	6.58303394968854e+00	5.39599267847289e+01	1
42	48	44	46	8.38535600000000e+00	6.58303399000203e+00	5.52010835662675e+01	1
43	49	45	47	8.24816933333333e+00	6.58303404197357e+00	5.42979795052957e+01	1
44	50	46	48	8.26269400000000e+00	6.58303410675452e+00	5.43935964156759e+01	1
45	51	47	49	8.46344800000000e+00	6.58303418575626e+00	5.57151675133705e+01	1
46	52	48	50	8.50306000000000e+00	6.58303428069365e+00	5.59759354707949e+01	1
47	53	49	51	8.63601133333333e+00	6.58303439364049e+00	5.68511596312024e+01	1
48	54	50	52	8.78267466666667e+00	6.58303452710041e+00	5.78166505709567e+01	1
49	55	51	53	8.90276066666667e+00	6.58303468409774e+00	5.86071822528878e+01	1
50	56	52	54	9.06078066666667e+00	6.58303486829510e+00	5.96474350626408e+01	1
51	57	53	55	9.34389733333333e+00	6.58303508414661e+00	6.15112039679972e+01	1
52	58	54	56	9.30084400000000e+00	6.58303533710019e+00	6.12277847168563e+01	1
53	59	55	57	9.31389000000000e+00	6.58303563386804e+00	6.13136697599272e+01	1
54	60	56	58	9.47022333333333e+00	6.58303598279373e+00	6.23428209684261e+01	1
55	61	57	59	9.77270466666667e+00	6.58303639435943e+00	6.43340704919929e+01	1
56	62	58	60	9.89080800000000e+00	6.58303688189979e+00	6.51115538557895e+01	1
57	63	59	61	9.68659133333333e+00	6.58303746262892e+00	6.37671936325099e+01	1
58	64	60	62	9.64942266666667e+00	6.58303815915277e+00	6.35225176284604e+01	1
59	65	61	63	1.01016060000000e+01	6.58303900175572e+00	6.64992662783696e+01	1
60	66	62	64	1.01604906666667e+01	6.58304003195890e+00	6.68869168030114e+01	1
61	67	63	65	1.01861220000000e+01	6.58304130823877e+00	6.70556618967597e+01	1
62	68	64	66	1.03867533333333e+01	6.58304291555025e+00	6.83764429465679e+01	1
63	69	65	67	1.03987646666667e+01	6.58304498183116e+00	6.84555355561432e+01	1
64	70	66	68	1.05451293333333e+01	6.58304770792067e+00	6.94190894875271e+01	1
65	71	67	69	1.14430153333333e+01	6.58305142464892e+00	7.53299583923795e+01	1
66	72	68	70	1.15053240000000e+01	6.58305670844890e+00	7.57402003410782e+01	1
67	73	69	71	1.12705013333333e+01	6.58306463250190e+00	7.41944387180322e+01	1
68	74	70	72	1.16640733333333e+01	6.58307736044765e+00	7.67854970912679e+01	1
69	75	71	73	1.17371733333333e+01	6.58309970464459e+00	7.72669823040290e+01	1
70	76	72	74	1.12126306666667e+01	6.58314380332844e+00	7.38143600922771e+01	1
71	77	73	75	1.14228226666667e+01	6.58324595344931e+00	7.51992510973024e+01	1
72	78	74	76	1.17008653333333e+01	6.58354541881103e+00	7.70331783613914e+01	1
1	10	4	7	1.98607333333333e-01	9.69656378803783e+00	1.92580867643876e+00	1
2	11	5	8	2.01042666666667e-01	9.69500667233309e+00	1.94910999475697e+00	1
3	12	6	9	2.04963333333333e-01	9.69452954121243e+00	1.98702308986537e+00	1
4	13	7	10	2.03472666666667e-01	9.69433503884503e+00	1.97253220191390e+00	1
5	14	8	11	2.03570000000000e-01	9.69424019315070e+00	1.97345647611969e+00	1
6	15	9	12	2.06854666666667e-01	9.69418775758572e+00	2.00528797719947e+00	1
7	16	10	13	2.15772000000000e-01	9.69415592662205e+00	2.09172741259909e+00	1
8	17	11	14	2.21504000000000e-01	9.69413515858489e+00	2.14728971416719e+00	1
9	18	12	15	2.28940666666667e-01	9.69412081779500e+00	2.21937848277320e+00	1
10	19	13	16	2.32302666666667e-01	9.69411045817271e+00	2.25196771039474e+00	1
11	20	14	17	2.38739333333333e-01	9.69410269904210e+00	2.31436361563418e+00	1
12	21	15	18	2.41468000000000e-01	9.69409671590924e+00	2.34081414579717e+00	1
13	22	16	19	2.52072666666667e-01	9.69409199219850e+00	2.44361561938546e+00	1
14	23	17	20	2.64072666666667e-01	9.69408819056566e+00	2.55994371938452e+00	1
15	24	18	21	2.81502666666667e-01	9.69408508262775e+00	2.72891080165327e+00	1
16	25	19	22	2.94616000000000e-01	9.69408250882460e+00	2.85603181241987e+00	1
17	26	20	23	3.16615333333333e-01	9.69408035456797e+00	3.06929448282165e+00	1
18	27	21	24	3.40535333333333e-01	9.69407853556327e+00	3.30117626546755e+00	1
19	28	22	25	3.70319333333333e-01	9.69407698848817e+00	3.58990412765895e+00	1
20	29	23	26	4.06810666666667e-01	9.69407566490302e+00	3.94365338395631e+00	1
21	30	24	27	4.35902000000000e-01	9.69407452716942e+00	4.22566647454220e+00	1
22	31	25	28	4.61832666666667e-01	9.69407354565040e+00	4.47703983645051e+00	1
23	32	26	29	5.11636000000000e-01	9.69407269674891e+00	4.95983657827383e+00	1
24	33	27	30	5.63664000000000e-01	9.69407196150730e+00	5.46419937811105e+00	1
25	34	28	31	6.32473333333333e-01	9.69407132459011e+00	6.13124160423459e+00	1
26	35	29	32	7.08952666666667e-01	9.69407077353438e+00	6.87263732575260e+00	1
27	36	30	33	8.17046000000000e-01	9.69407029818987e+00	7.92050136085484e+00	1
28	37	31	34	9.71288666666667e-01	9.69406989029679e+00	9.41574021831985e+00	1
29	38	32	35	1.22394666666667e+00	9.69406954316478e+00	1.18650241037914e+01	1
30	39	33	36	1.52122266666667e+00	9.69406925142824e+00	1.47468378775090e+01	1
31	40	34	37	1.82807466666667e+00	9.69406901085968e+00	1.77214819756710e+01	1
32	41	35	38	2.20625933333333e+00	9.69406881822865e+00	2.13876298081926e+01	1
33	42	36	39	2.73024666666667e+00	9.69406867119742e+00	2.64671986759745e+01	1
34	43	37	40	3.15712000000000e+00	9.69406856824653e+00	3.06053377581825e+01	1
35	44	38	41	3.57067266666667e+00	9.69406850862614e+00	3.46143454525455e+01	1
36	45	39	42	3.85055733333333e+00	9.69406849233038e+00	3.73275665229784e+01	1
37	46	40	43	3.99738666666667e+00	9.69406852009255e+00	3.87509402479710e+01	1
38	47	41	44	4.22279333333333e+00	9.69406859340133e+00	4.09360482290912e+01	1
39	48	42	45	4.54669733333333e+00	9.69406871453797e+00	4.40759963735399e+01	1
40	49	43	46	4.81254200000000e+00	9.69406888663612e+00	4.66531136678296e+01	1
41	50	44	47	5.01518800000000e+00	9.69406911376715e+00	4.86175790905356e+01	1
42	51	45	48	5.17599000000000e+00	9.69406940105490e+00	5.01764062791662e+01	1
43	52	46	49	5.20374133333333e+00	9.69406975482542e+00	5.04454314714016e+01	1
44	53	47	50	5.33586933333333e+00	9.69407018280001e+00	5.17262918035836e+01	1
45	54	48	51	5.40613533333333e+00	9.69407069434214e+00	5.24074581045142e+01	1
46	55	49	52	5.56206000000000e+00	9.69407130077324e+00	5.39190062191788e+01	1
47	56	50	53	5.62221800000000e+00	9.69407201577809e+00	5.45021861804039e+01	1
48	57	51	54	5.87766200000000e+00	9.69407285592804e+00	5.69784836505197e+01	1
49	58	52	55	6.01403333333333e+00	9.69407384136283e+00	5.83004832177508e+01	1
50	59	53	56	6.11128533333333e+00	9.69407499668854e+00	5.92432583474961e+01	1
51	60	54	57	6.14860800000000e+00	9.69407635217553e+00	5.96050754115973e+01	1
52	61	55	58	6.25047133333333e+00	9.69407794538126e+00	6.05925563007045e+01	1
53	62	56	59	6.45035133333333e+00	9.69407982338596e+00	6.25302207142174e+01	1
54	63	57	60	6.56668800000000e+00	9.69408204593238e+00	6.36580122420396e+01	1
55	64	58	61	6.59983533333333e+00	9.69408468993108e+00	6.39793626609329e+01	1
56	65	59	62	6.56847000000000e+00	9.69408785608032e+00	6.36753252600279e+01	1
57	66	60	63	6.76352333333333e+00	9.69409167885486e+00	6.55662152654074e+01	1
58	67	61	64	6.89633800000000e+00	9.69409634202807e+00	6.68537649791892e+01	1
59	68	62	65	7.21797333333333e+00	9.69410210359442e+00	6.99717704743551e+01	1
60	69	63	66	7.10363266666667e+00	9.69410933727594e+00	6.88633917625117e+01	1
61	70	64	67	7.13211333333333e+00	9.69411860454619e+00	6.91395525543986e+01	1
62	71	65	68	7.40034533333333e+00	9.69413078557388e+00	7.17399155197447e+01	1
63	72	66	69	7.77025466666667e+00	9.69414733039694e+00	7.53259935333710e+01	1
64	73	67	70	7.96299066666667e+00	9.69417077188863e+00	7.71945913776219e+01	1
65	74	68	71	8.20532800000000e+00	9.69420585469975e+00	7.95441387373318e+01	1
66	75	69	72	8.19028866666667e+00	9.69426225730107e+00	7.93988062976674e+01	1
67	76	70	73	8.05365266666667e+00	9.69436195427790e+00	7.80750240047021e+01	1
68	77	71	74	8.19902800000000e+00	9.69456237498708e+00	7.94859883602656e+01	1
69	78	72	75	8.40784733333333e+00	9.69504623746001e+00	8.15144686541715e+01	1
1	13	5	9	1.50583333333333e-01	1.28427638873854e+01	1.93390619537545e+00	1
2	14	6	10	1.52614000000000e-01	1.28411224361701e+01	1.95973505947366e+00	1
3	15	7	11	1.52349333333333e-01	1.28405047244550e+01	1.95624233443424e+00	1
4	16	8	12	1.54329333333333e-01	1.28402158243103e+01	1.98162194802192e+00	1
5	17	9	13	1.58122000000000e-01	1.28400597059458e+01	2.03029592082357e+00	1
6	18	10	14	1.64680000000000e-01	1.28399660991934e+01	2.11448561721517e+00	1
7	19	11	15	1.72431333333333e-01	1.28399054097298e+01	2.21400200967360e+00	1
8	20	12	16	1.78435333333333e-01	1.28398636166361e+01	2.29108534438899e+00	1
9	21	13	17	1.81988666666667e-01	1.28398334450565e+01	2.33670416888791e+00	1
10	22	14	18	1.85718000000000e-01	1.28398108347832e+01	2.38458398861427e+00	1
11	23	15	19	1.91937333333333e-01	1.28397933791742e+01	2.46443570174968e+00	1
12	24	16	20	1.97371333333333e-01	1.28397795775134e+01	2.53420441491992e+00	1
13	25	17	21	2.09618666666667e-01	1.28397684525297e+01	2.69145514332801e+00	1
14	26	18	22	2.20744666666667e-01	1.28397593435600e+01	2.83430839637438e+00	1
15	27	19	23	2.34316000000000e-01	1.28397517892477e+01	3.00855928024935e+00	1
16	28	20	24	2.56960000000000e-01	1.28397454582042e+01	3.29930099294016e+00	1
17	29	21	25	2.75796000000000e-01	1.28397401064984e+01	3.54114896241182e+00	1
18	30	22	26	3.02862666666667e-01	1.28397355507289e+01	3.88867654818856e+00	1
19	31	23	27	3.26078666666667e-01	1.28397316504648e+01	4.18676257694135e+00	1
20	32	24	28	3.47886000000000e-01	1.28397282964872e+01	4.46676171815175e+00	1
21	33	25	29	3.88714000000000e-01	1.28397254027284e+01	4.99098102019617e+00	1
22	34	26	30	4.22207333333333e-01	1.28397229006245e+01	5.42102516661162e+00	1
23	35	27	31	4.70748666666667e-01	1.28397207350835e+01	6.04428141641290e+00	1
24	36	28	32	5.35702666666667e-01	1.28397188615561e+01	6.87827163338592e+00	1
25	37	29	33	6.15508000000000e-01	1.28397172438774e+01	7.90294868134450e+00	1
26	38	30	34	7.41330000000000e-01	1.28397158526547e+01	9.51846655304850e+00	1
27	39	31	35	8.76541333333333e-01	1.28397146640532e+01	1.12545406112487e+01	1
28	40	32	36	1.02329666666667e+00	1.28397136588748e+01	1.31388361880810e+01	1
29	41	33	37	1.18243666666667e+00	1.28397128218572e+01	1.51821472300341e+01	1
30	42	34	38	1.37060400000000e+00	1.28397121411436e+01	1.75981608195000e+01	1
31	43	35	39	1.68195866666667e+00	1.28397116078855e+01	2.15958642163836e+01	1
32	44	36	40	1.96626200000000e+00	1.28397112159541e+01	2.52462362549043e+01	1
33	45	37	41	2.20602066666667e+00	1.28397109617418e+01	2.83246677356290e+01	1
34	46	38	42	2.44227800000000e+00	1.28397108440422e+01	3.13581433207656e+01	1
35	47	39	43	2.57544466666667e+00	1.28397108640002e+01	3.30679648662314e+01	1
36	48	40	44	2.66678800000000e+00	1.28397110251306e+01	3.42407872852859e+01	1
37	49	41	45	2.79841000000000e+00	1.28397113334022e+01	3.59307765925060e+01	1
38	50	42	46	2.95356466666667e+00	1.28397117973939e+01	3.79229190949659e+01	1
39	51	43	47	3.21719933333333e+00	1.28397124285269e+01	4.13079142652483e+01	1
40	52	44	48	3.44374533333333e+00	1.28397132413853e+01	4.42167025563589e+01	1
41	53	45	49	3.63096466666667e+00	1.28397142541419e+01	4.66205487868855e+01	1
42	54	46	50	3.77619400000000e+00	1.28397154891093e+01	4.84852565916815e+01	1
43	55	47	51	3.85465200000000e+00	1.28397169734499e+01	4.94926407111425e+01	1
44	56	48	52	3.92920000000000e+00	1.28397187400858e+01	5.04498228735451e+01	1
45	57	49	53	4.01764600000000e+00	1.28397208288682e+01	5.15854530292189e+01	1
46	58	50	54	4.16194600000000e+00	1.28397232880878e+01	5.34382349799640e+01	1
47	59	51	55	4.29845000000000e+00	1.28397261764435e+01	5.51909209831336e+01	1
48	60	52	56	4.36738066666667e+00	1.28397295656329e+01	5.60759866701734e+01	1
49	61	53	57	4.52423133333333e+00	1.28397335438087e+01	5.80899248105503e+01	1
50	62	54	58	4.65397733333333e+00	1.28397382202572e+01	5.97558506430105e+01	1
51	63	55	59	4.72308133333333e+00	1.28397437318418e+01	6.06431539446455e+01	1
52	64	56	60	4.81863666666667e+00	1.28397502520517e+01	6.18700913553789e+01	1
53	65	57	61	4.85782800000000e+00	1.28397580039883e+01	6.23733359449986e+01	1
54	66	58	62	4.96837400000000e+00	1.28397672794624e+01	6.37927659173320e+01	1
55	67	59	63	5.19846400000000e+00	1.28397784678531e+01	6.67471261331095e+01	1
56	68	60	64	5.23880666666667e+00	1.28397921010595e+01	6.72651884576444e+01	1
57	69	61	65	5.32793666666667e+00	1.28398089259362e+01	6.84096887694896e+01	1
58	70	62	66	5.44923866666667e+00	1.28398300255449e+01	6.99672982486267e+01	1
59	71	63	67	5.48436066666667e+00	1.28398570310481e+01	7.04184068667036e+01	1
60	72	64	68	5.59950066666667e+00	1.28398925106876e+01	7.18969866735235e+01	1
61	73	65	69	5.82203000000000e+00	1.28399407257727e+01	7.47545201036707e+01	1
62	74	66	70	5.98917933333333e+00	1.28400092024046e+01	7.69011177548513e+01	1
63	75	67	71	6.20425200000000e+00	1.28401122759471e+01	7.96632922682693e+01	1
64	76	68	72	6.33386666666667e+00	1.28402799312730e+01	8.13286210473589e+01	1
65	77	69	73	6.27724533333333e+00	1.28405828905724e+01	8.06034890271252e+01	1
66	78	70	74	6.33594533333333e+00	1.28412171881340e+01	8.13612501174777e+01	1
1	16	6	11	1.22377333333333e-01	1.60099609238834e+01	1.95925632463572e+00	1
2	17	7	12	1.24115333333333e-01	1.60082988480805e+01	1.98687534762913e+00	1
3	18	8	13	1.26752666666667e-01	1.60075708278346e+01	2.02900228928358e+00	1
4	19	9	14	1.31224666666667e-01	1.60071919478288e+01	2.10053842762319e+00	1
5	20	10	15	1.37022000000000e-01	1.60069698267761e+01	2.19330701960452e+00	1
6	21	11	16	1.41102666666667e-01	1.60068277573055e+01	2.25860608142983e+00	1
7	22	12	17	1.47474000000000e-01	1.60067307132491e+01	2.36057660520569e+00	1
8	23	13	18	1.52978000000000e-01	1.60066609832942e+01	2.44866698390237e+00	1
9	24	14	19	1.57003333333333e-01	1.60066088624981e+01	2.51309094677508e+00	1
10	25	15	20	1.60863333333333e-01	1.60065686740612e+01	2.57486999213840e+00	1
11	26	16	21	1.68264666666667e-01	1.60065369118079e+01	2.69333459795305e+00	1
12	27	17	22	1.75128000000000e-01	1.60065113081737e+01	2.80318831237784e+00	1
13	28	18	23	1.87544000000000e-01	1.60064903377097e+01	3.00192122389542e+00	1
14	29	19	24	2.04192000000000e-01	1.60064729387958e+01	3.26839372231860e+00	1
15	30	20	25	2.21838000000000e-01	1.60064583506558e+01	3.55084070759278e+00	1
16	31	21	26	2.40479333333333e-01	1.60064460141546e+01	3.84921946651988e+00	1
17	32	22	27	2.62885333333333e-01	1.60064355093242e+01	4.20785713434720e+00	1
18	33	23	28	2.85375333333333e-01	1.60064265148039e+01	4.56783930213766e+00	1
19	34	24	29	3.14181333333333e-01	1.60064187807786e+01	5.02891799443672e+00	1
20	35	25	30	3.45938000000000e-01	1.60064121104762e+01	5.53722619267392e+00	1
21	36	26	31	3.87212666666667e-01	1.60064063472348e+01	6.19788328546303e+00	1
22	37	27	32	4.32000000000000e-01	1.60064013652839e+01	6.91476538980264e+00	1
23	38	28	33	4.97777333333333e-01	1.60063970630598e+01	7.96762164632438e+00	1
24	39	29	34	5.71016000000000e-01	1.60063933582844e+01	9.13990670987410e+00	1
25	40	30	35	6.42362666666667e-01	1.60063901842994e+01	1.02819074824937e+01	1
26	41	31	36	7.16608000000000e-01	1.60063874873094e+01	1.14703053245058e+01	1
27	42	32	37	7.99584000000000e-01	1.60063852242972e+01	1.27984495231845e+01	1
28	43	33	38	9.27217333333333e-01	1.60063833614482e+01	1.48413960967131e+01	1
29	44	34	39	1.14780600000000e+00	1.60063818729656e+01	1.83722211520811e+01	1
30	45	35	40	1.35345600000000e+00	1.60063807401972e+01	2.16639320511044e+01	1
31	46	36	41	1.55513466666667e+00	1.60063799510160e+01	2.48920763496633e+01	1
32	47	37	42	1.74111666666667e+00	1.60063794994145e+01	2.78689741194222e+01	1
33	48	38	43	1.86324866666667e+00	1.60063793852884e+01	2.98238650477994e+01	1
34	49	39	44	1.94975733333333e+00	1.60063796143952e+01	3.12085560332842e+01	1
35	50	40	45	2.02982733333333e+00	1.60063801984817e+01	3.24901880346037e+01	1
36	51	41	46	2.11684800000000e+00	1.60063811555858e+01	3.38830759364395e+01	1
37	52	42	47	2.19826800000000e+00	1.60063825105240e+01	3.51863184686445e+01	1
38	53	43	48	2.36260066666667e+00	1.60063842955893e+01	3.78166942076822e+01	1
39	54	44	49	2.56849733333333e+00	1.60063865514935e+01	4.11123611738136e+01	1
40	55	45	50	2.73525000000000e+00	1.60063893286037e+01	4.37814764110634e+01	1
41	56	46	51	2.87402400000000e+00	1.60063926885434e+01	4.60027567402982e+01	1
42	57	47	52	3.01489400000000e+00	1.60063967062542e+01	4.82575893913054e+01	1
43	58	48	53	3.07179866666667e+00	1.60064014726526e+01	4.91684427018257e+01	1
44	59	49	54	3.16842533333333e+00	1.60064070980687e+01	5.07151057451673e+01	1
45	60	50	55	3.26642066666667e+00	1.60064137167310e+01	5.22836805635469e+01	1
46	61	51	56	3.36607866666667e+00	1.60064214926779e+01	5.38788739161781e+01	1
47	62	52	57	3.47910066666667e+00	1.60064306276500e+01	5.56879834676109e+01	1
48	63	53	58	3.58234066666667e+00	1.60064413717857e+01	5.73405258547636e+01	1
49	64	54	59	3.69478333333333e+00	1.60064540383748e+01	5.91403796067531e+01	1
50	65	55	60	3.78453333333333e+00	1.60064690246145e+01	6.05770155726210e+01	1
51	66	56	61	3.85094266666667e+00	1.60064868414739e+01	6.16400631212705e+01	1
52	67	57	62	3.97128866666667e+00	1.60065081577585e+01	6.35664644398137e+01	1
53	68	58	63	4.14129400000000e+00	1.60065338669871e+01	6.62877626641503e+01	1
54	69	59	64	4.16778933333333e+00	1.60065651921533e+01	6.67119916711610e+01	1
55	70	60	65	4.24997266666667e+00	1.60066038557613e+01	6.80276288731466e+01	1
56	71	61	66	4.34194066666667e+00	1.60066523670968e+01	6.94999348498939e+01	1
57	72	62	67	4.39426266666667e+00	1.60067145302132e+01	7.03377080761068e+01	1
58	73	63	68	4.45823733333333e+00	1.60067963906647e+01	7.13620972559266e+01	1
59	74	64	69	4.68038600000000e+00	1.60069081118028e+01	7.49185086297684e+01	1
60	75	65	70	4.76378266666667e+00	1.60070679763464e+01	7.62541929698740e+01	1
61	76	66	71	4.83888066666667e+00	1.60073117201269e+01	7.74574712078287e+01	1
62	77	67	72	5.05480133333333e+00	1.60077168943579e+01	8.09158287012230e+01	1
63	78	68	73	5.19449733333333e+00	1.60084763197521e+01	8.31559875536822e+01	1
1	19	7	13	1.06572666666667e-01	1.91859986421679e+01	2.04470303795887e+00	1
2	20	8	14	1.10774666666667e-01	1.91843383007874e+01	2.12513868049029e+00	1
3	21	9	15	1.13964000000000e-01	1.91835197525652e+01	2.18623064508135e+00	1
4	22	10	16	1.18832000000000e-01	1.91830554981357e+01	2.27956085095446e+00	1
5	23	11	17	1.22804666666667e-01	1.91827646903377e+01	2.35573302354202e+00	1
6	24	12	18	1.26710666666667e-01	1.91825686781734e+01	2.43063606559047e+00	1
7	25	13	19	1.32930000000000e-01	1.91824290352198e+01	2.54992029165176e+00	1
8	26	14	20	1.37422666666667e-01	1.91823252257502e+01	2.63608628538986e+00	1
9	27	15	21	1.42472000000000e-01	1.91822454584092e+01	2.73293287495048e+00	1
10	28	16	22	1.48425333333333e-01	1.91821825512175e+01	2.84712183922530e+00	1
11	29	17	23	1.57685333333333e-01	1.91821319079922e+01	3.02474086395572e+00	1
12	30	18	24	1.71068000000000e-01	1.91820904613326e+01	3.28144185103924e+00	1
13	31	19	25	1.83826000000000e-01	1.91820560893744e+01	3.52616064268534e+00	1
14	32	20	26	2.02874000000000e-01	1.91820272784898e+01	3.89153460209633e+00	1
15	33	21	27	2.22343333333333e-01	1.91820029200859e+01	4.26499046926164e+00	1
16	34	22	28	2.41626666666667e-01	1.91819821837066e+01	4.63487841510842e+00	1
17	35	23	29	2.68840000000000e-01	1.91819644352123e+01	5.15687931876247e+00	1
18	36	24	30	2.96893333333333e-01	1.91819491825000e+01	5.69499283262305e+00	1
19	37	25	31	3.32332666666667e-01	1.91819360385639e+01	6.37478395552538e+00	1
20	38	26	32	3.69564666666667e-01	1.91819246957773e+01	7.08896160622002e+00	1
21	39	27	33	4.05240666666667e-01	1.91819149076237e+01	7.77329198510869e+00	1
22	40	28	34	4.43321333333333e-01	1.91819064754884e+01	8.50374835458880e+00	1
23	41	29	35	4.79657333333333e-01	1.91818992389646e+01	9.20073863723043e+00	1
24	42	30	36	5.22414000000000e-01	1.91818930686537e+01	1.00208894855676e+01	1
25	43	31	37	5.80934000000000e-01	1.91818878607714e+01	1.11434108425094e+01	1
26	44	32	38	6.79758666666667e-01	1.91818835330903e+01	1.30390515746087e+01	1
27	45	33	39	8.43042000000000e-01	1.91818800218924e+01	1.61711304974162e+01	1
28	46	34	40	1.01481266666667e+00	1.91818772797062e+01	1.94660120338914e+01	1
29	47	35	41	1.18727133333333e+00	1.91818752736673e+01	2.27740906320006e+01	1
30	48	36	42	1.33795200000000e+00	1.91818739843953e+01	2.56644266611696e+01	1
31	49	37	43	1.45171066666667e+00	1.91818734053112e+01	2.78465302291399e+01	1
32	50	38	44	1.54139466666667e+00	1.91818735423517e+01	2.95668375748554e+01	1
33	51	39	45	1.61598866666667e+00	1.91818744140577e+01	3.09976916585406e+01	1
34	52	40	46	1.66943600000000e+00	1.91818760520349e+01	3.20229144288050e+01	1
35	53	41	47	1.73645533333333e+00	1.91818785018065e+01	3.33084752278138e+01	1
36	54	42	48	1.80714266666667e+00	1.91818818240967e+01	3.46643970712830e+01	1
37	55	43	49	1.89462200000000e+00	1.91818860966115e+01	3.63424234001343e+01	1
38	56	44	50	2.01343133333333e+00	1.91818914164097e+01	3.86214212103971e+01	1
39	57	45	51	2.15577133333333e+00	1.91818979030021e+01	4.13517856182188e+01	1
40	58	46	52	2.29987800000000e+00	1.91819057023652e+01	4.41160429229443e+01	1
41	59	47	53	2.40760000000000e+00	1.91819149921342e+01	4.61823785350624e+01	1
42	60	48	54	2.52527333333333e+00	1.91819259883449e+01	4.84396061803409e+01	1
43	61	49	55	2.63158600000000e+00	1.91819389542485e+01	5.04789220048551e+01	1
44	62	50	56	2.71331800000000e+00	1.91819542119568e+01	5.20467416384781e+01	1
45	63	51	57	2.78192466666667e+00	1.91819721580230e+01	5.33628015017174e+01	1
46	64	52	58	2.86019800000000e+00	1.91819932846152e+01	5.48642988286698e+01	1
47	65	53	59	2.98061933333333e+00	1.91820182088075e+01	5.71742943255236e+01	1
48	66	54	60	3.08487600000000e+00	1.91820477139411e+01	5.91742386235917e+01	1
49	67	55	61	3.17793933333333e+00	1.91820828094035e+01	6.09594954552604e+01	1
50	68	56	62	3.27593733333333e+00	1.91821248193204e+01	6.28394388282718e+01	1
51	69	57	63	3.38724333333333e+00	1.91821755180878e+01	6.49746961424728e+01	1
52	70	58	64	3.44323600000000e+00	1.91822373444680e+01	6.60489701850165e+01	1
53	71	59	65	3.50511400000000e+00	1.91823137527066e+01	6.72361964870045e+01	1
54	72	60	66	3.53692666666667e+00	1.91824098133683e+01	6.78467767998307e+01	1
55	73	61	67	3.61016133333333e+00	1.91825332928042e+01	6.92520399690610e+01	1
56	74	62	68	3.73631266666667e+00	1.91826967053286e+01	7.16725526809441e+01	1
57	75	63	69	3.82853933333333e+00	1.91829214839736e+01	7.34425694296381e+01	1
58	76	64	70	3.90306800000000e+00	1.91832471673082e+01	7.48735181548113e+01	1
59	77	65	71	4.01158000000000e+00	1.91837537449103e+01	7.69571628480073e+01	1
60	78	66	72	4.18837066666667e+00	1.91846230814204e+01	8.03523125652773e+01	1
1	22	8	15	9.88473333333333e-02	2.23654401610443e+01	2.21076411874547e+00	1
2	23	9	16	1.02802666666667e-01	2.23637844739740e+01	2.29905668068313e+00	1
3	24	10	17	1.05960000000000e-01	2.23628868231131e+01	2.36957148777706e+00	1
4	25	11	18	1.09992000000000e-01	2.23623405013694e+01	2.45967855642662e+00	1
5	26	12	19	1.13949333333333e-01	2.23619791290665e+01	2.54813261377104e+00	1
6	27	13	20	1.17990000000000e-01	2.23617248701677e+01	2.63845991743109e+00	1
7	28	14	21	1.24757333333333e-01	2.23615374256139e+01	2.78976577845313e+00	1
8	29	15	22	1.30672666666667e-01	2.23613941991416e+01	2.92202301038636e+00	1
9	30	16	23	1.37657333333333e-01	2.23612816745228e+01	3.07819440523034e+00	1
10	31	17	24	1.48119333333333e-01	2.23611913218532e+01	3.31212475113202e+00	1
11	32	18	25	1.60577333333333e-01	2.23611175098853e+01	3.59068862009069e+00	1
12	33	19	26	1.76646666666667e-01	2.23610563760860e+01	3.95000607198101e+00	1
13	34	20	27	1.93688666666667e-01	2.23610051833627e+01	4.33107327929195e+00	1
14	35	21	28	2.10866000000000e-01	2.23609619375198e+01	4.71516659991704e+00	1
15	36	22	29	2.36434666666667e-01	2.23609251509191e+01	5.28689788441585e+00	1
16	37	23	30	2.62359333333333e-01	2.23608936914620e+01	5.86658916162950e+00	1
17	38	24	31	2.91427333333333e-01	2.23608666831581e+01	6.51656774849495e+00	1
18	39	25	32	3.13886666666667e-01	2.23608434388919e+01	7.01877061088898e+00	1
19	40	26	33	3.31383333333333e-01	2.23608234138713e+01	7.41000419896673e+00	1
20	41	27	34	3.50154000000000e-01	2.23608061727180e+01	7.82972572460191e+00	1
21	42	28	35	3.73005333333333e-01	2.23607913657777e+01	8.34069443698904e+00	1
22	43	29	36	4.04420666666667e-01	2.23607787118078e+01	9.04316103381513e+00	1
23	44	30	37	4.53194666666667e-01	2.23607679851752e+01	1.01337807934522e+01	1
24	45	31	38	5.27840666666667e-01	2.23607590063145e+01	1.18029179410657e+01	1
25	46	32	39	6.61276666666667e-01	2.23607516345964e+01	1.47866433050871e+01	1
26	47	33	40	8.10854000000000e-01	2.23607457630225e+01	1.81313001449299e+01	1
27	48	34	41	9.50262000000000e-01	2.23607413143404e+01	2.12485627628478e+01	1
28	49	35	42	1.08068266666667e+00	2.23607382383001e+01	2.41648622280015e+01	1
29	50	36	43	1.17873933333333e+00	2.23607365098612e+01	2.63574796464761e+01	1
30	51	37	44	1.26346400000000e+00	2.23607361282277e+01	2.82519851115151e+01	1
31	52	38	45	1.34304933333333e+00	2.23607371166419e+01	3.00315730773478e+01	1
32	53	39	46	1.40658466666667e+00	2.23607395229108e+01	3.14522733482536e+01	1
33	54	40	47	1.45089133333333e+00	2.23607434206831e+01	3.24430088359594e+01	1
34	55	41	48	1.49853333333333e+00	2.23607489115351e+01	3.35083276022324e+01	1
35	56	42	49	1.54750133333333e+00	2.23607561279726e+01	3.46032999223791e+01	1
36	57	43	50	1.61440666666667e+00	2.23607652375105e+01	3.60993684712052e+01	1
37	58	44	51	1.68548866666667e+00	2.23607764480678e+01	3.76888352810853e+01	1
38	59	45	52	1.76956200000000e+00	2.23607900150119e+01	3.95688043005446e+01	1
39	60	46	53	1.87390066666667e+00	2.23608062503206e+01	4.19019297396799e+01	1
40	61	47	54	2.01507266666667e+00	2.23608255345279e+01	4.50586883387292e+01	1
41	62	48	55	2.14910466666667e+00	2.23608483323989e+01	4.80558035017840e+01	1
42	63	49	56	2.23117800000000e+00	2.23608752137068e+01	4.98910928375679e+01	1
43	64	50	57	2.30716466666667e+00	2.23609068811302e+01	5.15902942707672e+01	1
44	65	51	58	2.38330933333333e+00	2.23609442083089e+01	5.32930470338086e+01	1
45	66	52	59	2.47456266666667e+00	2.23609882927239e+01	5.53336668189450e+01	1
46	67	53	60	2.58905933333333e+00	2.23610405307595e+01	5.78940606892079e+01	1
47	68	54	61	2.66517200000000e+00	2.23611027268688e+01	5.95961848767744e+01	1
48	69	55	62	2.72048333333333e+00	2.23611772567574e+01	6.08332100407210e+01	1
49	70	56	63	2.83872400000000e+00	2.23612673190051e+01	6.34774662088754e+01	1
50	71	57	64	2.90413400000000e+00	2.23613773368948e+01	6.49404362109056e+01	1
51	72	58	65	2.94269133333333e+00	2.23615136261323e+01	6.58030323478347e+01	1
52	73	59	66	2.98604266666667e+00	2.23616855558677e+01	6.67729471684048e+01	1
53	74	60	67	3.02452866666667e+00	2.23619076758473e+01	6.76342308069535e+01	1
54	75	61	68	3.11708933333333e+00	2.23622038596033e+01	6.97049871205950e+01	1
55	76	62	69	3.25177733333333e+00	2.23626159846795e+01	7.27182477730184e+01	1
56	77	63	70	3.30521200000000e+00	2.23632237973121e+01	7.39151956535615e+01	1
57	78	64	71	3.41098400000000e+00	2.23641953759258e+01	7.62839126001568e+01	1
1	25	9	17	9.37480000000000e-02	2.55463913275720e+01	2.39492309417722e+00	1
2	26	10	18	9.72720000000000e-02	2.55447344518132e+01	2.48478740959677e+00	1
3	27	11	19	1.00707333333333e-01	2.55437634497200e+01	2.57244430031877e+00	1
4	28	12	20	1.05099333333333e-01	2.55431369724429e+01	2.68456666704577e+00	1
5	29	13	21	1.10469333333333e-01	2.55427034875429e+01	2.82168542579988e+00	1
6	30	14	22	1.15706666666667e-01	2.55423875238822e+01	2.95542451909666e+00	1
7	31	15	23	1.22651333333333e-01	2.55421479779741e+01	3.13277850569583e+00	1
8	32	16	24	1.33083333333333e-01	2.55419608057577e+01	3.39920928389959e+00	1
9	33	17	25	1.44216666666667e-01	2.55418110945162e+01	3.68355485668081e+00	1
10	34	18	26	1.58055333333333e-01	2.55416891327075e+01	4.03700018976645e+00	1
11	35	19	27	1.73300666666667e-01	2.55415883307302e+01	4.42637428544109e+00	1
12	36	20	28	1.89806666666667e-01	2.55415040590926e+01	4.84794774710950e+00	1
13	37	21	29	2.10885333333333e-01	2.55414329680907e+01	5.38631360528680e+00	1
14	38	22	30	2.33732666666667e-01	2.55413725729033e+01	5.96985312179154e+00	1
15	39	23	31	2.52946000000000e-01	2.55413209913552e+01	6.46057497947932e+00	1
16	40	24	32	2.63903333333333e-01	2.55412767728580e+01	6.74042807794647e+00	1
17	41	25	33	2.73851333333333e-01	2.55412387836611e+01	6.99450229589064e+00	1
18	42	26	34	2.85874000000000e-01	2.55412061279506e+01	7.30156676062175e+00	1
19	43	27	35	3.03960000000000e-01	2.55411780924103e+01	7.76349649296902e+00	1
20	44	28	36	3.32804000000000e-01	2.55411541065376e+01	8.50019825127215e+00	1
21	45	29	37	3.72605333333333e-01	2.55411337138000e+01	9.51676264114170e+00	1
22	46	30	38	4.35413333333333e-01	2.55411165504242e+01	1.11209426942754e+01	1
23	47	31	39	5.45263333333333e-01	2.55411023296901e+01	1.39266265932946e+01	1
24	48	32	40	6.68600666666667e-01	2.55410908302885e+01	1.70767903565248e+01	1
25	49	33	41	7.90994000000000e-01	2.55410818877620e+01	2.02028425267284e+01	1
26	50	34	42	9.02168666666667e-01	2.55410753883535e+01	2.30423579283437e+01	1
27	51	35	43	9.87678666666667e-01	2.55410712648040e+01	2.52263712120599e+01	1
28	52	36	44	1.05677933333333e+00	2.55410694937954e+01	2.69912743922735e+01	1
29	53	37	45	1.13766933333333e+00	2.55410700948513e+01	2.90572921874295e+01	1
30	54	38	46	1.20615600000000e+00	2.55410731306023e+01	3.08065186029148e+01	1
31	55	39	47	1.25519733333333e+00	2.55410787084084e+01	3.20590938852510e+01	1
32	56	40	48	1.29720000000000e+00	2.55410869834073e+01	3.31318980348759e+01	1
33	57	41	49	1.33469866666667e+00	2.55410981631451e+01	3.40896696635522e+01	1
34	58	42	50	1.37444466666667e+00	2.55411125140473e+01	3.51048458756655e+01	1
35	59	43	51	1.41489800000000e+00	2.55411303701098e+01	3.61380942784076e+01	1
36	60	44	52	1.46996533333333e+00	2.55411521443640e+01	3.75446082256074e+01	1
37	61	45	53	1.52686733333333e+00	2.55411783438948e+01	3.89979908681338e+01	1
38	62	46	54	1.62243933333333e+00	2.55412095895277e+01	4.14390630589603e+01	1
39	63	47	55	1.72470466666667e+00	2.55412466417843e+01	4.40511072755698e+01	1
40	64	48	56	1.82664133333333e+00	2.55412904354377e+01	4.66547768160418e+01	1
41	65	49	57	1.92994333333333e+00	2.55413421261257e+01	4.92933429607022e+01	1
42	66	50	58	2.02790333333333e+00	2.55414031542573e+01	5.17954965945289e+01	1
43	67	51	59	2.12875666666667e+00	2.55414753343237e+01	5.43715858944438e+01	1
44	68	52	60	2.20377666666667e+00	2.55415609825222e+01	5.62878961235261e+01	1
45	69	53	61	2.25744333333333e+00	2.55416631038259e+01	5.76588570959779e+01	1
46	70	54	62	2.31561533333333e+00	2.55417856742326e+01	5.91449505479668e+01	1
47	71	55	63	2.41217466666667e+00	2.55419340808097e+01	6.16116063273990e+01	1
48	72	56	64	2.44875933333333e+00	2.55421158337397e+01	6.25464945409513e+01	1
49	73	57	65	2.50931866666667e+00	2.55423417683215e+01	6.40938749896287e+01	1
50	74	58	66	2.56655933333333e+00	2.55426281750803e+01	6.55566707406153e+01	1
51	75	59	67	2.59251933333333e+00	2.55430007936945e+01	6.62207233890018e+01	1
52	76	60	68	2.65334133333333e+00	2.55435028162291e+01	6.77756318204172e+01	1
53	77	61	69	2.76702466666667e+00	2.55442122463158e+01	7.06814653761246e+01	1
54	78	62	70	2.87773933333333e+00	2.55452830617589e+01	7.35126658479573e+01	1
1	28	10	19	9.11480000000000e-02	2.87283959696228e+01	2.61853583583918e+00	1
2	29	11	20	9.52073333333333e-02	2.87267286338751e+01	2.73499522862156e+00	1
3	30	12	21	9.99733333333333e-02	2.87256865476484e+01	2.87180263645691e+00	1
4	31	13	22	1.04898000000000e-01	2.87249808093084e+01	3.01319303693483e+00	1
5	32	14	23	1.11468666666667e-01	2.87244739050250e+01	3.20187880689459e+00	1
6	33	15	24	1.20778000000000e-01	2.87240935022373e+01	3.46923856501322e+00	1
7	34	16	25	1.31119333333333e-01	2.87237984048484e+01	3.76624529764478e+00	1
8	35	17	26	1.44524666666667e-01	2.87235635894332e+01	4.15126345324163e+00	1
9	36	18	27	1.58910000000000e-01	2.87233730265692e+01	4.56443120765211e+00	1
10	37	19	28	1.72940666666667e-01	2.87232159819096e+01	4.96741212072210e+00	1
11	38	20	29	1.91513333333333e-01	2.87230849934291e+01	5.50085375070825e+00	1
12	39	21	30	2.04998000000000e-01	2.87229747080039e+01	5.88815236919138e+00	1
13	40	22	31	2.16077333333333e-01	2.87228811824769e+01	6.20636357155978e+00	1
14	41	23	32	2.23161333333333e-01	2.87228014475062e+01	6.40981866809409e+00	1
15	42	24	33	2.29972666666667e-01	2.87227332261513e+01	6.60544355397329e+00	1
16	43	25	34	2.42844666666667e-01	2.87226747468688e+01	6.97514837467844e+00	1
17	44	26	35	2.60128666666667e-01	2.87226246159860e+01	7.47157804452362e+00	1
18	45	27	36	2.83792666666667e-01	2.87225817287522e+01	8.15125806235388e+00	1
19	46	28	37	3.19954000000000e-01	2.87225452060975e+01	9.18989322887171e+00	1
20	47	29	38	3.73937333333333e-01	2.87225143489662e+01	1.07404204222808e+01	1
21	48	30	39	4.65485333333333e-01	2.87224886049666e+01	1.33698971824458e+01	1
22	49	31	40	5.69840000000000e-01	2.87224675438679e+01	1.63672109051977e+01	1
23	50	32	41	6.72770666666667e-01	2.87224508396234e+01	1.93236223996740e+01	1
24	51	33	42	7.70121333333333e-01	2.87224382573475e+01	2.21197624473328e+01	1
25	52	34	43	8.41112666666667e-01	2.87224296441818e+01	2.41587993911635e+01	1
26	53	35	44	9.09264000000000e-01	2.87224249233379e+01	2.61162669754939e+01	1
27	54	36	45	9.74992000000000e-01	2.87224240908590e+01	2.80041337091948e+01	1
28	55	37	46	1.03590200000000e+00	2.87224272148423e+01	2.97536197967096e+01	1
29	56	38	47	1.09747333333333e+00	2.87224344370246e+01	3.15221058630496e+01	1
30	57	39	48	1.14638533333333e+00	2.87224459767830e+01	3.29269908052431e+01	1
31	58	40	49	1.18337066666667e+00	2.87224621377546e+01	3.39893191682628e+01	1
32	59	41	50	1.21266333333333e+00	2.87224833174487e+01	3.48307023613484e+01	1
33	60	42	51	1.23810733333333e+00	2.87225100204352e+01	3.55615502880410e+01	1
34	61	43	52	1.28381066666667e+00	2.87225428759669e+01	3.68743069179570e+01	1
35	62	44	53	1.32984400000000e+00	2.87225826612729e+01	3.81965542165978e+01	1
36	63	45	54	1.37745133333333e+00	2.87226303323018e+01	3.95640254480696e+01	1
37	64	46	55	1.44275533333333e+00	2.87226870644902e+01	4.14398099499576e+01	1
38	65	47	56	1.51051666666667e+00	2.87227543073401e+01	4.33861990938090e+01	1
39	66	48	57	1.60588666666667e+00	2.87228338584573e+01	4.61256159221785e+01	1
40	67	49	58	1.71461000000000e+00	2.87229279656845e+01	4.92486195192423e+01	1
41	68	50	59	1.81685800000000e+00	2.87230394708336e+01	5.21856840468998e+01	1
42	69	51	60	1.89248733333333e+00	2.87231720167313e+01	5.43582392148184e+01	1
43	70	52	61	1.94429466666667e+00	2.87233303535593e+01	5.58466180153301e+01	1
44	71	53	62	2.00434866666667e+00	2.87235208061699e+01	5.75719506298189e+01	1
45	72	54	63	2.06749733333333e+00	2.87237520121712e+01	5.93862806884918e+01	1
46	73	55	64	2.10672400000000e+00	2.87240361347139e+01	6.05136163018690e+01	1
47	74	56	65	2.16246400000000e+00	2.87243909475611e+01	6.21154613460268e+01	1
48	75	57	66	2.20348666666667e+00	2.87248436120078e+01	6.32948099011443e+01	1
49	76	58	67	2.24150466666667e+00	2.87254379482940e+01	6.43882032131447e+01	1
50	77	59	68	2.31024400000000e+00	2.87262494710421e+01	6.63646454829782e+01	1
51	78	60	69	2.41303066666667e+00	2.87274189190515e+01	6.93201428258514e+01	1
1	31	11	21	9.15380000000000e-02	3.19114845134976e+01	2.92111346939654e+00	1
2	32	12	22	9.67873333333333e-02	3.19097967162781e+01	3.08846413137731e+00	1
3	33	13	23	1.03317333333333e-01	3.19086839064271e+01	3.29672013138829e+00	1
4	34	14	24	1.11861333333333e-01	3.19078992590865e+01	3.56926015498709e+00	1
5	35	15	25	1.20921333333333e-01	3.19073179576455e+01	3.85827543052911e+00	1
6	36	16	26	1.33088666666667e-01	3.19068711083573e+01	4.24644293331646e+00	1
7	37	17	27	1.46371333333333e-01	3.19065178784321e+01	4.67019956388995e+00	1
8	38	18	28	1.59086000000000e-01	3.19062326150120e+01	5.07583492179180e+00	1
9	39	19	29	1.70914666666667e-01	3.19059984045916e+01	5.45320308198798e+00	1
10	40	20	30	1.79098000000000e-01	3.19058036365422e+01	5.71426561969744e+00	1
11	41	21	31	1.85759333333333e-01	3.19056400664646e+01	5.92677042831975e+00	1
12	42	22	32	1.91208666666667e-01	3.19055016725004e+01	6.10060843412990e+00	1
13	43	23	33	1.99508000000000e-01	3.19053839519638e+01	6.36537934148840e+00	1
14	44	24	34	2.12268000000000e-01	3.19052834731515e+01	6.77247071227893e+00	1
15	45	25	35	2.28768666666667e-01	3.19051975807257e+01	7.29890951027919e+00	1
16	46	26	36	2.50700666666667e-01	3.19051241967031e+01	7.99863590619627e+00	1
17	47	27	37	2.81710000000000e-01	3.19050616828252e+01	8.98797492666868e+00	1
18	48	28	38	3.28195333333333e-01	3.19050087434745e+01	1.04710749795675e+01	1
19	49	29	39	4.07067333333333e-01	3.19049643561073e+01	1.29874687605356e+01	1
20	50	30	40	4.96477333333333e-01	3.19049277208572e+01	1.58400734350439e+01	1
21	51	31	41	5.85602000000000e-01	3.19048982238575e+01	1.86835722096874e+01	1
22	52	32	42	6.66718000000000e-01	3.19048754106651e+01	2.12715547240478e+01	1
23	53	33	43	7.33827333333333e-01	3.19048589673653e+01	2.34126575763977e+01	1
24	54	34	44	7.89176666666667e-01	3.19048487077379e+01	2.51785621536769e+01	1
25	55	35	45	8.45428000000000e-01	3.19048445654321e+01	2.69732489312641e+01	1
26	56	36	46	9.02946000000000e-01	3.19048465905015e+01	2.88083536095070e+01	1
27	57	37	47	9.60557333333333e-01	3.19048549499786e+01	3.06464423911382e+01	1
28	58	38	48	1.01698000000000e+00	3.19048699324415e+01	3.24466146238944e+01	1
29	59	39	49	1.05786533333333e+00	3.19048919567924e+01	3.37510791648362e+01	1
30	60	40	50	1.09033666666667e+00	3.19049215857518e+01	3.47871058520700e+01	1
31	61	41	51	1.12088066666667e+00	3.19049595449104e+01	3.57616523246722e+01	1
32	62	42	52	1.15596133333333e+00	3.19050067486207e+01	3.68809541411446e+01	1
33	63	43	53	1.17657733333333e+00	3.19050643346061e+01	3.75387755146393e+01	1
34	64	44	54	1.22423133333333e+00	3.19051337100230e+01	3.90592643819997e+01	1
35	65	45	55	1.27472533333333e+00	3.19052166129764e+01	4.06703878820486e+01	1
36	66	46	56	1.32490600000000e+00	3.19053151954141e+01	4.22715435342953e+01	1
37	67	47	57	1.38783133333333e+00	3.19054321363380e+01	4.42793584223501e+01	1
38	68	48	58	1.45157200000000e+00	3.19055707991115e+01	4.63132332160079e+01	1
39	69	49	59	1.52640133333333e+00	3.19057354546528e+01	4.87009571389626e+01	1
40	70	50	60	1.60728266666667e+00	3.19059316059576e+01	5.12818508341079e+01	1
41	71	51	61	1.67820666666667e+00	3.19061664734926e+01	5.35451412835918e+01	1
42	72	52	62	1.72759600000000e+00	3.19064497450801e+01	5.51214549538014e+01	1
43	73	53	63	1.80480733333333e+00	3.19067947779937e+01	5.75856171984848e+01	1
44	74	54	64	1.84420533333333e+00	3.19072206090566e+01	5.88434664190654e+01	1
45	75	55	65	1.87883133333333e+00	3.19077554828640e+01	5.99492907775434e+01	1
46	76	56	66	1.91365400000000e+00	3.19084434019987e+01	6.10617203500084e+01	1
47	77	57	67	1.95740466666667e+00	3.19093570996936e+01	6.24595244972734e+01	1
48	78	58	68	2.03238666666667e+00	3.19106254041369e+01	6.48547295963624e+01	1
1	34	12	23	9.62933333333333e-02	3.50957918430050e+01	3.37949078253576e+00	1
2	35	13	24	1.04686000000000e-01	3.50940742298394e+01	3.67385825482497e+00	1
3	36	14	25	1.13414000000000e-01	3.50928902466394e+01	3.98002505443236e+00	1
4	37	15	26	1.24147333333333e-01	3.50920269505501e+01	4.35658156717227e+00	1
5	38	16	27	1.35318666666667e-01	3.50913707738711e+01	4.74851750462588e+00	1
6	39	17	28	1.43236000000000e-01	3.50908562871771e+01	5.02627389115011e+00	1
7	40	18	29	1.51140666666667e-01	3.50904433023757e+01	5.30359299434993e+00	1
8	41	19	30	1.56679333333333e-01	3.50901057978392e+01	5.49789438300158e+00	1
9	42	20	31	1.62507333333333e-01	3.50898261702322e+01	5.70235407805465e+00	1
10	43	21	32	1.68442666666667e-01	3.50895920685691e+01	5.91058446027529e+00	1
11	44	22	33	1.77488666666667e-01	3.50893945602470e+01	6.22796985463882e+00	1
12	45	23	34	1.89860000000000e-01	3.50892270214798e+01	6.66204064229815e+00	1
13	46	24	35	2.04987333333333e-01	3.50890844401549e+01	7.19281784849551e+00	1
14	47	25	36	2.25370666666667e-01	3.50889629631352e+01	7.90802297564375e+00	1
15	48	26	37	2.52606000000000e-01	3.50888595937392e+01	8.86365646653608e+00	1
16	49	27	38	2.92824000000000e-01	3.50887719845411e+01	1.02748345676013e+01	1
17	50	28	39	3.60962666666667e-01	3.50886982925222e+01	1.26657101055309e+01	1
18	51	29	40	4.39466000000000e-01	3.50886370761870e+01	1.54202629813236e+01	1
19	52	30	41	5.16074000000000e-01	3.50885872217312e+01	1.81083075618677e+01	1
20	53	31	42	5.89632666666667e-01	3.50885478899065e+01	2.06893540617866e+01	1
21	54	32	43	6.45820000000000e-01	3.50885184781005e+01	2.26608670035269e+01	1
22	55	33	44	6.93748666666667e-01	3.50884985940097e+01	2.43425991149294e+01	1
23	56	34	45	7.44168000000000e-01	3.50884880385295e+01	2.61117299666564e+01	1
24	57	35	46	7.95160000000000e-01	3.50884867963590e+01	2.79009611609929e+01	1
25	58	36	47	8.47252000000000e-01	3.50884950334668e+01	2.97287975940948e+01	1
26	59	37	48	9.00338666666667e-01	3.50885131010851e+01	3.15915451007469e+01	1
27	60	38	49	9.50014000000000e-01	3.50885415463711e+01	3.33346057086342e+01	1
28	61	39	50	9.92410000000000e-01	3.50885811303458e+01	3.48222587995664e+01	1
29	62	40	51	1.02678000000000e+00	3.50886328542671e+01	3.60283064421044e+01	1
30	63	41	52	1.04890200000000e+00	3.50886979962752e+01	3.68046055056891e+01	1
31	64	42	53	1.07184666666667e+00	3.50887781610736e+01	3.76097899093528e+01	1
32	65	43	54	1.11045466666667e+00	3.50888753467293e+01	3.89646053768605e+01	1
33	66	44	55	1.15660000000000e+00	3.50889920346364e+01	4.05839281872604e+01	1
34	67	45	56	1.20224000000000e+00	3.50891313116824e+01	4.21855572281570e+01	1
35	68	46	57	1.24616800000000e+00	3.50892970384002e+01	4.37271591117491e+01	1
36	69	47	58	1.27963866666667e+00	3.50894940845767e+01	4.49018734243956e+01	1
37	70	48	59	1.32474400000000e+00	3.50897286666728e+01	4.64849075128028e+01	1
38	71	49	60	1.37527200000000e+00	3.50900088436862e+01	4.82583066424740e+01	1
39	72	50	61	1.42074933333333e+00	3.50903452679886e+01	4.98545846459314e+01	1
40	73	51	62	1.48432666666667e+00	3.50907523620009e+01	5.20861394843142e+01	1
41	74	52	63	1.56574800000000e+00	3.50912502362170e+01	5.49440548748563e+01	1
42	75	53	64	1.61577000000000e+00	3.50918679598582e+01	5.67003874935001e+01	1
43	76	54	65	1.65355866666667e+00	3.50926494344796e+01	5.80277546086789e+01	1
44	77	55	66	1.68989466666667e+00	3.50936645791444e+01	5.93045966060851e+01	1
45	78	56	67	1.73586133333333e+00	3.50950317469456e+01	6.09201086016286e+01	1
1	37	13	25	1.06713333333333e-01	3.82814223903850e+01	4.08513818801928e+00	1
2	38	14	26	1.16324000000000e-01	3.82796669735558e+01	4.45284398103191e+00	1
3	39	15	27	1.23634000000000e-01	3.82784113343049e+01	4.73251310690546e+00	1
4	40	16	28	1.28237333333333e-01	3.82774699718892e+01	4.90860067594182e+00	1
5	41	17	29	1.33563333333333e-01	3.82767391707034e+01	5.11236887276972e+00	1
6	42	18	30	1.38304666666667e-01	3.82761568432734e+01	5.29377111348998e+00	1
7	43	19	31	1.44922000000000e-01	3.82756836148167e+01	5.54698862082646e+00	1
8	44	20	32	1.52209333333333e-01	3.82752932936978e+01	5.82585687537155e+00	1
9	45	21	33	1.60676666666667e-01	3.82749677546469e+01	6.14989423559082e+00	1
10	46	22	34	1.72578666666667e-01	3.82746940376020e+01	6.60539566408398e+00	1
11	47	23	35	1.86851333333333e-01	3.82744626241912e+01	7.15163437394695e+00	1
12	48	24	36	2.04405333333333e-01	3.82742663716709e+01	7.82346417579018e+00	1
13	49	25	37	2.28970000000000e-01	3.82740998300263e+01	8.76362063808112e+00	1
14	50	26	38	2.63965333333333e-01	3.82739587910638e+01	1.01029982902694e+01	1
15	51	27	39	3.23548666666667e-01	3.82738399829030e+01	1.23834498946816e+01	1
16	52	28	40	3.92284000000000e-01	3.82737408585490e+01	1.50141761589550e+01	1
17	53	29	41	4.62406000000000e-01	3.82736594472181e+01	1.76979697703503e+01	1
18	54	30	42	5.25434000000000e-01	3.82735942487934e+01	2.01102477205205e+01	1
19	55	31	43	5.74218666666667e-01	3.82735441588686e+01	2.19773834955133e+01	1
20	56	32	44	6.17790666666667e-01	3.82735084162454e+01	2.36450162801445e+01	1
21	57	33	45	6.63393333333333e-01	3.82734865675936e+01	2.53903758323645e+01	1
22	58	34	46	7.08053333333333e-01	3.82734784458840e+01	2.70996639918696e+01	1
23	59	35	47	7.53355333333333e-01	3.82734841605435e+01	2.88335334175943e+01	1
24	60	36	48	8.02916666666667e-01	3.82735040982983e+01	3.07304343322587e+01	1
25	61	37	49	8.54852666666667e-01	3.82735389345172e+01	3.27182368209425e+01	1
26	62	38	50	9.06997333333333e-01	3.82735896556704e+01	3.47140437547873e+01	1
27	63	39	51	9.36622000000000e-01	3.82736575943918e+01	3.58479497233744e+01	1
28	64	40	52	9.66699333333333e-01	3.82737444796869e+01	3.69992032726837e+01	1
29	65	41	53	9.90160666666667e-01	3.82738525062389e+01	3.78972633134792e+01	1
30	66	42	54	1.02419266666667e+00	3.82739844287697e+01	3.91999341760601e+01	1
31	67	43	55	1.06754333333333e+00	3.82741436903865e+01	4.08593069357142e+01	1
32	68	44	56	1.10263533333333e+00	3.82743345984401e+01	4.22026336880625e+01	1
33	69	45	57	1.12876733333333e+00	3.82745625687402e+01	4.32030759252167e+01	1
34	70	46	58	1.16073266666667e+00	3.82748344710001e+01	4.44268506817492e+01	1
35	71	47	59	1.19669066666667e+00	3.82751591287836e+01	4.58035256945968e+01	1
36	72	48	60	1.21898800000000e+00	3.82755480630443e+01	4.66574337822743e+01	1
37	73	49	61	1.24569533333333e+00	3.82760166335767e+01	4.76802552990355e+01	1
38	74	50	62	1.28255133333333e+00	3.82765858565445e+01	4.90916862257589e+01	1
39	75	51	63	1.34567533333333e+00	3.82772854223599e+01	5.15087988198293e+01	1
40	76	52	64	1.39358600000000e+00	3.82781589523688e+01	5.33439064217959e+01	1
41	77	53	65	1.45415800000000e+00	3.82792736556855e+01	5.56641120206043e+01	1
42	78	54	66	1.50857333333333e+00	3.82807387801992e+01	5.77493017041077e+01	1
1	40	14	27	1.11920666666667e-01	4.14684172808367e+01	4.64117290768276e+00	1
2	41	15	28	1.15262000000000e-01	4.14666178551134e+01	4.77952530721608e+00	1
3	42	16	29	1.19450666666667e-01	4.14652906440755e+01	4.95305661096192e+00	1
4	43	17	30	1.24791333333333e-01	4.14642725311531e+01	5.17438185485931e+00	1
5	44	18	31	1.31710000000000e-01	4.14634683883192e+01	5.46115342142552e+00	1
6	45	19	32	1.38706666666667e-01	4.14628192805247e+01	5.75116945300399e+00	1
7	46	20	33	1.47532666666667e-01	4.14622867486505e+01	6.11704173012641e+00	1
8	47	21	34	1.58530000000000e-01	4.14618445927402e+01	6.57294622328710e+00	1
9	48	22	35	1.71360666666667e-01	4.14614743213038e+01	7.10486588068151e+00	1
10	49	23	36	1.87615333333333e-01	4.14611625016261e+01	7.77874982313008e+00	1
11	50	24	37	2.08846666666667e-01	4.14608991489165e+01	8.65897058425404e+00	1
12	51	25	38	2.40157333333333e-01	4.14606767098216e+01	9.95708555682620e+00	1
13	52	26	39	2.91974666666667e-01	4.14604894001011e+01	1.21054125724314e+01	1
14	53	27	40	3.54248666666667e-01	4.14603327612233e+01	1.46872676002197e+01	1
15	54	28	41	4.15740000000000e-01	4.14602033569427e+01	1.72366649436154e+01	1
16	55	29	42	4.71555333333333e-01	4.14600985623257e+01	1.95507305975904e+01	1
17	56	30	43	5.16442666666667e-01	4.14600164158363e+01	2.14117214378383e+01	1
18	57	31	44	5.55362666666667e-01	4.14599555159269e+01	2.30253114552065e+01	1
19	58	32	45	5.96388666666667e-01	4.14599149502759e+01	2.47262233973085e+01	1
20	59	33	46	6.36123333333333e-01	4.14598942500971e+01	2.63736061300192e+01	1
21	60	34	47	6.77767333333333e-01	4.14598933648130e+01	2.81001613661537e+01	1
22	61	35	48	7.25626666666667e-01	4.14599126544355e+01	3.00844182197292e+01	1
23	62	36	49	7.75312000000000e-01	4.14599528985781e+01	3.21443990017024e+01	1
24	63	37	50	8.18136666666667e-01	4.14600153224285e+01	3.39199587358406e+01	1
25	64	38	51	8.60213333333333e-01	4.14601016414162e+01	3.56645322333015e+01	1
26	65	39	52	8.96416666666667e-01	4.14602141279550e+01	3.71656269478676e+01	1
27	66	40	53	9.23180666666667e-01	4.14603557057688e+01	3.82753988206888e+01	1
28	67	41	54	9.57758000000000e-01	4.14605300803134e+01	3.97091543686608e+01	1
29	68	42	55	9.89192666666667e-01	4.14607419182731e+01	4.10126618601150e+01	1
30	69	43	56	1.01062066666667e+00	4.14609970960553e+01	4.19013405258802e+01	1
31	70	44	57	1.03912133333333e+00	4.14613030483733e+01	4.30833245053631e+01	1
32	71	45	58	1.06624333333333e+00	4.14616692665853e+01	4.42082284443682e+01	1
33	72	46	59	1.08729066666667e+00	4.14621080284278e+01	4.50813630796346e+01	1
34	73	47	60	1.11305466666667e+00	4.14626354977827e+01	4.61501799331061e+01	1
35	74	48	61	1.13337266666667e+00	4.14632734388253e+01	4.69933407860905e+01	1
36	75	49	62	1.15131400000000e+00	4.14640519934509e+01	4.77381435567879e+01	1
37	76	50	63	1.18677466666667e+00	4.14650143849385e+01	4.92096286250140e+01	1
38	77	51	64	1.21835200000000e+00	4.14662252771479e+01	5.05204584988637e+01	1
39	78	52	65	1.27034400000000e+00	4.14677860414113e+01	5.26783531909906e+01	1
1	43	15	29	1.09108666666667e-01	4.46567602083639e+01	4.87243956398765e+00	1
2	44	16	30	1.14776666666667e-01	4.46549126696050e+01	5.12534202650836e+00	1
3	45	17	31	1.21494666666667e-01	4.46535150814234e+01	5.42516393031251e+00	1
4	46	18	32	1.28326000000000e-01	4.46524227343302e+01	5.73006679980566e+00	1
5	47	19	33	1.36198000000000e-01	4.46515479878790e+01	6.08145153285315e+00	1
6	48	20	34	1.46047333333333e-01	4.46508348556881e+01	6.52113536178030e+00	1
7	49	21	35	1.57813333333333e-01	4.46502458671027e+01	7.04640413444037e+00	1
8	50	22	36	1.72424000000000e-01	4.46497549623357e+01	7.69868934962577e+00	1
9	51	23	37	1.92116666666667e-01	4.46493434444701e+01	8.57788303140678e+00	1
10	52	24	38	2.19376000000000e-01	4.46489975645739e+01	9.79491848972597e+00	1
11	53	25	39	2.67084666666667e-01	4.46487070227313e+01	1.19249850322638e+01	1
12	54	26	40	3.21325333333333e-01	4.46484640054585e+01	1.43466825793753e+01	1
13	55	27	41	3.75342000000000e-01	4.46482625497276e+01	1.67583681619398e+01	1
14	56	28	42	4.26609333333333e-01	4.46480981131546e+01	1.90472953706542e+01	1
15	57	29	43	4.67648666666667e-01	4.46479672789033e+01	2.08795623673561e+01	1
16	58	30	44	5.03512666666667e-01	4.46478675517342e+01	2.24807668519538e+01	1
17	59	31	45	5.39246666666667e-01	4.46477972180863e+01	2.40761758238623e+01	1
18	60	32	46	5.76082666666667e-01	4.46477552531351e+01	2.57207979069067e+01	1
19	61	33	47	6.17428000000000e-01	4.46477412641842e+01	2.75667655932627e+01	1
20	62	34	48	6.62443333333333e-01	4.46477554640529e+01	2.95766079554587e+01	1
21	63	35	49	7.02133333333333e-01	4.46477986712451e+01	3.13487077070369e+01	1
22	64	36	50	7.46704000000000e-01	4.46478723362121e+01	3.33387448649389e+01	1
23	65	37	51	7.88818000000000e-01	4.46479785953757e+01	3.52191291796471e+01	1
24	66	38	52	8.31935333333333e-01	4.46481203571621e+01	3.71443488920425e+01	1
25	67	39	53	8.65962000000000e-01	4.46483014275185e+01	3.86637324007768e+01	1
26	68	40	54	8.95494666666667e-01	4.46485266868624e+01	3.99825175226096e+01	1
27	69	41	55	9.17849333333333e-01	4.46488023370673e+01	4.09808734592090e+01	1
28	70	42	56	9.37534000000000e-01	4.46491362474763e+01	4.18600833026415e+01	1
29	71	43	57	9.61757333333333e-01	4.46495384458339e+01	4.29420210302294e+01	1
30	72	44	58	9.79160000000000e-01	4.46500218284844e+01	4.37195153735788e+01	1
31	73	45	59	1.00403400000000e+00	4.46506032138935e+01	4.48307237472583e+01	1
32	74	46	60	1.02815733333333e+00	4.46513049536664e+01	4.59085666310151e+01	1
33	75	47	61	1.04086400000000e+00	4.46521574852786e+01	4.64768232487570e+01	1
34	76	48	62	1.05541800000000e+00	4.46532035447608e+01	4.71277947788043e+01	1
35	77	49	63	1.08779800000000e+00	4.46545054273094e+01	4.85750816948164e+01	1
36	78	50	64	1.11108866666667e+00	4.46561576878318e+01	4.96169507038295e+01	1
1	46	16	31	1.12919333333333e-01	4.78463946594335e+01	5.40278298734680e+00	1
2	47	17	32	1.19465333333333e-01	4.78444973690106e+01	5.71575882635464e+00	1
3	48	18	33	1.26528666666667e-01	4.78430323091623e+01	6.05351508736856e+00	1
4	49	19	34	1.35588666666667e-01	4.78418700494513e+01	6.48681537084503e+00	1
5	50	20	35	1.45958666666667e-01	4.78409295122608e+01	6.98279828370357e+00	1
6	51	21	36	1.58938666666667e-01	4.78401574800168e+01	7.60365084299723e+00	1
7	52	22	37	1.76530666666667e-01	4.78395175462983e+01	8.44514192545973e+00	1
8	53	23	38	2.02372000000000e-01	4.78389839528686e+01	9.68127086050993e+00	1
9	54	24	39	2.44159333333333e-01	4.78385379864001e+01	1.16802255424008e+01	1
10	55	25	40	2.92958000000000e-01	4.78381657814225e+01	1.40145733709940e+01	1
11	56	26	41	3.42166000000000e-01	4.78378569316536e+01	1.63684881548762e+01	1
12	57	27	42	3.88230666666667e-01	4.78376035856463e+01	1.85720247317912e+01	1
13	58	28	43	4.25922000000000e-01	4.78373998439408e+01	2.03750010163310e+01	1
14	59	29	44	4.58196666666667e-01	4.78372413509907e+01	2.19188645295528e+01	1
15	60	30	45	4.91859333333333e-01	4.78371250177711e+01	2.35291364198242e+01	1
16	61	31	46	5.27714666666667e-01	4.78370488357998e+01	2.52443122807012e+01	1
17	62	32	47	5.66492666666667e-01	4.78370117583452e+01	2.70993163563497e+01	1
18	63	33	48	6.03362666666667e-01	4.78370136341426e+01	2.88630681116660e+01	1
19	64	34	49	6.44026666666667e-01	4.78370551854093e+01	3.08083391942086e+01	1
20	65	35	50	6.86494666666667e-01	4.78371380267667e+01	3.28399401239726e+01	1
21	66	36	51	7.28125333333333e-01	4.78372647257895e+01	3.48315243242204e+01	1
22	67	37	52	7.71754666666667e-01	4.78374389100556e+01	3.69187667202170e+01	1
23	68	38	53	8.05590000000000e-01	4.78376654305044e+01	3.85375448941600e+01	1
24	69	39	54	8.32411333333333e-01	4.78379505975874e+01	3.98208522408719e+01	1
25	70	40	55	8.57282000000000e-01	4.78383025165520e+01	4.10109156579947e+01	1
26	71	41	56	8.76774000000000e-01	4.78387315636687e+01	4.19437560280041e+01	1
27	72	42	57	8.89551333333333e-01	4.78392510706116e+01	4.25554695755306e+01	1
28	73	43	58	9.09146666666667e-01	4.78398783275534e+01	4.34934659152340e+01	1
29	74	44	59	9.33468000000000e-01	4.78406360924095e+01	4.46577028919093e+01	1
30	75	45	60	9.50806000000000e-01	4.78415549352063e+01	4.54880374817238e+01	1
31	76	46	61	9.64176666666667e-01	4.78426770166581e+01	4.61287928503313e+01	1
32	77	47	62	9.81716000000000e-01	4.78440624185829e+01	4.69692815813216e+01	1
33	78	48	63	1.01312066666667e+00	4.78457997655069e+01	4.84735685556302e+01	1
1	49	17	33	1.20114666666667e-01	5.10372413461345e+01	6.13032123187716e+00	1
2	50	18	34	1.26229333333333e-01	5.10352956676268e+01	6.44215134859409e+00	1
3	51	19	35	1.35721333333333e-01	5.10337685350980e+01	6.92637111060821e+00	1
4	52	20	36	1.47402000000000e-01	5.10325433465907e+01	7.52229895437416e+00	1
5	53	21	37	1.63506666666667e-01	5.10315448430132e+01	8.34399779213161e+00	1
6	54	22	38	1.86189333333333e-01	5.10307224531285e+01	9.50137619306635e+00	1
7	55	23	39	2.24007333333333e-01	5.10300409481367e+01	1.14311033926829e+01	1
8	56	24	40	2.68533333333333e-01	5.10294750791160e+01	1.37031150412453e+01	1
9	57	25	41	3.13537333333333e-01	5.10290063680941e+01	1.59994985793019e+01	1
10	58	26	42	3.55657333333333e-01	5.10286211141563e+01	1.81487033091379e+01	1
11	59	27	43	3.89482666666667e-01	5.10283091151511e+01	1.98746419096600e+01	1
12	60	28	44	4.20002666666667e-01	5.10280628283398e+01	2.14319224627369e+01	1
13	61	29	45	4.52875333333333e-01	5.10278768112099e+01	2.31092667201689e+01	1
14	62	30	46	4.86756666666667e-01	5.10277473486617e+01	2.48380962069434e+01	1
15	63	31	47	5.18360666666667e-01	5.10276722101254e+01	2.64507381852887e+01	1
16	64	32	48	5.56084000000000e-01	5.10276505025740e+01	2.83756600020733e+01	1
17	65	33	49	5.94622000000000e-01	5.10276825996370e+01	3.03421826827613e+01	1
18	66	34	50	6.35205333333333e-01	5.10277701367950e+01	3.24131117389996e+01	1
19	67	35	51	6.76153333333333e-01	5.10279160702350e+01	3.45026955439430e+01	1
20	68	36	52	7.14988666666667e-01	5.10281248039116e+01	3.64845309160490e+01	1
21	69	37	53	7.43334000000000e-01	5.10284023970747e+01	3.79311464674272e+01	1
22	70	38	54	7.76073333333333e-01	5.10287568745452e+01	3.96020574434846e+01	1
23	71	39	55	8.02847333333333e-01	5.10291986766311e+01	4.09686560796702e+01	1
24	72	40	56	8.16772000000000e-01	5.10297413085306e+01	4.16796638680512e+01	1
25	73	41	57	8.33336000000000e-01	5.10304022871024e+01	4.25254713203248e+01	1
26	74	42	58	8.50621333333333e-01	5.10312045486430e+01	4.34082312547728e+01	1
27	75	43	59	8.67690000000000e-01	5.10321785994497e+01	4.42801110489565e+01	1
28	76	44	60	8.84543333333333e-01	5.10333659100130e+01	4.51412235932626e+01	1
29	77	45	61	9.00893333333333e-01	5.10348244555073e+01	4.59769331198035e+01	1
30	78	46	62	9.20754000000000e-01	5.10366376428726e+01	4.69921882562255e+01	1
1	52	18	35	1.26338000000000e-01	5.42292123097894e+01	6.85121022479418e+00	1
2	53	19	36	1.37337333333333e-01	5.42272234628881e+01	7.44742226446382e+00	1
3	54	20	37	1.51661333333333e-01	5.42256432763337e+01	8.22393336014648e+00	1
4	55	21	38	1.71950666666667e-01	5.42243660839330e+01	9.32391589770967e+00	1
5	56	22	39	2.06350000000000e-01	5.42233218922666e+01	1.11889824724692e+01	1
6	57	23	40	2.47132000000000e-01	5.42224627500717e+01	1.34001056643507e+01	1
7	58	24	41	2.88438000000000e-01	5.42217548025336e+01	1.56396145117332e+01	1
8	59	25	42	3.27054000000000e-01	5.42211736140077e+01	1.77332517151557e+01	1
9	60	26	43	3.58749333333333e-01	5.42207013128082e+01	1.94516404488357e+01	1
10	61	27	44	3.88191333333333e-01	5.42203247912861e+01	2.10478601744958e+01	1
11	62	28	45	4.19552000000000e-01	5.42200345433654e+01	2.27481239327380e+01	1
12	63	29	46	4.47641333333333e-01	5.42198239038873e+01	2.42710342654346e+01	1
13	64	30	47	4.79751333333333e-01	5.42196885530372e+01	2.60119678762376e+01	1
14	65	31	48	5.14840666666667e-01	5.42196262052094e+01	2.79144685019075e+01	1
15	66	32	49	5.51963333333333e-01	5.42196364350995e+01	2.99272512588390e+01	1
16	67	33	50	5.91929333333333e-01	5.42197206151097e+01	3.20942430772214e+01	1
17	68	34	51	6.27645333333333e-01	5.42198819531983e+01	3.40308558818091e+01	1
18	69	35	52	6.59623333333333e-01	5.42201256327032e+01	3.57648600035958e+01	1
19	70	36	53	6.89116666666667e-01	5.42204590681565e+01	3.73642220181844e+01	1
20	71	37	54	7.21504000000000e-01	5.42208923064075e+01	3.91205906826422e+01	1
21	72	38	55	7.46806666666667e-01	5.42214386241178e+01	4.04929318407487e+01	1
22	73	39	56	7.67041333333333e-01	5.42221154067384e+01	4.15906036977385e+01	1
23	74	40	57	7.84694666666667e-01	5.42229454508720e+01	4.25484561062569e+01	1
24	75	41	58	7.97466666666667e-01	5.42239589310519e+01	4.32417997822161e+01	1
25	76	42	59	8.11906666666667e-01	5.42251964503455e+01	4.40257984993452e+01	1
26	77	43	60	8.29969333333333e-01	5.42267139055520e+01	4.50065095890484e+01	1
27	78	44	61	8.48159333333333e-01	5.42285900225691e+01	4.59944847611489e+01	1
1	55	19	37	1.40912666666667e-01	5.74222216749837e+01	8.09151838214643e+00	1
2	56	20	38	1.59756666666667e-01	5.74202001065086e+01	9.17325976834879e+00	1
3	57	21	39	1.90948000000000e-01	5.74185812071118e+01	1.09639632443356e+01	1
4	58	22	40	2.28332666666667e-01	5.74172688402343e+01	1.31102381070076e+01	1
5	59	23	41	2.65988000000000e-01	5.74161979450880e+01	1.52720196590181e+01	1
6	60	24	42	3.01772666666667e-01	5.74153233169606e+01	1.73263752248880e+01	1
7	61	25	43	3.32794000000000e-01	5.74146128245130e+01	1.91072386603210e+01	1
8	62	26	44	3.60994666666667e-01	5.74140433284221e+01	2.07261634333293e+01	1
9	63	27	45	3.87297333333333e-01	5.74135981526928e+01	2.22361334616095e+01	1
10	64	28	46	4.16130000000000e-01	5.74132654806169e+01	2.38913821644491e+01	1
11	65	29	47	4.46512666666667e-01	5.74130373263945e+01	2.56356483980413e+01	1
12	66	30	48	4.80038000000000e-01	5.74129088836635e+01	2.75603779546961e+01	1
13	67	31	49	5.15480000000000e-01	5.74128781364350e+01	2.95951904217695e+01	1
14	68	32	50	5.50566666666667e-01	5.74129456679371e+01	3.16096541199106e+01	1
15	69	33	51	5.80546666666667e-01	5.74131146351246e+01	3.33309923243728e+01	1
16	70	34	52	6.12576666666667e-01	5.74133909003946e+01	3.51701036197941e+01	1
17	71	35	53	6.40539333333333e-01	5.74137833333975e+01	3.67757865005189e+01	1
18	72	36	54	6.67349333333333e-01	5.74143043198527e+01	3.83153977116508e+01	1
19	73	37	55	6.96354000000000e-01	5.74149705469931e+01	3.99811444002808e+01	1
20	74	38	56	7.20918000000000e-01	5.74158041858302e+01	4.13920867220403e+01	1
21	75	39	57	7.37971333333333e-01	5.74168346747831e+01	4.23719780407293e+01	1
22	76	40	58	7.51300000000000e-01	5.74181014554946e+01	4.31382196235131e+01	1
23	77	41	59	7.67418666666667e-01	5.74196582528363e+01	4.40649175768473e+01	1
24	78	42	60	7.84983333333333e-01	5.74215794553495e+01	4.50749828461251e+01	1
1	58	20	39	1.77558000000000e-01	6.06161945746042e+01	1.07628902762776e+01	1
2	59	21	40	2.11509333333333e-01	6.06141581528536e+01	1.28204601814713e+01	1
3	60	22	41	2.46478000000000e-01	6.06125228481601e+01	1.49396534065688e+01	1
4	61	23	42	2.80878000000000e-01	6.06112011153079e+01	1.70243529468655e+01	1
5	62	24	43	3.09970666666667e-01	6.06101327758659e+01	1.87873632632903e+01	1
6	63	25	44	3.34011333333333e-01	6.06092757478543e+01	2.02441850049085e+01	1
7	64	26	45	3.60857333333333e-01	6.06086002477819e+01	2.18710578624806e+01	1
8	65	27	46	3.88186000000000e-01	6.06080852450111e+01	2.35272101789199e+01	1
9	66	28	47	4.17749333333333e-01	6.06077162543821e+01	2.53188330601239e+01	1
10	67	29	48	4.50124000000000e-01	6.06074839536877e+01	2.72808831071697e+01	1
11	68	30	49	4.81535333333333e-01	6.06073833381655e+01	2.91845965382046e+01	1
12	69	31	50	5.10649333333333e-01	6.06074132506767e+01	3.09491351715159e+01	1
13	70	32	51	5.40163333333333e-01	6.06075762015324e+01	3.27379903862738e+01	1
14	71	33	52	5.70166666666667e-01	6.06078784417565e+01	3.45565920248748e+01	1
15	72	34	53	5.92897333333333e-01	6.06083302929095e+01	3.59345174084519e+01	1
16	73	35	54	6.21676000000000e-01	6.06089467760536e+01	3.76791275959499e+01	1
17	74	36	55	6.50569333333333e-01	6.06097486325727e+01	3.94308437613937e+01	1
18	75	37	56	6.72850666666667e-01	6.06107639047028e+01	4.07819929004552e+01	1
19	76	38	57	6.93698000000000e-01	6.06120303659735e+01	4.20464442408151e+01	1
20	77	39	58	7.11768666666667e-01	6.06135992791227e+01	4.31428607407688e+01	1
21	78	40	59	7.30263333333333e-01	6.06155408017741e+01	4.42653068777062e+01	1
1	61	21	41	2.31674000000000e-01	6.38110764601600e+01	1.47833673278311e+01	1
2	62	22	42	2.62272000000000e-01	6.38090539916287e+01	1.67353282084925e+01	1
3	63	23	43	2.87909333333333e-01	6.38074367422008e+01	1.83707565741559e+01	1
4	64	24	44	3.12272666666667e-01	6.38061453397211e+01	1.99249151549556e+01	1
5	65	25	45	3.37717333333333e-01	6.38051248509285e+01	2.15480966176560e+01	1
6	66	26	46	3.63838666666667e-01	6.38043371222569e+01	2.32144849461124e+01	1
7	67	27	47	3.92238000000000e-01	6.38037558478551e+01	2.50262575862510e+01	1
8	68	28	48	4.21416666666667e-01	6.38033635419790e+01	2.68878007859823e+01	1
9	69	29	49	4.48157333333333e-01	6.38031496920044e+01	2.85938494242362e+01	1
10	70	30	50	4.76782666666667e-01	6.38031096798476e+01	3.04202167747836e+01	1
11	71	31	51	5.04112666666667e-01	6.38032442474409e+01	3.21640235995621e+01	1
12	72	32	52	5.29116000000000e-01	6.38035593963454e+01	3.37594841335567e+01	1
13	73	33	53	5.53510666666667e-01	6.38040666911129e+01	3.53162314902423e+01	1
14	74	34	54	5.81256000000000e-01	6.38047840053081e+01	3.70869135317894e+01	1
15	75	35	55	6.06590666666667e-01	6.38057368281048e+01	3.87039644397180e+01	1
16	76	36	56	6.29104666666667e-01	6.38069603592528e+01	4.01412565278210e+01	1
17	77	37	57	6.52479333333333e-01	6.38085027694127e+01	4.16337293479846e+01	1
18	78	38	58	6.75462666666667e-01	6.38104297549346e+01	4.31015630434141e+01	1
1	64	22	43	2.69552000000000e-01	6.70068455680987e+01	1.80618292365722e+01	1
2	65	23	44	2.92822666666667e-01	6.70048824902851e+01	1.96205483704919e+01	1
3	66	24	45	3.17168666666667e-01	6.70033366856023e+01	2.12513589587902e+01	1
4	67	25	46	3.42720666666667e-01	6.70021372279320e+01	2.29630171388483e+01	1
5	68	26	47	3.68032000000000e-01	6.70012354741558e+01	2.46585986940245e+01	1
6	69	27	48	3.92882666666667e-01	6.70005987953656e+01	2.63233739229867e+01	1
7	70	28	49	4.19298666666667e-01	6.70002064734536e+01	2.80930972407105e+01	1
8	71	29	50	4.46218000000000e-01	6.70000472576625e+01	2.98966270872197e+01	1
9	72	30	51	4.69377333333333e-01	6.70001180258258e+01	3.14483367319807e+01	1
10	73	31	52	4.95134000000000e-01	6.70004232478612e+01	3.31741875644065e+01	1
11	74	32	53	5.18622666666667e-01	6.70009751237446e+01	3.47482243879434e+01	1
12	75	33	54	5.42893333333333e-01	6.70017944007336e+01	3.63748275015290e+01	1
13	76	34	55	5.67275333333333e-01	6.70029120029871e+01	3.80090992407985e+01	1
14	77	35	56	5.90858666666667e-01	6.70043717422580e+01	3.95901137484682e+01	1
15	78	36	57	6.15504666666667e-01	6.70062340701737e+01	4.12426497659509e+01	1
1	67	23	45	2.99368666666667e-01	7.02035323079841e+01	2.10167378623315e+01	1
2	68	24	46	3.22188666666667e-01	7.02017000955464e+01	2.26181921515173e+01	1
3	69	25	47	3.44133333333333e-01	7.02003093452773e+01	2.41582664560214e+01	1
4	70	26	48	3.68410666666667e-01	7.01992989518296e+01	2.58621705263762e+01	1
5	71	27	49	3.92940000000000e-01	7.01986288705123e+01	2.75838492283791e+01	1
6	72	28	50	4.16092666666667e-01	7.01982751740250e+01	2.92089875125605e+01	1
7	73	29	51	4.40180000000000e-01	7.01982269022729e+01	3.08998555178425e+01	1
8	74	30	52	4.65070666666667e-01	7.01984844847473e+01	3.26472559783111e+01	1
9	75	31	53	4.85553333333333e-01	7.01990593755858e+01	3.40853872766803e+01	1
10	76	32	54	5.08852666666667e-01	7.01999747848851e+01	3.57214443692216e+01	1
11	77	33	55	5.33836000000000e-01	7.02012675852640e+01	3.74759638826470e+01	1
12	78	34	56	5.57640000000000e-01	7.02029911588273e+01	3.91479959898085e+01	1
1	70	24	47	3.23334000000000e-01	7.34012515258791e+01	2.37331202608686e+01	1
2	71	25	48	3.46176666666667e-01	7.33996637595598e+01	2.54092509347386e+01	1
3	72	26	49	3.67421333333333e-01	7.33985615082371e+01	2.69681973341052e+01	1
4	73	27	50	3.90940666666667e-01	7.33978969321666e+01	2.86942227585925e+01	1
5	74	28	51	4.14146000000000e-01	7.33976435220311e+01	3.03973404740751e+01	1
6	75	29	52	4.36103333333333e-01	7.33977927374104e+01	3.20090220720938e+01	1
7	76	30	53	4.56106000000000e-01	7.33983523707837e+01	3.34774289064287e+01	1
8	77	31	54	4.79591333333333e-01	7.33993467359093e+01	3.52016905668704e+01	1
9	78	32	55	5.04528000000000e-01	7.34008180797433e+01	3.70327679441367e+01	1
1	73	25	49	3.46010666666667e-01	7.66002585319564e+01	2.65045065214813e+01	1
2	74	26	50	3.68423333333333e-01	7.65990997784534e+01	2.82208956707104e+01	1
3	75	27	51	3.88944666666667e-01	7.65985055042982e+01	2.97925801905341e+01	1
4	76	28	52	4.10320000000000e-01	7.65984491025234e+01	3.14298756357474e+01	1
5	77	29	53	4.30600666666667e-01	7.65989286843335e+01	3.29835497574265e+01	1
6	78	30	54	4.54061333333333e-01	7.65999657388325e+01	3.47810825766620e+01	1
1	76	26	51	3.66777333333333e-01	7.98010515522080e+01	2.92692168855147e+01	1
2	77	27	52	3.88043333333333e-01	7.98006331926343e+01	3.09661037061805e+01	1
3	78	28	53	4.08239333333333e-01	7.98009241770414e+01	3.25778760854193e+01	1
0
