78
# x y z
0	0	-65
0	0	-64.75
0	0	-64.5
0	0	-64.25
0	0	-64
0	0	-63.75
0	0	-63.5
0	0	-63.25
0	0	-63
0	0	-62.75
0	0	-62.5
0	0	-62.25
0	0	-62
0	0	-61.75
0	0	-61.5
0	0	-61.25
0	0	-61
0	0	-60.75
0	0	-60.5
0	0	-60.25
0	0	-60
0	0	-59.75
0	0	-59.5
0	0	-59.25
0	0	-59
0	0	-58.75
0	0	-58.5
0	0	-58.25
0	0	-58
0	0	-57.75
0	0	-57.5
0	0	-57.25
0	0	-57
0	0	-56.75
0	0	-56.5
0	0	-56.25
0	0	-56
0	0	-55.75
0	0	-55.5
0	0	-55.25
0	0	-55
0	0	-54.75
0	0	-54.5
0	0	-54.25
0	0	-54
0	0	-53.75
0	0	-53.5
0	0	-53.25
0	0	-53
0	0	-52.75
0	0	-52.5
0	0	-52.25
0	0	-52
0	0	-51.75
0	0	-51.5
0	0	-51.25
0	0	-51
0	0	-50.75
0	0	-50.5
0	0	-50.25
0	0	-50
0	0	-49.75
0	0	-49.5
0	0	-49.25
0	0	-49
0	0	-48.75
0	0	-48.5
0	0	-48.25
0	0	-48
0	0	-47.75
0	0	-47.5
0	0	-47.25
0	0	-47
0	0	-46.75
0	0	-46.5
0	0	-46.25
0	0	-46
0	0	-45.75
975
# a b m n r k rhoa valid
1	4	2	3	5.20556666666667e-01	3.47815707715206e+00	1.81057785422535e+00	1
2	5	3	4	5.31876666666667e-01	3.47742049433410e+00	1.84955882112477e+00	1
3	6	4	5	5.47757333333333e-01	3.47732473427868e+00	1.90473012358253e+00	1
4	7	5	6	5.46652666666667e-01	3.47730074568168e+00	1.90087572542888e+00	1
5	8	6	7	5.65774666666667e-01	3.47729241439015e+00	1.96736395665411e+00	1
6	9	7	8	5.62941333333333e-01	3.47728885666618e+00	1.95750962535680e+00	1
7	10	8	9	5.81258666666667e-01	3.47728709880756e+00	2.02120326267009e+00	1
8	11	9	10	5.64280000000000e-01	3.47728612935104e+00	1.96216301707021e+00	1
9	12	10	11	5.69890000000000e-01	3.47728554664617e+00	1.98167026017818e+00	1
10	13	11	12	5.73330666666667e-01	3.47728517142828e+00	1.99363422552509e+00	1
11	14	12	13	5.98176666666667e-01	3.47728491595415e+00	2.08003070007574e+00	1
12	15	13	14	6.17599333333333e-01	3.47728473392160e+00	2.14756873348016e+00	1
13	16	14	15	6.18745333333333e-01	3.47728459931182e+00	2.15155361849606e+00	1
14	17	15	16	6.31498666666667e-01	3.47728449669944e+00	2.19590052328637e+00	1
15	18	16	17	6.59242000000000e-01	3.47728441650569e+00	2.29237193330604e+00	1
16	19	17	18	6.67042000000000e-01	3.47728435253629e+00	2.31949470908451e+00	1
17	20	18	19	7.15473333333333e-01	3.47728430064022e+00	2.48790418952672e+00	1
18	21	19	20	7.13453333333333e-01	3.47728425794662e+00	2.48088004477955e+00	1
19	22	20	21	7.92978666666667e-01	3.47728422241404e+00	2.75741220631092e+00	1
20	23	21	22	8.07294000000000e-01	3.47728419255465e+00	2.80719066494422e+00	1
21	24	22	23	8.81380666666667e-01	3.47728416726046e+00	3.06481103752947e+00	1
22	25	23	24	9.81118000000000e-01	3.47728414569055e+00	3.41162606645162e+00	1
23	26	24	25	1.04133200000000e+00	3.47728412719609e+00	3.62100723474136e+00	1
24	27	25	26	1.17126600000000e+00	3.47728411126930e+00	4.07282465186994e+00	1
25	28	26	27	1.23127733333333e+00	3.47728409750789e+00	4.28150109082193e+00	1
26	29	27	28	1.35175333333333e+00	3.47728408558996e+00	4.70043035364318e+00	1
27	30	28	29	1.53758066666667e+00	3.47728407525575e+00	5.34660476662112e+00	1
28	31	29	30	1.59734466666667e+00	3.47728406629441e+00	5.55442115778036e+00	1
29	32	30	31	1.86370133333333e+00	3.47728405853405e+00	6.48061893626865e+00	1
30	33	31	32	1.99545066666667e+00	3.47728405183432e+00	6.93874877942215e+00	1
31	34	32	33	2.27568133333333e+00	3.47728404608077e+00	7.91319039436382e+00	1
32	35	33	34	2.72176800000000e+00	3.47728404118055e+00	9.46436043019590e+00	1
33	36	34	35	3.27771533333333e+00	3.47728403705906e+00	1.13975472066237e+01	1
34	37	35	36	4.02820466666667e+00	3.47728403365750e+00	1.40072117717046e+01	1
35	38	36	37	5.29556466666667e+00	3.47728403093086e+00	1.84141824501617e+01	1
36	39	37	38	7.30101000000000e+00	3.47728402884659e+00	2.53876854674492e+01	1
37	40	38	39	1.02118880000000e+01	3.47728402738350e+00	3.55096350318293e+01	1
38	41	39	40	1.31440240000000e+01	3.47728402653119e+00	4.57055046995426e+01	1
39	42	40	41	1.51359940000000e+01	3.47728402628962e+00	5.26321501582155e+01	1
40	43	41	42	1.67257246666667e+01	3.47728402666908e+00	5.81600952178651e+01	1
41	44	42	43	1.65243240000000e+01	3.47728402769042e+00	5.74597679135815e+01	1
42	45	43	44	1.64063606666667e+01	3.47728402938557e+00	5.70495759265397e+01	1
43	46	44	45	1.62421433333333e+01	3.47728403179835e+00	5.64785456551800e+01	1
44	47	45	46	1.62172566666667e+01	3.47728403498561e+00	5.63920076982640e+01	1
45	48	46	47	1.60122026666667e+01	3.47728403901892e+00	5.56789767623361e+01	1
46	49	47	48	1.67095680000000e+01	3.47728404398647e+00	5.81039141883068e+01	1
47	50	48	49	1.64223833333333e+01	3.47728404999583e+00	5.71052916279173e+01	1
48	51	49	50	1.68439093333333e+01	3.47728405717725e+00	5.85710573853391e+01	1
49	52	50	51	1.65804600000000e+01	3.47728406568797e+00	5.76549693597768e+01	1
50	53	51	52	1.71587153333333e+01	3.47728407571770e+00	5.96657275883732e+01	1
51	54	52	53	1.68892033333333e+01	3.47728408749564e+00	5.87285580014784e+01	1
52	55	53	54	1.79162373333333e+01	3.47728410129964e+00	6.22998472343110e+01	1
53	56	54	55	1.76317666666667e+01	3.47728411746808e+00	6.13106621929031e+01	1
54	57	55	56	1.81090940000000e+01	3.47728413641573e+00	6.29704652910613e+01	1
55	58	56	57	1.79560953333333e+01	3.47728415865493e+00	6.24384458538977e+01	1
56	59	57	58	1.80968646666667e+01	3.47728418482455e+00	6.29279413003103e+01	1
57	60	58	59	1.82044980000000e+01	3.47728421573013e+00	6.33022135506907e+01	1
58	61	59	60	1.80013853333333e+01	3.47728425240076e+00	6.25959337409981e+01	1
59	62	60	61	1.82315773333333e+01	3.47728429617130e+00	6.33963775556326e+01	1
60	63	61	62	1.81179400000000e+01	3.47728434880419e+00	6.30012291945735e+01	1
61	64	62	63	1.88883846666667e+01	3.47728441267483e+00	6.56802855820063e+01	1
62	65	63	64	1.84370233333333e+01	3.47728449106176e+00	6.41107752983439e+01	1
63	66	64	65	1.84435260000000e+01	3.47728458861609e+00	6.41333887195402e+01	1
64	67	65	66	1.85736653333333e+01	3.47728471214823e+00	6.45859225121576e+01	1
65	68	66	67	1.86924986666667e+01	3.47728487199975e+00	6.49991428334754e+01	1
66	69	67	68	1.87518713333333e+01	3.47728508454477e+00	6.52056024947027e+01	1
67	70	68	69	1.94035720000000e+01	3.47728537698794e+00	6.74717571769326e+01	1
68	71	69	70	1.94302220000000e+01	3.47728579712032e+00	6.75644349954948e+01	1
69	72	70	71	1.96578466666667e+01	3.47728643456194e+00	6.83559635466986e+01	1
70	73	71	72	1.99616693333333e+01	3.47728747094865e+00	6.94124626720200e+01	1
71	74	72	73	1.85899433333333e+01	3.47728931091876e+00	6.46426112435855e+01	1
72	75	73	74	1.82354980000000e+01	3.47729296962236e+00	6.34101689929626e+01	1
73	76	74	75	1.75081680000000e+01	3.47730142472331e+00	6.08811775306950e+01	1
74	77	75	76	1.73606320000000e+01	3.47732555701819e+00	6.03685693395878e+01	1
75	78	76	77	1.77078693333333e+01	3.47742126135628e+00	6.15777213130522e+01	1
1	7	3	5	2.82738000000000e-01	6.58485416720461e+00	1.86178849752710e+00	1
2	8	4	6	2.82094666666667e-01	6.58353495932659e+00	1.85718009983958e+00	1
3	9	5	7	2.97702000000000e-01	6.58323705804455e+00	1.95984283865398e+00	1
4	10	6	8	3.10004000000000e-01	6.58313651304757e+00	2.04079865159080e+00	1
5	11	7	9	2.99680666666667e-01	6.58309373580844e+00	1.97282591947623e+00	1
6	12	8	10	2.94279333333333e-01	6.58307246862892e+00	1.93726217735314e+00	1
7	13	9	11	3.08116000000000e-01	6.58306061990103e+00	2.02834630596142e+00	1
8	14	10	12	3.14120000000000e-01	6.58305341581453e+00	2.06786873897566e+00	1
9	15	11	13	3.12968666666667e-01	6.58304872345411e+00	2.06028798158113e+00	1
10	16	12	14	3.15479333333333e-01	6.58304549401131e+00	2.07681480375369e+00	1
11	17	13	15	3.29406666666667e-01	6.58304317042479e+00	2.16849830729240e+00	1
12	18	14	16	3.39768000000000e-01	6.58304143732090e+00	2.23670682307565e+00	1
13	19	15	17	3.43601333333333e-01	6.58304010624948e+00	2.26194135789413e+00	1
14	20	16	18	3.56543333333333e-01	6.58303905925018e+00	2.34713868964859e+00	1
15	21	17	19	3.70802000000000e-01	6.58303821944168e+00	2.44100373784541e+00	1
16	22	18	20	3.90428000000000e-01	6.58303753491103e+00	2.57020217868024e+00	1
17	23	19	21	4.14196666666667e-01	6.58303696949726e+00	2.72667196930920e+00	1
18	24	20	22	4.34699333333333e-01	6.58303649731291e+00	2.86164157669092e+00	1
19	25	21	23	4.62990666666667e-01	6.58303609937429e+00	3.04788427234004e+00	1
20	26	22	24	5.13276666666667e-01	6.58303576146410e+00	3.37891865219176e+00	1
21	27	23	25	5.53440000000000e-01	6.58303547273729e+00	3.64331515203173e+00	1
22	28	24	26	5.97938666666667e-01	6.58303522478860e+00	3.93625130492980e+00	1
23	29	25	27	6.49347333333333e-01	6.58303501101420e+00	4.27467622964204e+00	1
24	30	26	28	7.04728000000000e-01	6.58303482616551e+00	4.63924896697396e+00	1
25	31	27	29	7.71522000000000e-01	6.58303466603135e+00	5.07895607160584e+00	1
26	32	28	30	8.44618666666667e-01	6.58303452720754e+00	5.56015384499066e+00	1
27	33	29	31	9.41891333333333e-01	6.58303440692740e+00	6.20050305492006e+00	1
28	34	30	32	1.03773066666667e+00	6.58303430293540e+00	6.83141657587469e+00	1
29	35	31	33	1.16987933333333e+00	6.58303421339191e+00	7.70135567687345e+00	1
30	36	32	34	1.38926333333333e+00	6.58303413680072e+00	9.14556794833889e+00	1
31	37	33	35	1.70121400000000e+00	6.58303407195382e+00	1.11991497256849e+01	1
32	38	34	36	2.13174466666667e+00	6.58303401788903e+00	1.40333476581202e+01	1
33	39	35	37	2.75629333333333e+00	6.58303397385773e+00	1.81447726552509e+01	1
34	40	36	38	3.47245400000000e+00	6.58303393930076e+00	2.28592825346607e+01	1
35	41	37	39	4.55604333333333e+00	6.58303391383070e+00	2.99925877762156e+01	1
36	42	38	40	5.52656866666667e+00	6.58303389721979e+00	3.63815888679794e+01	1
37	43	39	41	6.19460933333333e+00	6.58303388939249e+00	4.07793231728803e+01	1
38	44	40	42	6.69429200000000e+00	6.58303389042258e+00	4.40687511083848e+01	1
39	45	41	43	7.15651666666667e+00	6.58303390053433e+00	4.71115918264056e+01	1
40	46	42	44	7.41858733333333e+00	6.58303392010780e+00	4.88368120546154e+01	1
41	47	43	45	7.68172600000000e+00	6.58303394968854e+00	5.05690630502052e+01	1
42	48	44	46	7.82234266666667e+00	6.58303399000203e+00	5.14947476561098e+01	1
43	49	45	47	7.73732666666667e+00	6.58303404197357e+00	5.09350848405365e+01	1
44	50	46	48	7.82389200000000e+00	6.58303410675452e+00	5.15049478835638e+01	1
45	51	47	49	8.10510400000000e+00	6.58303418575626e+00	5.33561767111098e+01	1
46	52	48	50	8.21272866666667e+00	6.58303428069365e+00	5.40646743507021e+01	1
47	53	49	51	8.39494533333333e+00	6.58303439364049e+00	5.52642138620651e+01	1
48	54	50	52	8.60008600000000e+00	6.58303452710041e+00	5.66146630740328e+01	1
49	55	51	53	8.76898800000000e+00	6.58303468409774e+00	5.77265521484369e+01	1
50	56	52	54	8.94837333333333e+00	6.58303486829510e+00	5.89074536678554e+01	1
51	57	53	55	9.23876000000000e+00	6.58303508414661e+00	6.08190812140103e+01	1
52	58	54	56	9.26056666666667e+00	6.58303533710019e+00	6.09626376082388e+01	1
53	59	55	57	9.32919400000000e+00	6.58303563386804e+00	6.14144165372679e+01	1
54	60	56	58	9.53637733333333e+00	6.58303598279373e+00	6.27783151308319e+01	1
55	61	57	59	9.74001133333333e+00	6.58303639435943e+00	6.41188490888067e+01	1
56	62	58	60	9.78942133333333e+00	6.58303688189979e+00	6.44441216897900e+01	1
57	63	59	61	9.64361666666667e+00	6.58303746262892e+00	6.34842897918993e+01	1
58	64	60	62	9.69586733333333e+00	6.58303815915277e+00	6.38282646414162e+01	1
59	65	61	63	1.01431080000000e+01	6.58303900175572e+00	6.67724755630204e+01	1
60	66	62	64	1.01483933333333e+01	6.58304003195890e+00	6.68072795733981e+01	1
61	67	63	65	1.00113646666667e+01	6.58304130823877e+00	6.59052271525087e+01	1
62	68	64	66	1.03410326666667e+01	6.58304291555025e+00	6.80754618357737e+01	1
63	69	65	67	1.07632293333333e+01	6.58304498183116e+00	7.08548228510980e+01	1
64	70	66	68	1.07982020000000e+01	6.58304770792067e+00	7.10850789257644e+01	1
65	71	67	69	1.11142226666667e+01	6.58305142464892e+00	7.31654993596654e+01	1
66	72	68	70	1.11363206666667e+01	6.58305670844890e+00	7.33110304721382e+01	1
67	73	69	71	1.14164413333333e+01	6.58306463250190e+00	7.51551711704995e+01	1
68	74	70	72	1.19107386666667e+01	6.58307736044765e+00	7.84093140627418e+01	1
69	75	71	73	1.18653553333333e+01	6.58309970464459e+00	7.81108171903697e+01	1
70	76	72	74	1.12682533333333e+01	6.58314380332844e+00	7.41805321056683e+01	1
71	77	73	75	1.11470433333333e+01	6.58324595344931e+00	7.33837279170908e+01	1
72	78	74	76	1.10818486666667e+01	6.58354541881103e+00	7.29578540213904e+01	1
1	10	4	7	1.96715333333333e-01	9.69656378803783e+00	1.90746277775179e+00	1
2	11	5	8	1.98678666666667e-01	9.69500667233309e+00	1.92619099898358e+00	1
3	12	6	9	2.02656666666667e-01	9.69452954121243e+00	1.96466104172364e+00	1
4	13	7	10	2.01190666666667e-01	9.69433503884503e+00	1.95040972935526e+00	1
5	14	8	11	2.01430666666667e-01	9.69424019315070e+00	1.95271726493314e+00	1
6	15	9	12	2.04702666666667e-01	9.69418775758572e+00	1.98442608514515e+00	1
7	16	10	13	2.13649333333333e-01	9.69415592662205e+00	2.07114995095218e+00	1
8	17	11	14	2.18212666666667e-01	9.69413515858489e+00	2.11538308398190e+00	1
9	18	12	15	2.25750000000000e-01	9.69412081779500e+00	2.18844777461722e+00	1
10	19	13	16	2.29580666666667e-01	9.69411045817271e+00	2.22558034172760e+00	1
11	20	14	17	2.36422000000000e-01	9.69410269904210e+00	2.29189914831293e+00	1
12	21	15	18	2.39330666666667e-01	9.69409671590924e+00	2.32009462974970e+00	1
13	22	16	19	2.49804666666667e-01	9.69409199219850e+00	2.42162941874715e+00	1
14	23	17	20	2.61917333333333e-01	9.69408819056566e+00	2.53904972797112e+00	1
15	24	18	21	2.79710666666667e-01	9.69408508262775e+00	2.71153900118520e+00	1
16	25	19	22	2.93208000000000e-01	9.69408250882460e+00	2.84238254424744e+00	1
17	26	20	23	3.15026666666667e-01	9.69408035456797e+00	3.05389382049836e+00	1
18	27	21	24	3.38770666666667e-01	9.69407853556327e+00	3.28406944821179e+00	1
19	28	22	25	3.68444000000000e-01	9.69407698848817e+00	3.57172450194654e+00	1
20	29	23	26	4.04081333333333e-01	9.69407566490302e+00	3.91719502010823e+00	1
21	30	24	27	4.32743333333333e-01	9.69407452716942e+00	4.19504612446905e+00	1
22	31	25	28	4.58814666666667e-01	9.69407354565040e+00	4.44778312248974e+00	1
23	32	26	29	5.08447333333333e-01	9.69407269674891e+00	4.92892541180146e+00	1
24	33	27	30	5.60464000000000e-01	9.69407196150730e+00	5.43317834783423e+00	1
25	34	28	31	6.27131333333333e-01	9.69407132459011e+00	6.07945587521863e+00	1
26	35	29	32	6.97327333333333e-01	9.69407077353438e+00	6.75994052165334e+00	1
27	36	30	33	7.93520666666667e-01	9.69407029818987e+00	7.69244512573316e+00	1
28	37	31	34	9.29052000000000e-01	9.69406989029679e+00	9.00629501972001e+00	1
29	38	32	35	1.14885333333333e+00	9.69406954316478e+00	1.11370641082300e+01	1
30	39	33	36	1.42083866666667e+00	9.69406925142824e+00	1.37737084297736e+01	1
31	40	34	37	1.66883600000000e+00	9.69406901085968e+00	1.61778113518070e+01	1
32	41	35	38	1.95795800000000e+00	9.69406881822865e+00	1.89805795952013e+01	1
33	42	36	39	2.42252400000000e+00	9.69406867119742e+00	2.34841140136239e+01	1
34	43	37	40	2.92503733333333e+00	9.69406856824653e+00	2.83555124740143e+01	1
35	44	38	41	3.33312000000000e+00	9.69406850862614e+00	3.23114936274720e+01	1
36	45	39	42	3.65012400000000e+00	9.69406849233038e+00	3.53845520614989e+01	1
37	46	40	43	3.77513333333333e+00	9.69406852009255e+00	3.65964012058187e+01	1
38	47	41	44	3.95269600000000e+00	9.69406859340133e+00	3.83177061528631e+01	1
39	48	42	45	4.24483000000000e+00	9.69406871453797e+00	4.11496737015322e+01	1
40	49	43	46	4.55980933333333e+00	9.69406888663612e+00	4.42031057872596e+01	1
41	50	44	47	4.75673266666667e+00	9.69406911376715e+00	4.61120952263806e+01	1
42	51	45	48	4.95789466666667e+00	9.69406940105490e+00	4.80621749817866e+01	1
43	52	46	49	5.05068733333333e+00	9.69406975482542e+00	4.89617153191465e+01	1
44	53	47	50	5.22603800000000e+00	9.69407018280001e+00	5.06615791499798e+01	1
45	54	48	51	5.32980800000000e+00	9.69407069434214e+00	5.16675355392703e+01	1
46	55	49	52	5.50343266666667e+00	9.69407130077324e+00	5.33506686696713e+01	1
47	56	50	53	5.56990533333333e+00	9.69407201577809e+00	5.39950634223998e+01	1
48	57	51	54	5.82485800000000e+00	9.69407285592804e+00	5.64665978274353e+01	1
49	58	52	55	5.94862800000000e+00	9.69407384136283e+00	5.76664390867985e+01	1
50	59	53	56	6.08713933333333e+00	9.69407499668854e+00	5.90091852126260e+01	1
51	60	54	57	6.16617066666667e+00	9.69407635217553e+00	5.97753292432118e+01	1
52	61	55	58	6.30526200000000e+00	9.69407794538126e+00	6.11237012940506e+01	1
53	62	56	59	6.45621200000000e+00	9.69407982338596e+00	6.25870344847023e+01	1
54	63	57	60	6.53002533333333e+00	9.69408204593238e+00	6.33026013433503e+01	1
55	64	58	61	6.53929533333333e+00	9.69408468993108e+00	6.33924827738045e+01	1
56	65	59	62	6.57618933333333e+00	9.69408785608032e+00	6.37501571555516e+01	1
57	66	60	63	6.78981533333333e+00	9.69409167885486e+00	6.58210923238278e+01	1
58	67	61	64	6.89475866666667e+00	9.69409634202807e+00	6.68384547696997e+01	1
59	68	62	65	7.15929466666667e+00	9.69410210359442e+00	6.94029334883856e+01	1
60	69	63	66	7.17162266666667e+00	9.69410933727594e+00	6.95224942563531e+01	1
61	70	64	67	7.33978200000000e+00	9.69411860454619e+00	7.11527172395133e+01	1
62	71	65	68	7.53597800000000e+00	9.69413078557388e+00	7.30547563292075e+01	1
63	72	66	69	7.64058466666667e+00	9.69414733039694e+00	7.40689534490384e+01	1
64	73	67	70	7.66611200000000e+00	9.69417077188863e+00	7.43165988844246e+01	1
65	74	68	71	7.95624000000000e+00	9.69420585469975e+00	7.71294283893963e+01	1
66	75	69	72	8.32467266666667e+00	9.69426225730107e+00	8.07015600368526e+01	1
67	76	70	73	8.45566466666667e+00	9.69436195427790e+00	8.19722738426652e+01	1
68	77	71	74	8.47059200000000e+00	9.69456237498708e+00	8.21186824970666e+01	1
69	78	72	75	8.21967733333333e+00	9.69504623746001e+00	7.96901518036687e+01	1
1	13	5	9	1.49315333333333e-01	1.28427638873854e+01	1.91762157076625e+00	1
2	14	6	10	1.51564666666667e-01	1.28411224361701e+01	1.94626044166398e+00	1
3	15	7	11	1.51415333333333e-01	1.28405047244550e+01	1.94424930302160e+00	1
4	16	8	12	1.53348000000000e-01	1.28402158243103e+01	1.96902141622633e+00	1
5	17	9	13	1.56757333333333e-01	1.28400597059458e+01	2.01277351934485e+00	1
6	18	10	14	1.63266000000000e-01	1.28399660991934e+01	2.09632990515091e+00	1
7	19	11	15	1.70752666666667e-01	1.28399054097298e+01	2.19244808845913e+00	1
8	20	12	16	1.76516666666667e-01	1.28398636166361e+01	2.26644992606321e+00	1
9	21	13	17	1.80406000000000e-01	1.28398334450565e+01	2.31638299248887e+00	1
10	22	14	18	1.84527333333333e-01	1.28398108347832e+01	2.36929605384699e+00	1
11	23	15	19	1.91001333333333e-01	1.28397933791742e+01	2.45241765514678e+00	1
12	24	16	20	1.96811333333333e-01	1.28397795775134e+01	2.52701413835652e+00	1
13	25	17	21	2.09063333333333e-01	1.28397684525297e+01	2.68432479191404e+00	1
14	26	18	22	2.20472000000000e-01	1.28397593435600e+01	2.83080742199337e+00	1
15	27	19	23	2.34332000000000e-01	1.28397517892477e+01	3.00876471627798e+00	1
16	28	20	24	2.56626666666667e-01	1.28397454582042e+01	3.29502107778743e+00	1
17	29	21	25	2.75144000000000e-01	1.28397401064984e+01	3.53277745186239e+00	1
18	30	22	26	3.01626000000000e-01	1.28397355507289e+01	3.87279807522415e+00	1
19	31	23	27	3.24271333333333e-01	1.28397316504648e+01	4.16355690193841e+00	1
20	32	24	28	3.46234000000000e-01	1.28397282964872e+01	4.44555048700595e+00	1
21	33	25	29	3.87025333333333e-01	1.28397254027284e+01	4.96929900389943e+00	1
22	34	26	30	4.20878000000000e-01	1.28397229006245e+01	5.40395689496905e+00	1
23	35	27	31	4.68448000000000e-01	1.28397207350835e+01	6.01474149890838e+00	1
24	36	28	32	5.29666000000000e-01	1.28397188615561e+01	6.80076253052499e+00	1
25	37	29	33	6.02425333333333e-01	1.28397172438774e+01	7.73497094054860e+00	1
26	38	30	34	7.18544000000000e-01	1.28397158526547e+01	9.22590078762991e+00	1
27	39	31	35	8.46215333333333e-01	1.28397146640532e+01	1.08651634243467e+01	1
28	40	32	36	9.61980666666667e-01	1.28397136588748e+01	1.23515563053735e+01	1
29	41	33	37	1.08783466666667e+00	1.28397128218572e+01	1.39674847176608e+01	1
30	42	34	38	1.22638733333333e+00	1.28397121411436e+01	1.57464603335447e+01	1
31	43	35	39	1.50546733333333e+00	1.28397116078855e+01	1.93297663950924e+01	1
32	44	36	40	1.83800600000000e+00	1.28397112159541e+01	2.35994662531908e+01	1
33	45	37	41	2.10372933333333e+00	1.28397109617418e+01	2.70112765817378e+01	1
34	46	38	42	2.37224266666667e+00	1.28397108440422e+01	3.04589098918995e+01	1
35	47	39	43	2.53680200000000e+00	1.28397108640002e+01	3.25718041992174e+01	1
36	48	40	44	2.60263466666667e+00	1.28397110251306e+01	3.34170770239870e+01	1
37	49	41	45	2.70291533333333e+00	1.28397113334022e+01	3.47046526386266e+01	1
38	50	42	46	2.81576400000000e+00	1.28397117973939e+01	3.61535982494771e+01	1
39	51	43	47	3.05722800000000e+00	1.28397124285269e+01	3.92539283484403e+01	1
40	52	44	48	3.31789000000000e+00	1.28397132413853e+01	4.26007561664599e+01	1
41	53	45	49	3.53577800000000e+00	1.28397142541419e+01	4.53983791860813e+01	1
42	54	46	50	3.71573666666667e+00	1.28397154891093e+01	4.77090016324512e+01	1
43	55	47	51	3.82571000000000e+00	1.28397169734499e+01	4.91210336224969e+01	1
44	56	48	52	3.91972000000000e+00	1.28397187400858e+01	5.03281023398891e+01	1
45	57	49	53	4.00924133333333e+00	1.28397208288682e+01	5.14775394555592e+01	1
46	58	50	54	4.14515733333333e+00	1.28397232880878e+01	5.32226731455881e+01	1
47	59	51	55	4.28028466666667e+00	1.28397261764435e+01	5.49576830772297e+01	1
48	60	52	56	4.36655733333333e+00	1.28397295656329e+01	5.60654152928311e+01	1
49	61	53	57	4.53561266666667e+00	1.28397335438087e+01	5.82360580979236e+01	1
50	62	54	58	4.67878200000000e+00	1.28397382202572e+01	6.00743360696513e+01	1
51	63	55	59	4.73295466666667e+00	1.28397437318418e+01	6.07699250144246e+01	1
52	64	56	60	4.80790400000000e+00	1.28397502520517e+01	6.17322865958404e+01	1
53	65	57	61	4.85647733333333e+00	1.28397580039883e+01	6.23559937118546e+01	1
54	66	58	62	4.95054866666667e+00	1.28397672794624e+01	6.35638927856531e+01	1
55	67	59	63	5.15505266666667e+00	1.28397784678531e+01	6.61897342301154e+01	1
56	68	60	64	5.23208866666667e+00	1.28397921010595e+01	6.71789307343095e+01	1
57	69	61	65	5.36010333333333e+00	1.28398089259362e+01	6.88227026232738e+01	1
58	70	62	66	5.54390533333333e+00	1.28398300255449e+01	7.11828021577116e+01	1
59	71	63	67	5.59151600000000e+00	1.28398570310481e+01	7.17942660268179e+01	1
60	72	64	68	5.60299733333333e+00	1.28398925106876e+01	7.19418834976692e+01	1
61	73	65	69	5.72321800000000e+00	1.28399407257727e+01	7.34857798806756e+01	1
62	74	66	70	5.81813533333333e+00	1.28400092024046e+01	7.47049112208352e+01	1
63	75	67	71	6.10024666666667e+00	1.28401122759471e+01	7.83278521109720e+01	1
64	76	68	72	6.39586066666667e+00	1.28402799312730e+01	8.21246413614182e+01	1
65	77	69	73	6.45165000000000e+00	1.28405828905724e+01	8.28429466059612e+01	1
66	78	70	74	6.53198133333333e+00	1.28412171881340e+01	8.38785909701707e+01	1
1	16	6	11	1.22007333333333e-01	1.60099609238834e+01	1.95333263909388e+00	1
2	17	7	12	1.23729333333333e-01	1.60082988480805e+01	1.98069614427377e+00	1
3	18	8	13	1.26238000000000e-01	1.60075708278346e+01	2.02076372616419e+00	1
4	19	9	14	1.30516666666667e-01	1.60071919478288e+01	2.08920533572412e+00	1
5	20	10	15	1.36348000000000e-01	1.60069698267761e+01	2.18251832194127e+00	1
6	21	11	16	1.40176666666667e-01	1.60068277573055e+01	2.24378375892657e+00	1
7	22	12	17	1.46437333333333e-01	1.60067307132491e+01	2.34398296103296e+00	1
8	23	13	18	1.52158666666667e-01	1.60066609832942e+01	2.43555219300340e+00	1
9	24	14	19	1.56499333333333e-01	1.60066088624981e+01	2.50502361590838e+00	1
10	25	15	20	1.60711333333333e-01	1.60065686740612e+01	2.57243699369995e+00	1
11	26	16	21	1.68537333333333e-01	1.60065369118079e+01	2.69769904701767e+00	1
12	27	17	22	1.75790666666667e-01	1.60065113081737e+01	2.81379529387139e+00	1
13	28	18	23	1.88199333333333e-01	1.60064903377097e+01	3.01241081056340e+00	1
14	29	19	24	2.04445333333333e-01	1.60064729387958e+01	3.27244869546309e+00	1
15	30	20	25	2.21796000000000e-01	1.60064583506558e+01	3.55016843634205e+00	1
16	31	21	26	2.39935333333333e-01	1.60064460141546e+01	3.84051195988818e+00	1
17	32	22	27	2.61745333333333e-01	1.60064355093242e+01	4.18960979786657e+00	1
18	33	23	28	2.84116000000000e-01	1.60064265148039e+01	4.54768187568002e+00	1
19	34	24	29	3.13163333333333e-01	1.60064187807786e+01	5.01262346011789e+00	1
20	35	25	30	3.45151333333333e-01	1.60064121104762e+01	5.52463448181368e+00	1
21	36	26	31	3.86079333333333e-01	1.60064063472348e+01	6.17974269160283e+00	1
22	37	27	32	4.29308666666667e-01	1.60064013652839e+01	6.87168682826154e+00	1
23	38	28	33	4.92861333333333e-01	1.60063970630598e+01	7.88893419836238e+00	1
24	39	29	34	5.67806666666667e-01	1.60063933582844e+01	9.08853685812291e+00	1
25	40	30	35	6.26724666666667e-01	1.60063901842994e+01	1.00315995527917e+01	1
26	41	31	36	6.84541333333333e-01	1.60063874873094e+01	1.09570338324127e+01	1
27	42	32	37	7.49641333333333e-01	1.60063852242972e+01	1.19990479613891e+01	1
28	43	33	38	8.49947333333333e-01	1.60063833614482e+01	1.36045828543740e+01	1
29	44	34	39	1.04975200000000e+00	1.60063818729656e+01	1.68027313839093e+01	1
30	45	35	40	1.29634666666667e+00	1.60063807401972e+01	2.07498183179522e+01	1
31	46	36	41	1.51770000000000e+00	1.60063799510160e+01	2.42928828516570e+01	1
32	47	37	42	1.71895466666667e+00	1.60063794994145e+01	2.75142407369562e+01	1
33	48	38	43	1.85905266666667e+00	1.60063793852884e+01	2.97567022798987e+01	1
34	49	39	44	1.96054933333333e+00	1.60063796143952e+01	3.13812968820827e+01	1
35	50	40	45	2.02074800000000e+00	1.60063801984817e+01	3.23448607733216e+01	1
36	51	41	46	2.08817200000000e+00	1.60063811555858e+01	3.34240769504219e+01	1
37	52	42	47	2.15028400000000e+00	1.60063825105240e+01	3.44182682102595e+01	1
38	53	43	48	2.29166666666667e+00	1.60063842955893e+01	3.66812973440588e+01	1
39	54	44	49	2.48770133333333e+00	1.60063865514935e+01	3.98191091659992e+01	1
40	55	45	50	2.69153133333333e+00	1.60063893286037e+01	4.30816984114693e+01	1
41	56	46	51	2.84894333333333e+00	1.60063926885434e+01	4.56013057407411e+01	1
42	57	47	52	3.00561000000000e+00	1.60063967062542e+01	4.81089860042845e+01	1
43	58	48	53	3.07209800000000e+00	1.60064014726526e+01	4.91732339513331e+01	1
44	59	49	54	3.17431866666667e+00	1.60064070980687e+01	5.08094368376653e+01	1
45	60	50	55	3.27433866666667e+00	1.60064137167310e+01	5.24104193473560e+01	1
46	61	51	56	3.37990800000000e+00	1.60064214926779e+01	5.41002320544741e+01	1
47	62	52	57	3.49213200000000e+00	1.60064306276500e+01	5.58965686005967e+01	1
48	63	53	58	3.59974333333333e+00	1.60064413717857e+01	5.76190806184763e+01	1
49	64	54	59	3.70193800000000e+00	1.60064540383748e+01	5.92549004499130e+01	1
50	65	55	60	3.79111400000000e+00	1.60064690246145e+01	6.06823488097823e+01	1
51	66	56	61	3.84831533333333e+00	1.60064868414739e+01	6.15980087448424e+01	1
52	67	57	62	3.95189000000000e+00	1.60065081577585e+01	6.32559595235641e+01	1
53	68	58	63	4.11845600000000e+00	1.60065338669871e+01	6.59222054436961e+01	1
54	69	59	64	4.18505600000000e+00	1.60065651921533e+01	6.69883716968122e+01	1
55	70	60	65	4.27825466666667e+00	1.60066038557613e+01	6.84803276433953e+01	1
56	71	61	66	4.37948933333333e+00	1.60066523670968e+01	7.01009633040752e+01	1
57	72	62	67	4.43494866666667e+00	1.60067145302132e+01	7.09889572634831e+01	1
58	73	63	68	4.45434200000000e+00	1.60067963906647e+01	7.12997454483861e+01	1
59	74	64	69	4.58784733333333e+00	1.60069081118028e+01	7.34372506956463e+01	1
60	75	65	70	4.70687133333333e+00	1.60070679763464e+01	7.53432093885828e+01	1
61	76	66	71	4.85825533333333e+00	1.60073117201269e+01	7.77676075366356e+01	1
62	77	67	72	5.10311866666667e+00	1.60077168943579e+01	8.16892788943134e+01	1
63	78	68	73	5.24978133333333e+00	1.60084763197521e+01	8.40410001585433e+01	1
1	19	7	13	1.06356000000000e-01	1.91859986421679e+01	2.04054607158641e+00	1
2	20	8	14	1.10504666666667e-01	1.91843383007874e+01	2.11995890914908e+00	1
3	21	9	15	1.13474000000000e-01	1.91835197525652e+01	2.17683072040259e+00	1
4	22	10	16	1.18396666666667e-01	1.91830554981357e+01	2.27120982746094e+00	1
5	23	11	17	1.22360000000000e-01	1.91827646903377e+01	2.34720308750972e+00	1
6	24	12	18	1.26207333333333e-01	1.91825686781734e+01	2.42098083935579e+00	1
7	25	13	19	1.32682666666667e-01	1.91824290352198e+01	2.54517583753705e+00	1
8	26	14	20	1.37726000000000e-01	1.91823252257502e+01	2.64190492404167e+00	1
9	27	15	21	1.43085333333333e-01	1.91822454584092e+01	2.74469798549831e+00	1
10	28	16	22	1.49191333333333e-01	1.91821825512175e+01	2.86181539105954e+00	1
11	29	17	23	1.58409333333333e-01	1.91821319079922e+01	3.03862872745711e+00	1
12	30	18	24	1.71473333333333e-01	1.91820904613326e+01	3.28921699170623e+00	1
13	31	19	25	1.83970000000000e-01	1.91820560893744e+01	3.52892285876221e+00	1
14	32	20	26	2.02511333333333e-01	1.91820272784898e+01	3.88457792020334e+00	1
15	33	21	27	2.21639333333333e-01	1.91820029200859e+01	4.25148633920590e+00	1
16	34	22	28	2.40952666666667e-01	1.91819821837066e+01	4.62194975911660e+00	1
17	35	23	29	2.68168666666667e-01	1.91819644352123e+01	5.14400182663830e+00	1
18	36	24	30	2.96498666666667e-01	1.91819491825000e+01	5.68742235667902e+00	1
19	37	25	31	3.32053333333333e-01	1.91819360385639e+01	6.36942580139195e+00	1
20	38	26	32	3.70142666666667e-01	1.91819246957773e+01	7.10004875869418e+00	1
21	39	27	33	4.09391333333333e-01	1.91819149076237e+01	7.85290971991860e+00	1
22	40	28	34	4.44074000000000e-01	1.91819064754884e+01	8.51818593619602e+00	1
23	41	29	35	4.75007333333333e-01	1.91818992389646e+01	9.11154280576925e+00	1
24	42	30	36	5.10208666666667e-01	1.91818930686537e+01	9.78676808670036e+00	1
25	43	31	37	5.59502666666667e-01	1.91818878607714e+01	1.07323174098026e+01	1
26	44	32	38	6.40692666666667e-01	1.91818835330903e+01	1.22896921125050e+01	1
27	45	33	39	7.93468000000000e-01	1.91818800218924e+01	1.52202079772109e+01	1
28	46	34	40	9.92160000000000e-01	1.91818772797062e+01	1.90314913618333e+01	1
29	47	35	41	1.17477800000000e+00	1.91818752736673e+01	2.25344450702483e+01	1
30	48	36	42	1.33341333333333e+00	1.91818739843953e+01	2.55773665291124e+01	1
31	49	37	43	1.45415800000000e+00	1.91818734053112e+01	2.78934746673205e+01	1
32	50	38	44	1.55187066666667e+00	1.91818735423517e+01	2.97677868820850e+01	1
33	51	39	45	1.63457133333333e+00	1.91818744140577e+01	3.13541420368189e+01	1
34	52	40	46	1.67586733333333e+00	1.91818760520349e+01	3.21462794676543e+01	1
35	53	41	47	1.73344266666667e+00	1.91818785018065e+01	3.32506866218474e+01	1
36	54	42	48	1.79449533333333e+00	1.91818818240967e+01	3.44217974178931e+01	1
37	55	43	49	1.87543733333333e+00	1.91818860966115e+01	3.59744253093328e+01	1
38	56	44	50	1.98095466666667e+00	1.91818914164097e+01	3.79984573168302e+01	1
39	57	45	51	2.11911133333333e+00	1.91818979030021e+01	4.06485772410947e+01	1
40	58	46	52	2.28497600000000e+00	1.91819057023652e+01	4.38301941641677e+01	1
41	59	47	53	2.40478800000000e+00	1.91819149921342e+01	4.61284389901045e+01	1
42	60	48	54	2.53326466666667e+00	1.91819259883449e+01	4.85928953448891e+01	1
43	61	49	55	2.64211800000000e+00	1.91819389542485e+01	5.06809461859212e+01	1
44	62	50	56	2.72898400000000e+00	1.91819542119568e+01	5.23472461331626e+01	1
45	63	51	57	2.79952333333333e+00	1.91819721580230e+01	5.37003786357357e+01	1
46	64	52	58	2.88043800000000e+00	1.91819932846152e+01	5.52525423727504e+01	1
47	65	53	59	2.99686733333333e+00	1.91820182088075e+01	5.74859637573803e+01	1
48	66	54	60	3.08595133333333e+00	1.91820477139411e+01	5.91948657189001e+01	1
49	67	55	61	3.16739533333333e+00	1.91820828094035e+01	6.07572395741180e+01	1
50	68	56	62	3.27068800000000e+00	1.91821248193204e+01	6.27387454610535e+01	1
51	69	57	63	3.40174266666667e+00	1.91821755180878e+01	6.52528248993681e+01	1
52	70	58	64	3.46433533333333e+00	1.91822373444680e+01	6.64537026048265e+01	1
53	71	59	65	3.50715466666667e+00	1.91823137527066e+01	6.72753411952692e+01	1
54	72	60	66	3.53818466666667e+00	1.91824098133683e+01	6.78709082713759e+01	1
55	73	61	67	3.62104600000000e+00	1.91825332928042e+01	6.94608354497754e+01	1
56	74	62	68	3.71814000000000e+00	1.91826967053286e+01	7.13239519279504e+01	1
57	75	63	69	3.80134600000000e+00	1.91829214839736e+01	7.29209218514172e+01	1
58	76	64	70	3.90456333333333e+00	1.91832471673082e+01	7.49022035037421e+01	1
59	77	65	71	4.05536600000000e+00	1.91837537449103e+01	7.77971426894820e+01	1
60	78	66	72	4.23641066666667e+00	1.91846230814204e+01	8.12739418581087e+01	1
1	22	8	15	9.87580000000000e-02	2.23654401610443e+01	2.20876613942441e+00	1
2	23	9	16	1.02668666666667e-01	2.23637844739740e+01	2.29605993356362e+00	1
3	24	10	17	1.05887333333333e-01	2.23628868231131e+01	2.36794645133459e+00	1
4	25	11	18	1.09860000000000e-01	2.23623405013694e+01	2.45672672748044e+00	1
5	26	12	19	1.14024000000000e-01	2.23619791290665e+01	2.54980230821268e+00	1
6	27	13	20	1.18341333333333e-01	2.23617248701677e+01	2.64631633676881e+00	1
7	28	14	21	1.25238000000000e-01	2.23615374256139e+01	2.80051422410904e+00	1
8	29	15	22	1.31453333333333e-01	2.23613941991416e+01	2.93947980545782e+00	1
9	30	16	23	1.38354000000000e-01	2.23612816745228e+01	3.09377276479693e+00	1
10	31	17	24	1.48572000000000e-01	2.23611913218532e+01	3.32224691707038e+00	1
11	32	18	25	1.60894000000000e-01	2.23611175098853e+01	3.59776964063548e+00	1
12	33	19	26	1.76808666666667e-01	2.23610563760860e+01	3.95362856311394e+00	1
13	34	20	27	1.93474000000000e-01	2.23610051833627e+01	4.32627311684592e+00	1
14	35	21	28	2.10538666666667e-01	2.23609619375198e+01	4.70784711170950e+00	1
15	36	22	29	2.36080666666667e-01	2.23609251509191e+01	5.27898211691242e+00	1
16	37	23	30	2.62358000000000e-01	2.23608936914620e+01	5.86655934710458e+00	1
17	38	24	31	2.93178666666667e-01	2.23608666831581e+01	6.55572907967939e+00	1
18	39	25	32	3.19278666666667e-01	2.23608434388919e+01	7.13934027871149e+00	1
19	40	26	33	3.35853333333333e-01	2.23608234138713e+01	7.50995707962673e+00	1
20	41	27	34	3.54203333333333e-01	2.23608061727180e+01	7.92027208239730e+00	1
21	42	28	35	3.75510000000000e-01	2.23607913657777e+01	8.39670076576319e+00	1
22	43	29	36	4.04178666666667e-01	2.23607787118078e+01	9.03774972536687e+00	1
23	44	30	37	4.47557333333333e-01	2.23607679851752e+01	1.00077256907304e+01	1
24	45	31	38	5.11320666666667e-01	2.23607590063145e+01	1.14335182022814e+01	1
25	46	32	39	6.35658666666667e-01	2.23607516345964e+01	1.42138055697121e+01	1
26	47	33	40	8.02518666666667e-01	2.23607457630225e+01	1.79449158754132e+01	1
27	48	34	41	9.47997333333333e-01	2.23607413143404e+01	2.11979231373512e+01	1
28	49	35	42	1.08145600000000e+00	2.23607382383001e+01	2.41821545322391e+01	1
29	50	36	43	1.18260866666667e+00	2.23607365098612e+01	2.64440007896116e+01	1
30	51	37	44	1.27023066666667e+00	2.23607361282277e+01	2.84032927593161e+01	1
31	52	38	45	1.35287400000000e+00	2.23607371166419e+01	3.02512598659398e+01	1
32	53	39	46	1.42269666666667e+00	2.23607395229108e+01	3.18125495834468e+01	1
33	54	40	47	1.46013933333333e+00	2.23607434206831e+01	3.26498009911139e+01	1
34	55	41	48	1.50420066666667e+00	2.23607489115351e+01	3.36350534198970e+01	1
35	56	42	49	1.54977800000000e+00	2.23607561279726e+01	3.46542079104971e+01	1
36	57	43	50	1.61224866666667e+00	2.23607652375105e+01	3.60511139398226e+01	1
37	58	44	51	1.67681533333333e+00	2.23607764480678e+01	3.74948928133590e+01	1
38	59	45	52	1.75738933333333e+00	2.23607900150119e+01	3.92966138572885e+01	1
39	60	46	53	1.86104133333333e+00	2.23608062503206e+01	4.16143846785050e+01	1
40	61	47	54	2.01619466666667e+00	2.23608255345279e+01	4.50837771849789e+01	1
41	62	48	55	2.15309133333333e+00	2.23608483323989e+01	4.81449487504692e+01	1
42	63	49	56	2.24112800000000e+00	2.23608752137068e+01	5.01135835459442e+01	1
43	64	50	57	2.32255533333333e+00	2.23609068811302e+01	5.19344435349390e+01	1
44	65	51	58	2.40838466666667e+00	2.23609442083089e+01	5.38537551634800e+01	1
45	66	52	59	2.48834200000000e+00	2.23609882927239e+01	5.56417863302932e+01	1
46	67	53	60	2.58562333333333e+00	2.23610405307595e+01	5.78172281539443e+01	1
47	68	54	61	2.66424266666667e+00	2.23611027268688e+01	5.95754039586402e+01	1
48	69	55	62	2.73819533333333e+00	2.23611772567574e+01	6.12292712122927e+01	1
49	70	56	63	2.86066533333333e+00	2.23612673190051e+01	6.39681022288775e+01	1
50	71	57	64	2.91326733333333e+00	2.23613773368948e+01	6.51446701239159e+01	1
51	72	58	65	2.92536200000000e+00	2.23615136261323e+01	6.54155222243695e+01	1
52	73	59	66	2.97362000000000e+00	2.23616855558677e+01	6.64951554026394e+01	1
53	74	60	67	3.02862333333333e+00	2.23619076758473e+01	6.77257953649168e+01	1
54	75	61	68	3.13183666666667e+00	2.23622038596033e+01	7.00347699949805e+01	1
55	76	62	69	3.25814533333333e+00	2.23626159846795e+01	7.28606529116089e+01	1
56	77	63	70	3.31242533333333e+00	2.23632237973121e+01	7.40765090412195e+01	1
57	78	64	71	3.43084933333333e+00	2.23641953759258e+01	7.67281847960314e+01	1
1	25	9	17	9.38500000000000e-02	2.55463913275720e+01	2.39752882609264e+00	1
2	26	10	18	9.73853333333333e-02	2.55447344518132e+01	2.48768247950131e+00	1
3	27	11	19	1.00907333333333e-01	2.55437634497200e+01	2.57755305300872e+00	1
4	28	12	20	1.05481333333333e-01	2.55431369724429e+01	2.69432414536925e+00	1
5	29	13	21	1.10999333333333e-01	2.55427034875429e+01	2.83522305864827e+00	1
6	30	14	22	1.16299333333333e-01	2.55423875238822e+01	2.97056264076915e+00	1
7	31	15	23	1.23275333333333e-01	2.55421479779741e+01	3.14871680603409e+00	1
8	32	16	24	1.33502666666667e-01	2.55419608057577e+01	3.40991987946414e+00	1
9	33	17	25	1.44500666666667e-01	2.55418110945162e+01	3.69080873103166e+00	1
10	34	18	26	1.58289333333333e-01	2.55416891327075e+01	4.04297694502351e+00	1
11	35	19	27	1.73296000000000e-01	2.55415883307302e+01	4.42625509136221e+00	1
12	36	20	28	1.89768666666667e-01	2.55415040590926e+01	4.84697716995526e+00	1
13	37	21	29	2.11069333333333e-01	2.55414329680907e+01	5.39101322895293e+00	1
14	38	22	30	2.35279333333333e-01	2.55413725729033e+01	6.00935711137096e+00	1
15	39	23	31	2.57819333333333e-01	2.55413209913552e+01	6.58504635044386e+00	1
16	40	24	32	2.68914666666667e-01	2.55412767728580e+01	6.86842392961418e+00	1
17	41	25	33	2.79117333333333e-01	2.55412387836611e+01	7.12900245932540e+00	1
18	42	26	34	2.92044000000000e-01	2.55412061279506e+01	7.45915600243121e+00	1
19	43	27	35	3.10495333333333e-01	2.55411780924103e+01	7.93041660552896e+00	1
20	44	28	36	3.38333333333333e-01	2.55411541065376e+01	8.64142380604523e+00	1
21	45	29	37	3.75343333333333e-01	2.55411337138000e+01	9.58669426525009e+00	1
22	46	30	38	4.29511333333333e-01	2.55411165504242e+01	1.09701990243948e+01	1
23	47	31	39	5.30538000000000e-01	2.55411023296901e+01	1.35505253477891e+01	1
24	48	32	40	6.65948666666667e-01	2.55410908302885e+01	1.70090553836429e+01	1
25	49	33	41	7.91724000000000e-01	2.55410818877620e+01	2.02214875165065e+01	1
26	50	34	42	9.04729333333333e-01	2.55410753883535e+01	2.31077601087215e+01	1
27	51	35	43	9.91824666666667e-01	2.55410712648040e+01	2.53322644935238e+01	1
28	52	36	44	1.06128266666667e+00	2.55410694937954e+01	2.71062943418939e+01	1
29	53	37	45	1.14209400000000e+00	2.55410700948513e+01	2.91703029089091e+01	1
30	54	38	46	1.21365066666667e+00	2.55410731306023e+01	3.09979404323376e+01	1
31	55	39	47	1.26861866666667e+00	2.55410787084084e+01	3.24018892162894e+01	1
32	56	40	48	1.30532466666667e+00	2.55410869834073e+01	3.33394108529204e+01	1
33	57	41	49	1.34082333333333e+00	2.55410981631451e+01	3.42461003761021e+01	1
34	58	42	50	1.37847066666667e+00	2.55411125140473e+01	3.52076743946471e+01	1
35	59	43	51	1.41949600000000e+00	2.55411303701098e+01	3.62555323958494e+01	1
36	60	44	52	1.47594866666667e+00	2.55411521443640e+01	3.76974294526045e+01	1
37	61	45	53	1.53132733333333e+00	2.55411783438948e+01	3.91119045235475e+01	1
38	62	46	54	1.62033333333333e+00	2.55412095895277e+01	4.13852732715648e+01	1
39	63	47	55	1.71660200000000e+00	2.55412466417843e+01	4.38441550677803e+01	1
40	64	48	56	1.83112000000000e+00	2.55412904354377e+01	4.67691677421386e+01	1
41	65	49	57	1.94259600000000e+00	2.55413421261257e+01	4.96165090488434e+01	1
42	66	50	58	2.04303000000000e+00	2.55414031542573e+01	5.21818528862423e+01	1
43	67	51	59	2.13448533333333e+00	2.55414753343237e+01	5.45179044928090e+01	1
44	68	52	60	2.20800133333333e+00	2.55415609825222e+01	5.63958007048236e+01	1
45	69	53	61	2.27358466666667e+00	2.55416631038259e+01	5.80711335940244e+01	1
46	70	54	62	2.33749600000000e+00	2.55417856742326e+01	5.97038218463761e+01	1
47	71	55	63	2.42475800000000e+00	2.55419340808097e+01	6.19330089979159e+01	1
48	72	56	64	2.44665333333333e+00	2.55421158337397e+01	6.24927028450054e+01	1
49	73	57	65	2.49315200000000e+00	2.55423417683215e+01	6.36809404643742e+01	1
50	74	58	66	2.55079866666667e+00	2.55426281750803e+01	6.51541018921573e+01	1
51	75	59	67	2.61282000000000e+00	2.55430007936945e+01	6.67392633337810e+01	1
52	76	60	68	2.68729866666667e+00	2.55435028162291e+01	6.86430210600488e+01	1
53	77	61	69	2.78226933333333e+00	2.55442122463158e+01	7.10708783770823e+01	1
54	78	62	70	2.87620600000000e+00	2.55452830617589e+01	7.34734964139293e+01	1
1	28	10	19	9.14080000000000e-02	2.87283959696228e+01	2.62600521879128e+00	1
2	29	11	20	9.55993333333333e-02	2.87267286338751e+01	2.74625610624604e+00	1
3	30	12	21	1.00365333333333e-01	2.87256865476484e+01	2.88306310558358e+00	1
4	31	13	22	1.05334000000000e-01	2.87249808093084e+01	3.02571712856769e+00	1
5	32	14	23	1.11927333333333e-01	2.87244739050250e+01	3.21505376559236e+00	1
6	33	15	24	1.21176000000000e-01	2.87240935022373e+01	3.48067075422711e+00	1
7	34	16	25	1.31457333333333e-01	2.87237984048484e+01	3.77595394150562e+00	1
8	35	17	26	1.45490000000000e-01	2.87235635894332e+01	4.17899126662663e+00	1
9	36	18	27	1.58992666666667e-01	2.87233730265692e+01	4.56680567315564e+00	1
10	37	19	28	1.73228666666667e-01	2.87232159819096e+01	4.97568440692489e+00	1
11	38	20	29	1.92880666666667e-01	2.87230849934291e+01	5.54012778225593e+00	1
12	39	21	30	2.08990000000000e-01	2.87229747080039e+01	6.00281448422573e+00	1
13	40	22	31	2.20478000000000e-01	2.87228811824769e+01	6.33276339735013e+00	1
14	41	23	32	2.28286000000000e-01	2.87228014475062e+01	6.55701345124541e+00	1
15	42	24	33	2.35889333333333e-01	2.87227332261513e+01	6.77538639222802e+00	1
16	43	25	34	2.50028666666667e-01	2.87226747468688e+01	7.18149207005994e+00	1
17	44	26	35	2.68298000000000e-01	2.87226246159860e+01	7.70622273921981e+00	1
18	45	27	36	2.92022000000000e-01	2.87225817287522e+01	8.38762576159369e+00	1
19	46	28	37	3.25915333333333e-01	2.87225452060975e+01	9.36111789502699e+00	1
20	47	29	38	3.72236000000000e-01	2.87225143489662e+01	1.06915538512018e+01	1
21	48	30	39	4.56048666666667e-01	2.87224886049666e+01	1.30988526316436e+01	1
22	49	31	40	5.69017333333333e-01	2.87224675438679e+01	1.63435818885649e+01	1
23	50	32	41	6.74308000000000e-01	2.87224508396234e+01	1.93677783807648e+01	1
24	51	33	42	7.73031333333333e-01	2.87224382573475e+01	2.22033447426617e+01	1
25	52	34	43	8.44809333333333e-01	2.87224296441818e+01	2.42649766394148e+01	1
26	53	35	44	9.13071333333333e-01	2.87224249233379e+01	2.62256228213187e+01	1
27	54	36	45	9.77876000000000e-01	2.87224240908590e+01	2.80869691802728e+01	1
28	55	37	46	1.03919733333333e+00	2.87224272148423e+01	2.98482697685249e+01	1
29	56	38	47	1.10259533333333e+00	2.87224344370246e+01	3.16692221722360e+01	1
30	57	39	48	1.15519866666667e+00	2.87224459767830e+01	3.31801312957851e+01	1
31	58	40	49	1.18862533333333e+00	2.87224621377546e+01	3.41402461326427e+01	1
32	59	41	50	1.21847933333333e+00	2.87224833174487e+01	3.49977523243227e+01	1
33	60	42	51	1.24575266666667e+00	2.87225100204352e+01	3.57811434513172e+01	1
34	61	43	52	1.29249800000000e+00	2.87225428759669e+01	3.71238292221015e+01	1
35	62	44	53	1.33801933333333e+00	2.87225826612729e+01	3.84313709040480e+01	1
36	63	45	54	1.38493866666667e+00	2.87226303323018e+01	3.97790813555776e+01	1
37	64	46	55	1.44776400000000e+00	2.87226870644902e+01	4.15836723152346e+01	1
38	65	47	56	1.51506800000000e+00	2.87227543073401e+01	4.35169259229132e+01	1
39	66	48	57	1.60544466666667e+00	2.87228338584573e+01	4.61129204296131e+01	1
40	67	49	58	1.71822533333333e+00	2.87229279656845e+01	4.93524624781476e+01	1
41	68	50	59	1.82256266666667e+00	2.87230394708336e+01	5.23495394127344e+01	1
42	69	51	60	1.90616600000000e+00	2.87231720167313e+01	5.47511339104446e+01	1
43	70	52	61	1.96218133333333e+00	2.87233303535593e+01	5.63603826509208e+01	1
44	71	53	62	2.01721266666667e+00	2.87235208061699e+01	5.79414500014695e+01	1
45	72	54	63	2.06977600000000e+00	2.87237520121712e+01	5.94517325447436e+01	1
46	73	55	64	2.10361200000000e+00	2.87240361347139e+01	6.04242271014178e+01	1
47	74	56	65	2.15042600000000e+00	2.87243909475611e+01	6.17696771278001e+01	1
48	75	57	66	2.21097933333333e+00	2.87248436120078e+01	6.35100355793812e+01	1
49	76	58	67	2.27333666666667e+00	2.87254379482940e+01	6.53025913539148e+01	1
50	77	59	68	2.33954466666667e+00	2.87262494710421e+01	6.72063437433128e+01	1
51	78	60	69	2.41920400000000e+00	2.87274189190515e+01	6.94974867586450e+01	1
1	31	11	21	9.18653333333333e-02	3.19114845134976e+01	2.93155916199396e+00	1
2	32	12	22	9.71726666666667e-02	3.19097967162781e+01	3.10076003971199e+00	1
3	33	13	23	1.03710666666667e-01	3.19086839064271e+01	3.30927088039149e+00	1
4	34	14	24	1.12202000000000e-01	3.19078992590865e+01	3.58013011266802e+00	1
5	35	15	25	1.21224000000000e-01	3.19073179576455e+01	3.86793271209762e+00	1
6	36	16	26	1.33300666666667e-01	3.19068711083573e+01	4.25320718999143e+00	1
7	37	17	27	1.46601333333333e-01	3.19065178784321e+01	4.67753806300199e+00	1
8	38	18	28	1.60180666666667e-01	3.19062326150120e+01	5.11076161109437e+00	1
9	39	19	29	1.73954000000000e-01	3.19059984045916e+01	5.55017604647233e+00	1
10	40	20	30	1.82633333333333e-01	3.19058036365422e+01	5.82706327082049e+00	1
11	41	21	31	1.90073333333333e-01	3.19056400664646e+01	6.06441135956648e+00	1
12	42	22	32	1.96528666666667e-01	3.19055016725004e+01	6.27034570302760e+00	1
13	43	23	33	2.05738666666667e-01	3.19053839519638e+01	6.56417115376510e+00	1
14	44	24	34	2.19726000000000e-01	3.19052834731515e+01	7.01042031642169e+00	1
15	45	25	35	2.37369333333333e-01	3.19051975807257e+01	7.57331547960515e+00	1
16	46	26	36	2.59390666666667e-01	3.19051241967031e+01	8.27589143546562e+00	1
17	47	27	37	2.88154000000000e-01	3.19050616828252e+01	9.19357114415280e+00	1
18	48	28	38	3.28128000000000e-01	3.19050087434745e+01	1.04689267089788e+01	1
19	49	29	39	3.99890000000000e-01	3.19049643561073e+01	1.27584761963637e+01	1
20	50	30	40	4.96187333333333e-01	3.19049277208572e+01	1.58308210060049e+01	1
21	51	31	41	5.87112000000000e-01	3.19048982238575e+01	1.87317486060054e+01	1
22	52	32	42	6.68942666666667e-01	3.19048754106651e+01	2.13425324368781e+01	1
23	53	33	43	7.37101333333333e-01	3.19048589673653e+01	2.35171140846569e+01	1
24	54	34	44	7.92660000000000e-01	3.19048487077379e+01	2.52896973766755e+01	1
25	55	35	45	8.48359333333333e-01	3.19048445654321e+01	2.70667726656336e+01	1
26	56	36	46	9.04676000000000e-01	3.19048465905015e+01	2.88635489941086e+01	1
27	57	37	47	9.61639333333333e-01	3.19048549499786e+01	3.06809634441941e+01	1
28	58	38	48	1.01881000000000e+00	3.19048699324415e+01	3.25050005358707e+01	1
29	59	39	49	1.06471066666667e+00	3.19048919567924e+01	3.39694787852444e+01	1
30	60	40	50	1.09691800000000e+00	3.19049215857518e+01	3.49970827759997e+01	1
31	61	41	51	1.12771000000000e+00	3.19049595449104e+01	3.59795419283909e+01	1
32	62	42	52	1.16297800000000e+00	3.19050067486207e+01	3.71048209384974e+01	1
33	63	43	53	1.18399533333333e+00	3.19050643346061e+01	3.77754472818734e+01	1
34	64	44	54	1.23182400000000e+00	3.19051337100230e+01	3.93015094272154e+01	1
35	65	45	55	1.28432666666667e+00	3.19052166129764e+01	4.09767205018220e+01	1
36	66	46	56	1.33401933333333e+00	3.19053151954141e+01	4.25623073067762e+01	1
37	67	47	57	1.39234933333333e+00	3.19054321363380e+01	4.44235071647421e+01	1
38	68	48	58	1.45660200000000e+00	3.19055707991115e+01	4.64737182371275e+01	1
39	69	49	59	1.53281800000000e+00	3.19057354546528e+01	4.89056856081299e+01	1
40	70	50	60	1.61937533333333e+00	3.19059316059576e+01	5.16676786297082e+01	1
41	71	51	61	1.68629200000000e+00	3.19061664734926e+01	5.38031132749189e+01	1
42	72	52	62	1.72971066666667e+00	3.19064497450801e+01	5.51889264595290e+01	1
43	73	53	63	1.80285400000000e+00	3.19067947779937e+01	5.75232925926851e+01	1
44	74	54	64	1.84076066666667e+00	3.19072206090566e+01	5.87335566798074e+01	1
45	75	55	65	1.88502533333333e+00	3.19077554828640e+01	6.01469274150042e+01	1
46	76	56	66	1.93580066666667e+00	3.19084434019987e+01	6.17683860098846e+01	1
47	77	57	67	1.99019333333333e+00	3.19093570996936e+01	6.35057897707629e+01	1
48	78	58	68	2.05041666666667e+00	3.19106254041369e+01	6.54300781723990e+01	1
1	34	12	23	9.66413333333333e-02	3.50957918430050e+01	3.39170411809712e+00	1
2	35	13	24	1.04970666666667e-01	3.50940742298394e+01	3.68384836795573e+00	1
3	36	14	25	1.13663333333333e-01	3.50928902466394e+01	3.98877488173386e+00	1
4	37	15	26	1.24462666666667e-01	3.50920269505501e+01	4.36764725300401e+00	1
5	38	16	27	1.36166666666667e-01	3.50913707738711e+01	4.77827498704212e+00	1
6	39	17	28	1.45544000000000e-01	3.50908562871771e+01	5.10726358746091e+00	1
7	40	18	29	1.53854000000000e-01	3.50904433023757e+01	5.39880506384371e+00	1
8	41	19	30	1.60130666666667e-01	3.50901057978392e+01	5.61900203481186e+00	1
9	42	20	31	1.66751333333333e-01	3.50898261702322e+01	5.85127530032112e+00	1
10	43	21	32	1.73647333333333e-01	3.50895920685691e+01	6.09321409046151e+00	1
11	44	22	33	1.83600000000000e-01	3.50893945602470e+01	6.44241284126135e+00	1
12	45	23	34	1.97147333333333e-01	3.50892270214798e+01	6.91774753601267e+00	1
13	46	24	35	2.13189333333333e-01	3.50890844401549e+01	7.48061851907366e+00	1
14	47	25	36	2.33426000000000e-01	3.50889629631352e+01	8.19067626863280e+00	1
15	48	26	37	2.58655333333333e-01	3.50888595937392e+01	9.07592067450514e+00	1
16	49	27	38	2.93133333333333e-01	3.50887719845411e+01	1.02856886944018e+01	1
17	50	28	39	3.55118000000000e-01	3.50886982925222e+01	1.24606283602439e+01	1
18	51	29	40	4.39220000000000e-01	3.50886370761870e+01	1.54116311766028e+01	1
19	52	30	41	5.17090666666667e-01	3.50885872217312e+01	1.81439809588765e+01	1
20	53	31	42	5.91408000000000e-01	3.50885478899065e+01	2.07516479304738e+01	1
21	54	32	43	6.48533333333333e-01	3.50885184781005e+01	2.27560738503308e+01	1
22	55	33	44	6.97060666666667e-01	3.50884985940097e+01	2.44588122222728e+01	1
23	56	34	45	7.46475333333333e-01	3.50884880385295e+01	2.61926908047240e+01	1
24	57	35	46	7.96387333333333e-01	3.50884867963590e+01	2.79440264304543e+01	1
25	58	36	47	8.46920666666667e-01	3.50884950334668e+01	2.97171716060737e+01	1
26	59	37	48	9.00422666666667e-01	3.50885131010851e+01	3.15944925358474e+01	1
27	60	38	49	9.53160000000000e-01	3.50885415463711e+01	3.34449942603391e+01	1
28	61	39	50	9.99227333333333e-01	3.50885811303458e+01	3.50614693533257e+01	1
29	62	40	51	1.03186133333333e+00	3.50886328542671e+01	3.62066034818479e+01	1
30	63	41	52	1.05455933333333e+00	3.50886979962752e+01	3.70031139664867e+01	1
31	64	42	53	1.07804933333333e+00	3.50887781610736e+01	3.78274339040266e+01	1
32	65	43	54	1.11842866666667e+00	3.50888753467293e+01	3.92444040688754e+01	1
33	66	44	55	1.16263533333333e+00	3.50889920346364e+01	4.07957019505201e+01	1
34	67	45	56	1.20693800000000e+00	3.50891313116824e+01	4.23504059670593e+01	1
35	68	46	57	1.25466666666667e+00	3.50892970384002e+01	4.40253713508461e+01	1
36	69	47	58	1.29689400000000e+00	3.50894940845767e+01	4.55073543413230e+01	1
37	70	48	59	1.34114733333333e+00	3.50897286666728e+01	4.70604960286985e+01	1
38	71	49	60	1.38063866666667e+00	3.50900088436862e+01	4.84466230232684e+01	1
39	72	50	61	1.41599533333333e+00	3.50903452679886e+01	4.96877651445273e+01	1
40	73	51	62	1.48143133333333e+00	3.50907523620009e+01	5.19845400593088e+01	1
41	74	52	63	1.56173866666667e+00	3.50912502362170e+01	5.48033623555759e+01	1
42	75	53	64	1.62287733333333e+00	3.50918679598582e+01	5.69497970963801e+01	1
43	76	54	65	1.66911266666667e+00	3.50926494344796e+01	5.85735856779828e+01	1
44	77	55	66	1.71289800000000e+00	3.50936645791444e+01	6.01118678702873e+01	1
45	78	56	67	1.76064866666667e+00	3.50950317469456e+01	6.17900208518841e+01	1
1	37	13	25	1.06976000000000e-01	3.82814223903850e+01	4.09519344163382e+00	1
2	38	14	26	1.17156666666667e-01	3.82796669735558e+01	4.48471818373188e+00	1
3	39	15	27	1.25582000000000e-01	3.82784113343049e+01	4.80707945218468e+00	1
4	40	16	28	1.30277333333333e-01	3.82774699718892e+01	4.98668671468447e+00	1
5	41	17	29	1.36151333333333e-01	3.82767391707034e+01	5.21142907374350e+00	1
6	42	18	30	1.41650666666667e-01	3.82761568432734e+01	5.42184313428757e+00	1
7	43	19	31	1.49089333333333e-01	3.82756836148167e+01	5.70649615301061e+00	1
8	44	20	32	1.57182000000000e-01	3.82752932936978e+01	6.01618715049001e+00	1
9	45	21	33	1.66414000000000e-01	3.82749677546469e+01	6.36949048392181e+00	1
10	46	22	34	1.79220666666667e-01	3.82746940376020e+01	6.85961618188173e+00	1
11	47	23	35	1.94310000000000e-01	3.82744626241912e+01	7.43711083250659e+00	1
12	48	24	36	2.11626000000000e-01	3.82742663716709e+01	8.09982989517122e+00	1
13	49	25	37	2.34382666666667e-01	3.82740998300263e+01	8.97078558242777e+00	1
14	50	26	38	2.64385333333333e-01	3.82739587910638e+01	1.01190733529617e+01	1
15	51	27	39	3.18513333333333e-01	3.82738399829030e+01	1.21907283524210e+01	1
16	52	28	40	3.91729333333333e-01	3.82737408585490e+01	1.49929469906921e+01	1
17	53	29	41	4.63058000000000e-01	3.82736594472181e+01	1.77229241963099e+01	1
18	54	30	42	5.26744000000000e-01	3.82735942487934e+01	2.01603861289864e+01	1
19	55	31	43	5.76580000000000e-01	3.82735441588686e+01	2.20677600911205e+01	1
20	56	32	44	6.20410000000000e-01	3.82735084162454e+01	2.37452673565228e+01	1
21	57	33	45	6.65390666666667e-01	3.82734865675936e+01	2.54668207428688e+01	1
22	58	34	46	7.08684000000000e-01	3.82734784458840e+01	2.71238017989428e+01	1
23	59	35	47	7.53656000000000e-01	3.82734841605435e+01	2.88450409784985e+01	1
24	60	36	48	8.03363333333333e-01	3.82735040982983e+01	3.07475298307560e+01	1
25	61	37	49	8.56014000000000e-01	3.82735389345172e+01	3.27626851574918e+01	1
26	62	38	50	9.09500666666667e-01	3.82735896556704e+01	3.48098553075586e+01	1
27	63	39	51	9.41880666666667e-01	3.82736575943918e+01	3.60492181307775e+01	1
28	64	40	52	9.71590666666667e-01	3.82737444796869e+01	3.71864129148487e+01	1
29	65	41	53	9.96526000000000e-01	3.82738525062389e+01	3.81408891426322e+01	1
30	66	42	54	1.02944066666667e+00	3.82739844287697e+01	3.94007960463423e+01	1
31	67	43	55	1.06947733333333e+00	3.82741436903865e+01	4.09333291296114e+01	1
32	68	44	56	1.10773800000000e+00	3.82743345984401e+01	4.23979348594068e+01	1
33	69	45	57	1.14136333333333e+00	3.82745625687402e+01	4.36851823153326e+01	1
34	70	46	58	1.17800466666667e+00	3.82748344710001e+01	4.50879336227323e+01	1
35	71	47	59	1.20876000000000e+00	3.82751591287836e+01	4.62654813485085e+01	1
36	72	48	60	1.22362866666667e+00	3.82755480630443e+01	4.68350578423189e+01	1
37	73	49	61	1.24626200000000e+00	3.82760166335767e+01	4.77019450417946e+01	1
38	74	50	62	1.27948066666667e+00	3.82765858565445e+01	4.89741515894554e+01	1
39	75	51	63	1.34764600000000e+00	3.82772854223599e+01	5.15842305903016e+01	1
40	76	52	64	1.40696666666667e+00	3.82781589523688e+01	5.38560937073512e+01	1
41	77	53	65	1.46777333333333e+00	3.82792736556855e+01	5.61852970911844e+01	1
42	78	54	66	1.52267333333333e+00	3.82807387801992e+01	5.82890601209085e+01	1
1	40	14	27	1.13542666666667e-01	4.14684172808367e+01	4.70843468051228e+00	1
2	41	15	28	1.17212666666667e-01	4.14666178551134e+01	4.86041285644546e+00	1
3	42	16	29	1.21996666666667e-01	4.14652906440755e+01	5.05862724094174e+00	1
4	43	17	30	1.28048666666667e-01	4.14642725311531e+01	5.30944481191745e+00	1
5	44	18	31	1.35724000000000e-01	4.14634683883192e+01	5.62758778353623e+00	1
6	45	19	32	1.43375333333333e-01	4.14628192805247e+01	5.94474553528499e+00	1
7	46	20	33	1.52818000000000e-01	4.14622867486505e+01	6.33618373635528e+00	1
8	47	21	34	1.64434000000000e-01	4.14618445927402e+01	6.81773695376264e+00	1
9	48	22	35	1.77728666666667e-01	4.14614743213038e+01	7.36889254915957e+00	1
10	49	23	36	1.93772666666667e-01	4.14611625016261e+01	8.03404002104009e+00	1
11	50	24	37	2.13470666666667e-01	4.14608991489165e+01	8.85068578191864e+00	1
12	51	25	38	2.40550666666667e-01	4.14606767098216e+01	9.97339342299873e+00	1
13	52	26	39	2.87534000000000e-01	4.14604894001011e+01	1.19213003591687e+01	1
14	53	27	40	3.53742666666667e-01	4.14603327612233e+01	1.46662886718425e+01	1
15	54	28	41	4.16149333333333e-01	4.14602033569427e+01	1.72536359868561e+01	1
16	55	29	42	4.72742666666667e-01	4.14600985623257e+01	1.95999575546167e+01	1
17	56	30	43	5.18268000000000e-01	4.14600164158363e+01	2.14873997878027e+01	1
18	57	31	44	5.57439333333333e-01	4.14599555159269e+01	2.31114099628279e+01	1
19	58	32	45	5.97436666666667e-01	4.14599149502759e+01	2.47696733881764e+01	1
20	59	33	46	6.37080666666667e-01	4.14598942500971e+01	2.64132970687813e+01	1
21	60	34	47	6.78996666666667e-01	4.14598933648130e+01	2.81511293950635e+01	1
22	61	35	48	7.26501333333333e-01	4.14599126544355e+01	3.01206818233309e+01	1
23	62	36	49	7.75696666666667e-01	4.14599528985781e+01	3.21603472635841e+01	1
24	63	37	50	8.18742666666667e-01	4.14600153224285e+01	3.39450835051260e+01	1
25	64	38	51	8.62626000000000e-01	4.14601016414162e+01	3.57645616385283e+01	1
26	65	39	52	9.02928000000000e-01	4.14602141279550e+01	3.74355882221261e+01	1
27	66	40	53	9.27602666666667e-01	4.14603557057688e+01	3.84587365136197e+01	1
28	67	41	54	9.59376000000000e-01	4.14605300803134e+01	3.97762375063307e+01	1
29	68	42	55	9.91909333333333e-01	4.14607419182731e+01	4.11252968756597e+01	1
30	69	43	56	1.01967666666667e+00	4.14609970960553e+01	4.22768113155821e+01	1
31	70	44	57	1.05130400000000e+00	4.14613030483733e+01	4.35884337399671e+01	1
32	71	45	58	1.07729800000000e+00	4.14616692665853e+01	4.46665733775538e+01	1
33	72	46	59	1.09292066666667e+00	4.14621080284278e+01	4.53147947478347e+01	1
34	73	47	60	1.11515733333333e+00	4.14626354977827e+01	4.62373620346794e+01	1
35	74	48	61	1.13535600000000e+00	4.14632734388253e+01	4.70755762784109e+01	1
36	75	49	62	1.16104866666667e+00	4.14640519934509e+01	4.81417822815935e+01	1
37	76	50	63	1.20199600000000e+00	4.14650143849385e+01	4.98407814306386e+01	1
38	77	51	64	1.23184000000000e+00	4.14662252771479e+01	5.10797549454019e+01	1
39	78	52	65	1.27507400000000e+00	4.14677860414113e+01	5.28744958189664e+01	1
1	43	15	29	1.11534666666667e-01	4.46567602083639e+01	4.98077686425314e+00	1
2	44	16	30	1.17892666666667e-01	4.46549126696050e+01	5.26448673438685e+00	1
3	45	17	31	1.25068000000000e-01	4.46535150814234e+01	5.58472582420346e+00	1
4	46	18	32	1.32461333333333e-01	4.46524227343302e+01	5.91471945195303e+00	1
5	47	19	33	1.40786666666667e-01	4.46515479878790e+01	6.28634260272019e+00	1
6	48	20	34	1.51266000000000e-01	4.46508348556881e+01	6.75415318528052e+00	1
7	49	21	35	1.63369333333333e-01	4.46502458671027e+01	7.29448090047800e+00	1
8	50	22	36	1.77864000000000e-01	4.46497549623357e+01	7.94158401662087e+00	1
9	51	23	37	1.96185333333333e-01	4.46493434444701e+01	8.75954632676785e+00	1
10	52	24	38	2.19820666666667e-01	4.46489975645739e+01	9.81477241064302e+00	1
11	53	25	39	2.63001333333333e-01	4.46487070227313e+01	1.17426694785877e+01	1
12	54	26	40	3.20665333333333e-01	4.46484640054585e+01	1.43172145931317e+01	1
13	55	27	41	3.75746000000000e-01	4.46482625497276e+01	1.67764060600099e+01	1
14	56	28	42	4.27521333333333e-01	4.46480981131546e+01	1.90880144361334e+01	1
15	57	29	43	4.68996000000000e-01	4.46479672789033e+01	2.09397180619365e+01	1
16	58	30	44	5.04775333333333e-01	4.46478675517342e+01	2.25371422260492e+01	1
17	59	31	45	5.40697333333333e-01	4.46477972180863e+01	2.41409448950267e+01	1
18	60	32	46	5.77874666666667e-01	4.46477552531351e+01	2.58008066843203e+01	1
19	61	33	47	6.18839333333333e-01	4.46477412641842e+01	2.76297784387669e+01	1
20	62	34	48	6.62920666666667e-01	4.46477554640529e+01	2.95979198174002e+01	1
21	63	35	49	7.02536000000000e-01	4.46477986712451e+01	3.13666858873019e+01	1
22	64	36	50	7.47302666666667e-01	4.46478723362121e+01	3.33654740578442e+01	1
23	65	37	51	7.90763333333333e-01	4.46479785953757e+01	3.53059843806746e+01	1
24	66	38	52	8.34556000000000e-01	4.46481203571621e+01	3.72613567327918e+01	1
25	67	39	53	8.68300666666667e-01	4.46483014275185e+01	3.87681498950486e+01	1
26	68	40	54	8.98581333333333e-01	4.46485266868624e+01	4.01203326416498e+01	1
27	69	41	55	9.24411333333333e-01	4.46488023370673e+01	4.12738589001448e+01	1
28	70	42	56	9.46622666666667e-01	4.46491362474763e+01	4.22658844189494e+01	1
29	71	43	57	9.69032000000000e-01	4.46495384458339e+01	4.32668315392433e+01	1
30	72	44	58	9.84279333333333e-01	4.46500218284844e+01	4.39480937186594e+01	1
31	73	45	59	1.00690400000000e+00	4.46506032138935e+01	4.49588709784822e+01	1
32	74	46	60	1.02919400000000e+00	4.46513049536664e+01	4.59548551504838e+01	1
33	75	47	61	1.04865933333333e+00	4.46521574852786e+01	4.68249017004073e+01	1
34	76	48	62	1.07005600000000e+00	4.46532035447608e+01	4.77814283722925e+01	1
35	77	49	63	1.10388533333333e+00	4.46545054273094e+01	4.92934536084606e+01	1
36	78	50	64	1.12382400000000e+00	4.46561576878318e+01	5.01856617573699e+01	1
1	46	16	31	1.16212666666667e-01	4.78463946594335e+01	5.56035711375853e+00	1
2	47	17	32	1.23086000000000e-01	4.78444973690106e+01	5.88898780316204e+00	1
3	48	18	33	1.30544000000000e-01	4.78430323091623e+01	6.24562080976728e+00	1
4	49	19	34	1.40037333333333e-01	4.78418700494513e+01	6.69964790340502e+00	1
5	50	20	35	1.50770000000000e-01	4.78409295122608e+01	7.21297694256356e+00	1
6	51	21	36	1.63662666666667e-01	4.78401574800168e+01	7.82964774693283e+00	1
7	52	22	37	1.80008666666667e-01	4.78395175462983e+01	8.61152776748576e+00	1
8	53	23	38	2.02647333333333e-01	4.78389839528686e+01	9.69444252742495e+00	1
9	54	24	39	2.40521333333333e-01	4.78385379864001e+01	1.15061889412063e+01	1
10	55	25	40	2.92311333333333e-01	4.78381657814225e+01	1.39836380237887e+01	1
11	56	26	41	3.42216000000000e-01	4.78378569316536e+01	1.63708800477228e+01	1
12	57	27	42	3.88862666666667e-01	4.78376035856463e+01	1.86022580972573e+01	1
13	58	28	43	4.26786000000000e-01	4.78373998439408e+01	2.04163325297961e+01	1
14	59	29	44	4.59538666666667e-01	4.78372413509907e+01	2.19830621074458e+01	1
15	60	30	45	4.93670666666667e-01	4.78371250177711e+01	2.36157853989397e+01	1
16	61	31	46	5.29378666666667e-01	4.78370488357998e+01	2.53239131299639e+01	1
17	62	32	47	5.67746666666667e-01	4.78370117583452e+01	2.71593039690946e+01	1
18	63	33	48	6.04222000000000e-01	4.78370136341426e+01	2.89041760520489e+01	1
19	64	34	49	6.44841333333333e-01	4.78370551854093e+01	3.08473104484996e+01	1
20	65	35	50	6.87778666666667e-01	4.78371380267667e+01	3.29013630091989e+01	1
21	66	36	51	7.28798000000000e-01	4.78372647257895e+01	3.48637028576260e+01	1
22	67	37	52	7.71430000000000e-01	4.78374389100556e+01	3.69032354983842e+01	1
23	68	38	53	8.07477333333333e-01	4.78376654305044e+01	3.86278305147159e+01	1
24	69	39	54	8.39468666666667e-01	4.78379505975874e+01	4.01584606042226e+01	1
25	70	40	55	8.64709333333333e-01	4.78383025165520e+01	4.13662266768860e+01	1
26	71	41	56	8.82571333333333e-01	4.78387315636687e+01	4.22210931011225e+01	1
27	72	42	57	8.93010000000000e-01	4.78392510706116e+01	4.27209295985668e+01	1
28	73	43	58	9.11753333333333e-01	4.78398783275534e+01	4.36181685314079e+01	1
29	74	44	59	9.34996000000000e-01	4.78406360924095e+01	4.47308033838585e+01	1
30	75	45	60	9.57376666666667e-01	4.78415549352063e+01	4.58023883920180e+01	1
31	76	46	61	9.76296666666667e-01	4.78426770166581e+01	4.67086460957732e+01	1
32	77	47	62	9.95166666666667e-01	4.78440624185829e+01	4.76128161168931e+01	1
33	78	48	63	1.02384200000000e+00	4.78457997655069e+01	4.89865393235161e+01	1
1	49	17	33	1.20426666666667e-01	5.10372413461345e+01	6.14624485117715e+00	1
2	50	18	34	1.30222000000000e-01	5.10352956676268e+01	6.64591827242970e+00	1
3	51	19	35	1.39860000000000e-01	5.10337685350980e+01	7.13758286731881e+00	1
4	52	20	36	1.51416000000000e-01	5.10325433465907e+01	7.72714358336738e+00	1
5	53	21	37	1.66567333333333e-01	5.10315448430132e+01	8.50018834038113e+00	1
6	54	22	38	1.86398000000000e-01	5.10307224531285e+01	9.51202460381824e+00	1
7	55	23	39	2.20628000000000e-01	5.10300409481367e+01	1.12586558743055e+01	1
8	56	24	40	2.67756000000000e-01	5.10294750791160e+01	1.36634481292838e+01	1
9	57	25	41	3.13531333333333e-01	5.10290063680941e+01	1.59991924052637e+01	1
10	58	26	42	3.55890000000000e-01	5.10286211141563e+01	1.81605759683171e+01	1
11	59	27	43	3.90492000000000e-01	5.10283091151511e+01	1.99261464829936e+01	1
12	60	28	44	4.21644000000000e-01	5.10280628283398e+01	2.15156765231925e+01	1
13	61	29	45	4.54536000000000e-01	5.10278768112099e+01	2.31940070142601e+01	1
14	62	30	46	4.88135333333333e-01	5.10277473486617e+01	2.49084464612881e+01	1
15	63	31	47	5.19539333333333e-01	5.10276722101254e+01	2.65108828016004e+01	1
16	64	32	48	5.56836666666667e-01	5.10276505025740e+01	2.84140668136850e+01	1
17	65	33	49	5.96182666666667e-01	5.10276825996370e+01	3.04218198860718e+01	1
18	66	34	50	6.36110000000000e-01	5.10277701367950e+01	3.24592748617167e+01	1
19	67	35	51	6.75470666666667e-01	5.10279160702350e+01	3.44678604865724e+01	1
20	68	36	52	7.15503333333333e-01	5.10281248039116e+01	3.65107933909481e+01	1
21	69	37	53	7.47132666666667e-01	5.10284023970747e+01	3.81249863586662e+01	1
22	70	38	54	7.81930666666667e-01	5.10287568745452e+01	3.99009498820844e+01	1
23	71	39	55	8.08142666666667e-01	5.10291986766311e+01	4.12388726963958e+01	1
24	72	40	56	8.19216666666667e-01	5.10297413085306e+01	4.18044145756368e+01	1
25	73	41	57	8.35204000000000e-01	5.10304022871024e+01	4.26207961117971e+01	1
26	74	42	58	8.53126666666667e-01	5.10312045486430e+01	4.35360814325686e+01	1
27	75	43	59	8.74351333333333e-01	5.10321785994497e+01	4.46200534013336e+01	1
28	76	44	60	8.94691333333333e-01	5.10333659100130e+01	4.56591101905175e+01	1
29	77	45	61	9.11854000000000e-01	5.10348244555073e+01	4.65363088190522e+01	1
30	78	46	62	9.29904000000000e-01	5.10366376428726e+01	4.74591734906578e+01	1
1	52	18	35	1.29999333333333e-01	5.42292123097894e+01	7.04976144746442e+00	1
2	53	19	36	1.40906000000000e-01	5.42272234628881e+01	7.64094114926172e+00	1
3	54	20	37	1.54302666666667e-01	5.42256432763337e+01	8.36716135925370e+00	1
4	55	21	38	1.72093333333333e-01	5.42243660839330e+01	9.33165190727097e+00	1
5	56	22	39	2.03366666666667e-01	5.42233218922666e+01	1.10272162288239e+01	1
6	57	23	40	2.46367333333333e-01	5.42224627500717e+01	1.33586435545012e+01	1
7	58	24	41	2.88093333333333e-01	5.42217548025336e+01	1.56209260802446e+01	1
8	59	25	42	3.27236000000000e-01	5.42211736140077e+01	1.77431199687534e+01	1
9	60	26	43	3.59775333333333e-01	5.42207013128082e+01	1.95072708883827e+01	1
10	61	27	44	3.89750000000000e-01	5.42203247912861e+01	2.11323715874038e+01	1
11	62	28	45	4.20950666666667e-01	5.42200345433654e+01	2.28239596877194e+01	1
12	63	29	46	4.48930000000000e-01	5.42198239038873e+01	2.43409055451721e+01	1
13	64	30	47	4.81044666666667e-01	5.42196885530372e+01	2.60820920067662e+01	1
14	65	31	48	5.16549333333333e-01	5.42196262052094e+01	2.80071117698835e+01	1
15	66	32	49	5.53140000000000e-01	5.42196364350995e+01	2.99910496977110e+01	1
16	67	33	50	5.91668000000000e-01	5.42197206151097e+01	3.20800736569007e+01	1
17	68	34	51	6.28136666666667e-01	5.42198819531983e+01	3.40574959171421e+01	1
18	69	35	52	6.62820666666667e-01	5.42201256327032e+01	3.59382198186187e+01	1
19	70	36	53	6.93231333333333e-01	5.42204590681565e+01	3.75873211337635e+01	1
20	71	37	54	7.24107333333333e-01	5.42208923064075e+01	3.92617457389466e+01	1
21	72	38	55	7.47806666666667e-01	5.42214386241178e+01	4.05471532793728e+01	1
22	73	39	56	7.68963333333333e-01	5.42221154067384e+01	4.16948186035503e+01	1
23	74	40	57	7.86489333333333e-01	5.42229454508720e+01	4.26457682190261e+01	1
24	75	41	58	8.04340000000000e-01	5.42239589310519e+01	4.36144991266022e+01	1
25	76	42	59	8.21906666666667e-01	5.42251964503455e+01	4.45680504638487e+01	1
26	77	43	60	8.39756000000000e-01	5.42267139055520e+01	4.55372083624707e+01	1
27	78	44	61	8.55463333333333e-01	5.42285900225691e+01	4.63905703826737e+01	1
1	55	19	37	1.43424000000000e-01	5.74222216749837e+01	8.23572472151287e+00	1
2	56	20	38	1.59771333333333e-01	5.74202001065086e+01	9.17410193128369e+00	1
3	57	21	39	1.88035333333333e-01	5.74185812071118e+01	1.07967220568063e+01	1
4	58	22	40	2.27345333333333e-01	5.74172688402343e+01	1.30535481235727e+01	1
5	59	23	41	2.65790666666667e-01	5.74161979450880e+01	1.52606895292902e+01	1
6	60	24	42	3.02204000000000e-01	5.74153233169606e+01	1.73511403676788e+01	1
7	61	25	43	3.33830000000000e-01	5.74146128245130e+01	1.91667201992072e+01	1
8	62	26	44	3.62278000000000e-01	5.74140433284221e+01	2.07998447889341e+01	1
9	63	27	45	3.88602666666667e-01	5.74135981526928e+01	2.23110773450648e+01	1
10	64	28	46	4.17491333333333e-01	5.74132654806169e+01	2.39695407565234e+01	1
11	65	29	47	4.48185333333333e-01	5.74130373263945e+01	2.57316812718092e+01	1
12	66	30	48	4.81083333333333e-01	5.74129088836635e+01	2.76203935821158e+01	1
13	67	31	49	5.15645333333333e-01	5.74128781364350e+01	2.96046826842881e+01	1
14	68	32	50	5.51334000000000e-01	5.74129456679371e+01	3.16537089868864e+01	1
15	69	33	51	5.83443333333333e-01	5.74131146351246e+01	3.34972989797659e+01	1
16	70	34	52	6.16298666666667e-01	5.74133909003946e+01	3.53837962607253e+01	1
17	71	35	53	6.42729333333333e-01	5.74137833333975e+01	3.69015226860190e+01	1
18	72	36	54	6.67474666666667e-01	5.74143043198527e+01	3.83225936377922e+01	1
19	73	37	55	6.95569333333333e-01	5.74149705469931e+01	3.99360927867249e+01	1
20	74	38	56	7.21352666666667e-01	5.74158041858302e+01	4.14170434582597e+01	1
21	75	39	57	7.43916000000000e-01	5.74168346747831e+01	4.27133019839260e+01	1
22	76	40	58	7.61160000000000e-01	5.74181014554946e+01	4.37043621038643e+01	1
23	77	41	59	7.77171333333333e-01	5.74196582528363e+01	4.46249123639011e+01	1
24	78	42	60	7.91614666666667e-01	5.74215794553495e+01	4.54557644800200e+01	1
1	58	20	39	1.74802666666667e-01	6.06161945746042e+01	1.05958724548263e+01	1
2	59	21	40	2.10681333333333e-01	6.06141581528536e+01	1.27702716585207e+01	1
3	60	22	41	2.46438666666667e-01	6.06125228481601e+01	1.49372693140034e+01	1
4	61	23	42	2.81230666666667e-01	6.06112011153079e+01	1.70457284971255e+01	1
5	62	24	43	3.10709333333333e-01	6.06101327758659e+01	1.88321339480341e+01	1
6	63	25	44	3.35251333333333e-01	6.06092757478543e+01	2.03193405068358e+01	1
7	64	26	45	3.62200666666667e-01	6.06086002477819e+01	2.19524754154801e+01	1
8	65	27	46	3.89928666666667e-01	6.06080852450111e+01	2.36328298688068e+01	1
9	66	28	47	4.19039333333333e-01	6.06077162543821e+01	2.53970170140921e+01	1
10	67	29	48	4.50288666666667e-01	6.06074839536877e+01	2.72908631395274e+01	1
11	68	30	49	4.82408000000000e-01	6.06073833381655e+01	2.92374865813977e+01	1
12	69	31	50	5.13366000000000e-01	6.06074132506767e+01	3.11137853108469e+01	1
13	70	32	51	5.43468000000000e-01	6.06075762015324e+01	3.29382782230944e+01	1
14	71	33	52	5.72482666666667e-01	6.06078784417565e+01	3.46969598713459e+01	1
15	72	34	53	5.93576000000000e-01	6.06083302929095e+01	3.59756502619441e+01	1
16	73	35	54	6.21408666666667e-01	6.06089467760536e+01	3.76629248041785e+01	1
17	74	36	55	6.49789333333333e-01	6.06097486325727e+01	3.93835681574603e+01	1
18	75	37	56	6.76127333333333e-01	6.06107639047028e+01	4.09805941701829e+01	1
19	76	38	57	7.01321333333333e-01	6.06120303659735e+01	4.25085099523050e+01	1
20	77	39	58	7.21775333333333e-01	6.06135992791227e+01	4.37494008242218e+01	1
21	78	40	59	7.37437333333333e-01	6.06155408017741e+01	4.47001627674182e+01	1
1	61	21	41	2.34663333333333e-01	6.38110764601600e+01	1.49741199057294e+01	1
2	62	22	42	2.62487333333333e-01	6.38090539916287e+01	1.67490684247853e+01	1
3	63	23	43	2.88599333333333e-01	6.38074367422008e+01	1.84147837055080e+01	1
4	64	24	44	3.13432000000000e-01	6.38061453397211e+01	1.99988877461195e+01	1
5	65	25	45	3.39226000000000e-01	6.38051248509285e+01	2.16443572826811e+01	1
6	66	26	46	3.65118000000000e-01	6.38043371222569e+01	2.32961119614042e+01	1
7	67	27	47	3.92739333333333e-01	6.38037558478551e+01	2.50582445358494e+01	1
8	68	28	48	4.22315333333333e-01	6.38033635419790e+01	2.69451387420187e+01	1
9	69	29	49	4.50603333333333e-01	6.38031496920044e+01	2.87499119283828e+01	1
10	70	30	50	4.79874666666667e-01	6.38031096798476e+01	3.06174959899136e+01	1
11	71	31	51	5.06250000000000e-01	6.38032442474409e+01	3.23003924002670e+01	1
12	72	32	52	5.29918000000000e-01	6.38035593963454e+01	3.38106545881926e+01	1
13	73	33	53	5.53695333333333e-01	6.38040666911129e+01	3.53280139745580e+01	1
14	74	34	54	5.81103333333333e-01	6.38047840053081e+01	3.70771726680979e+01	1
15	75	35	55	6.09028000000000e-01	6.38057368281048e+01	3.88594802889470e+01	1
16	76	36	56	6.34545333333333e-01	6.38069603592528e+01	4.04884089301489e+01	1
17	77	37	57	6.59132000000000e-01	6.38085027694127e+01	4.20582260474085e+01	1
18	78	38	58	6.81915333333333e-01	6.38104297549346e+01	4.35133104764795e+01	1
1	64	22	43	2.70157333333333e-01	6.70068455680987e+01	1.81023907137560e+01	1
2	65	23	44	2.94060000000000e-01	6.70048824902851e+01	1.97034557450932e+01	1
3	66	24	45	3.18303333333333e-01	6.70033366856023e+01	2.13273854114828e+01	1
4	67	25	46	3.43302666666667e-01	6.70021372279320e+01	2.30020123827150e+01	1
5	68	26	47	3.69135333333333e-01	6.70012354741558e+01	2.47325233904977e+01	1
6	69	27	48	3.95076666666667e-01	6.70005987953656e+01	2.64703732367437e+01	1
7	70	28	49	4.22130000000000e-01	6.70002064734536e+01	2.82827971586390e+01	1
8	71	29	50	4.48247333333333e-01	6.70000472576625e+01	3.00325925164545e+01	1
9	72	30	51	4.70087333333333e-01	6.70001180258258e+01	3.14959068157790e+01	1
10	73	31	52	4.95289333333333e-01	6.70004232478612e+01	3.31845949634844e+01	1
11	74	32	53	5.18774666666667e-01	6.70009751237446e+01	3.47584085361622e+01	1
12	75	33	54	5.45667333333333e-01	6.70017944007336e+01	3.65606904791966e+01	1
13	76	34	55	5.72098666666667e-01	6.70029120029871e+01	3.83322766196929e+01	1
14	77	35	56	5.96386666666667e-01	6.70043717422580e+01	3.99605139154594e+01	1
15	78	36	57	6.20039333333333e-01	6.70062340701737e+01	4.15465007020478e+01	1
1	67	23	45	2.99856000000000e-01	7.02035323079841e+01	2.10509503837429e+01	1
2	68	24	46	3.23074000000000e-01	7.02017000955464e+01	2.26803440566686e+01	1
3	69	25	47	3.46144666666667e-01	7.02003093452773e+01	2.42994626782179e+01	1
4	70	26	48	3.70810666666667e-01	7.01992989518296e+01	2.60306488438606e+01	1
5	71	27	49	3.94802666666667e-01	7.01986288705123e+01	2.77146058744219e+01	1
6	72	28	50	4.16997333333333e-01	7.01982751740250e+01	2.92724935521680e+01	1
7	73	29	51	4.40516666666667e-01	7.01982269022729e+01	3.09234889208996e+01	1
8	74	30	52	4.65532000000000e-01	7.01984844847473e+01	3.26796408791534e+01	1
9	75	31	53	4.88198666666667e-01	7.01990593755858e+01	3.42710871884152e+01	1
10	76	32	54	5.13520000000000e-01	7.01999747848851e+01	3.60490910515342e+01	1
11	77	33	55	5.38625333333333e-01	7.02012675852640e+01	3.78121811535354e+01	1
12	78	34	56	5.61524000000000e-01	7.02029911588273e+01	3.94206644074694e+01	1
1	70	24	47	3.25491333333333e-01	7.34012515258791e+01	2.38914712274938e+01	1
2	71	25	48	3.47810666666667e-01	7.33996637595598e+01	2.55291859853217e+01	1
3	72	26	49	3.68234666666667e-01	7.33985615082371e+01	2.70278948307985e+01	1
4	73	27	50	3.91405333333333e-01	7.33978969321666e+01	2.87283283147003e+01	1
5	74	28	51	4.14554666666667e-01	7.33976435220311e+01	3.04273356443944e+01	1
6	75	29	52	4.38558666666667e-01	7.33977927374104e+01	3.21892381191951e+01	1
7	76	30	53	4.60385333333333e-01	7.33983523707837e+01	3.37915249223407e+01	1
8	77	31	54	4.84172666666667e-01	7.33993467359093e+01	3.55379574407165e+01	1
9	78	32	55	5.07866666666667e-01	7.34008180797433e+01	3.72778288087656e+01	1
1	73	25	49	3.46314666666667e-01	7.66002585319564e+01	2.65277930000750e+01	1
2	74	26	50	3.68945333333333e-01	7.65990997784534e+01	2.82608804007948e+01	1
3	75	27	51	3.91254000000000e-01	7.65985055042982e+01	2.99694716725787e+01	1
4	76	28	52	4.14387333333333e-01	7.65984491025234e+01	3.17414270610637e+01	1
5	77	29	53	4.34841333333333e-01	7.65989286843335e+01	3.33083802810005e+01	1
6	78	30	54	4.57268666666667e-01	7.65999657388325e+01	3.50267642001083e+01	1
1	76	26	51	3.70100666666667e-01	7.98010515522080e+01	2.95344223801732e+01	1
2	77	27	52	3.91783333333333e-01	7.98006331926343e+01	3.12645580743209e+01	1
3	78	28	53	4.11274666666667e-01	7.98009241770414e+01	3.28200984906046e+01	1
0
