78
# x y z
0	0	-65
0	0	-64.75
0	0	-64.5
0	0	-64.25
0	0	-64
0	0	-63.75
0	0	-63.5
0	0	-63.25
0	0	-63
0	0	-62.75
0	0	-62.5
0	0	-62.25
0	0	-62
0	0	-61.75
0	0	-61.5
0	0	-61.25
0	0	-61
0	0	-60.75
0	0	-60.5
0	0	-60.25
0	0	-60
0	0	-59.75
0	0	-59.5
0	0	-59.25
0	0	-59
0	0	-58.75
0	0	-58.5
0	0	-58.25
0	0	-58
0	0	-57.75
0	0	-57.5
0	0	-57.25
0	0	-57
0	0	-56.75
0	0	-56.5
0	0	-56.25
0	0	-56
0	0	-55.75
0	0	-55.5
0	0	-55.25
0	0	-55
0	0	-54.75
0	0	-54.5
0	0	-54.25
0	0	-54
0	0	-53.75
0	0	-53.5
0	0	-53.25
0	0	-53
0	0	-52.75
0	0	-52.5
0	0	-52.25
0	0	-52
0	0	-51.75
0	0	-51.5
0	0	-51.25
0	0	-51
0	0	-50.75
0	0	-50.5
0	0	-50.25
0	0	-50
0	0	-49.75
0	0	-49.5
0	0	-49.25
0	0	-49
0	0	-48.75
0	0	-48.5
0	0	-48.25
0	0	-48
0	0	-47.75
0	0	-47.5
0	0	-47.25
0	0	-47
0	0	-46.75
0	0	-46.5
0	0	-46.25
0	0	-46
0	0	-45.75
974
# a b m n r k rhoa valid
1	4	2	3	5.68201333333333e-01	3.47815707715206e+00	1.97629348878057e+00	1
2	5	3	4	5.26906000000000e-01	3.47742049433410e+00	1.83227372298760e+00	1
3	6	4	5	5.36843333333333e-01	3.47732473427868e+00	1.86677860143261e+00	1
4	7	5	6	5.55140666666667e-01	3.47730074568168e+00	1.93039105415822e+00	1
5	8	6	7	5.58767333333333e-01	3.47729241439015e+00	1.94299740960901e+00	1
6	9	7	8	5.64728000000000e-01	3.47728885666618e+00	1.96372238144738e+00	1
7	10	8	9	5.75076666666667e-01	3.47728709880756e+00	1.99970667382526e+00	1
8	11	9	10	5.51430666666667e-01	3.47728612935104e+00	1.91748220849880e+00	1
9	12	10	11	5.60738666666667e-01	3.47728554664617e+00	1.94984846104564e+00	1
10	13	11	12	5.35645333333333e-01	3.47728517142828e+00	1.86259157474476e+00	1
11	14	12	13	5.62876666666667e-01	3.47728491595415e+00	1.95728254254255e+00	1
12	15	13	14	5.85094666666667e-01	3.47728473392160e+00	2.03454075229895e+00	1
13	16	14	15	6.14825333333333e-01	3.47728459931182e+00	2.13792266286675e+00	1
14	17	15	16	6.31111333333333e-01	3.47728449669944e+00	2.19455365509132e+00	1
15	18	16	17	6.56850666666667e-01	3.47728441650569e+00	2.28405658717137e+00	1
16	19	17	18	6.77664000000000e-01	3.47728435253629e+00	2.35643042347715e+00	1
17	20	18	19	7.20265333333333e-01	3.47728430064022e+00	2.50456733589539e+00	1
18	21	19	20	7.19556666666667e-01	3.47728425794662e+00	2.50210306970055e+00	1
19	22	20	21	7.93540666666667e-01	3.47728422241404e+00	2.75936644004392e+00	1
20	23	21	22	7.96973333333333e-01	3.47728419255465e+00	2.77130277388759e+00	1
21	24	22	23	8.58029333333333e-01	3.47728416726046e+00	2.98361181584504e+00	1
22	25	23	24	9.52796666666667e-01	3.47728414569055e+00	3.31314474306680e+00	1
23	26	24	25	1.01992133333333e+00	3.47728412719609e+00	3.54655626338867e+00	1
24	27	25	26	1.16033800000000e+00	3.47728411126930e+00	4.03482489110199e+00	1
25	28	26	27	1.23666666666667e+00	3.47728409750789e+00	4.30024133391810e+00	1
26	29	27	28	1.36317733333333e+00	3.47728408558996e+00	4.74015484703695e+00	1
27	30	28	29	1.54911533333333e+00	3.47728407525575e+00	5.38671407933450e+00	1
28	31	29	30	1.61645466666667e+00	3.47728406629441e+00	5.62087205628724e+00	1
29	32	30	31	1.87792000000000e+00	3.47728405853405e+00	6.53006127920226e+00	1
30	33	31	32	1.99875933333333e+00	3.47728405183432e+00	6.95025395325499e+00	1
31	34	32	33	2.25451266666667e+00	3.47728404608077e+00	7.83958092748702e+00	1
32	35	33	34	2.64862466666667e+00	3.47728404118055e+00	9.21002028447715e+00	1
33	36	34	35	3.15680400000000e+00	3.47728403705906e+00	1.09771041573242e+01	1
34	37	35	36	3.83367533333333e+00	3.47728403365750e+00	1.33307780268266e+01	1
35	38	36	37	5.01413666666667e+00	3.47728403093086e+00	1.74355773599049e+01	1
36	39	37	38	7.00831533333333e+00	3.47728402884659e+00	2.43699029777206e+01	1
37	40	38	39	9.77179333333333e+00	3.47728402738350e+00	3.39793008768926e+01	1
38	41	39	40	1.25219306666667e+01	3.47728402653119e+00	4.35423094885311e+01	1
39	42	40	41	1.41578500000000e+01	3.47728402628962e+00	4.92308656516045e+01	1
40	43	41	42	1.55551900000000e+01	3.47728402666908e+00	5.40898137188027e+01	1
41	44	42	43	1.52124520000000e+01	3.47728402769042e+00	5.28980163616073e+01	1
42	45	43	44	1.50241926666667e+01	3.47728402938557e+00	5.22433852142119e+01	1
43	46	44	45	1.45658320000000e+01	3.47728403179835e+00	5.06495350234574e+01	1
44	47	45	46	1.45646886666667e+01	3.47728403498561e+00	5.06455593751359e+01	1
45	48	46	47	1.45418013333333e+01	3.47728403901892e+00	5.05659736749840e+01	1
46	49	47	48	1.54370153333333e+01	3.47728404398647e+00	5.36788871053744e+01	1
47	50	48	49	1.54465460000000e+01	3.47728404999583e+00	5.37120280333268e+01	1
48	51	49	50	1.61013800000000e+01	3.47728405717725e+00	5.59890719725527e+01	1
49	52	50	51	1.60409360000000e+01	3.47728406568797e+00	5.57788911515205e+01	1
50	53	51	52	1.67239560000000e+01	3.47728407571770e+00	5.81539458818035e+01	1
51	54	52	53	1.65916613333333e+01	3.47728408749564e+00	5.76939199395168e+01	1
52	55	53	54	1.77537206666667e+01	3.47728410129964e+00	6.17347306131148e+01	1
53	56	54	55	1.74578606666667e+01	3.47728411746808e+00	6.07059416211707e+01	1
54	57	55	56	1.79842893333333e+01	3.47728413641573e+00	6.25364840035106e+01	1
55	58	56	57	1.78332700000000e+01	3.47728415865493e+00	6.20113472680162e+01	1
56	59	57	58	1.79870053333333e+01	3.47728418482455e+00	6.25459291779549e+01	1
57	60	58	59	1.80627033333333e+01	3.47728421573013e+00	6.28091531944160e+01	1
58	61	59	60	1.79324620000000e+01	3.47728425240076e+00	6.23562677193751e+01	1
59	62	60	61	1.81852186666667e+01	3.47728429617130e+00	6.32351752920412e+01	1
60	63	61	62	1.80616693333333e+01	3.47728434880419e+00	6.28055600860767e+01	1
61	64	62	63	1.88174760000000e+01	3.47728441267483e+00	6.54337159806828e+01	1
62	65	63	64	1.82962766666667e+01	3.47728449106176e+00	6.36213590971752e+01	1
63	66	64	65	1.82881913333333e+01	3.47728458861609e+00	6.35932458770624e+01	1
64	67	65	66	1.87626073333333e+01	3.47728471214823e+00	6.52429276402403e+01	1
65	68	66	67	1.79154560000000e+01	3.47728487199975e+00	6.22971441237771e+01	1
66	69	67	68	1.87076593333333e+01	3.47728508454477e+00	6.50518647665448e+01	1
67	70	68	69	1.98684506666667e+01	3.47728537698794e+00	6.90882729666063e+01	1
68	71	69	70	1.96005693333333e+01	3.47728579712032e+00	6.81567813582722e+01	1
69	72	70	71	1.99303320000000e+01	3.47728643456194e+00	6.93034730999157e+01	1
70	73	71	72	2.01544900000000e+01	3.47728747094865e+00	7.00829555603599e+01	1
71	74	72	73	1.88366553333333e+01	3.47728931091876e+00	6.55005002440609e+01	1
72	75	73	74	1.87256693333333e+01	3.47729296962236e+00	6.51146383242730e+01	1
73	76	74	75	1.96678360000000e+01	3.47730142472331e+00	6.83909941440243e+01	1
74	77	75	76	2.00684666666667e+01	3.47732555701819e+00	6.97845920301676e+01	1
75	78	76	77	2.04588153333333e+01	3.47742126135628e+00	7.11439194222952e+01	1
1	7	3	5	2.63347333333333e-01	6.58485416720461e+00	1.73410378532222e+00	1
2	8	4	6	2.46295333333333e-01	6.58353495932659e+00	1.62149393731900e+00	1
3	9	5	7	2.94321333333333e-01	6.58323705804455e+00	1.93758710857308e+00	1
4	10	6	8	3.06800000000000e-01	6.58313651304757e+00	2.01970628220300e+00	1
5	11	7	9	3.02198666666667e-01	6.58309373580844e+00	1.98940214950300e+00	1
6	12	8	10	3.07976000000000e-01	6.58307246862892e+00	2.02742832659846e+00	1
7	13	9	11	3.09350666666667e-01	6.58306061990103e+00	2.03647419147346e+00	1
8	14	10	12	3.14138666666667e-01	6.58305341581453e+00	2.06799162263942e+00	1
9	15	11	13	3.12062000000000e-01	6.58304872345411e+00	2.05431935073854e+00	1
10	16	12	14	3.08841333333333e-01	6.58304549401131e+00	2.03311654776445e+00	1
11	17	13	15	3.06684666666667e-01	6.58304317042479e+00	2.01891840037400e+00	1
12	18	14	16	3.07805333333333e-01	6.58304143732090e+00	2.02629526396170e+00	1
13	19	15	17	3.27513333333333e-01	6.58304010624948e+00	2.15603340866479e+00	1
14	20	16	18	3.46158000000000e-01	6.58303905925018e+00	2.27877163467193e+00	1
15	21	17	19	3.70179333333333e-01	6.58303821944168e+00	2.43690469938078e+00	1
16	22	18	20	3.92162666666667e-01	6.58303753491103e+00	2.58162155445747e+00	1
17	23	19	21	4.19264000000000e-01	6.58303696949726e+00	2.76003041197930e+00	1
18	24	20	22	4.46518666666667e-01	6.58303649731291e+00	2.93944867939816e+00	1
19	25	21	23	4.67605333333333e-01	6.58303609937429e+00	3.07826278959328e+00	1
20	26	22	24	5.11933333333333e-01	6.58303576146410e+00	3.37007544081886e+00	1
21	27	23	25	5.45731333333333e-01	6.58303547273729e+00	3.59256872591755e+00	1
22	28	24	26	5.78251333333333e-01	6.58303522478860e+00	3.80664889611431e+00	1
23	29	25	27	6.33329333333333e-01	6.58303501101420e+00	4.16922917483562e+00	1
24	30	26	28	6.94703333333333e-01	6.58303482616551e+00	4.57325623718660e+00	1
25	31	27	29	7.74016000000000e-01	6.58303466603135e+00	5.09537416006292e+00	1
26	32	28	30	8.52490666666667e-01	6.58303452720754e+00	5.61197549278884e+00	1
27	33	29	31	9.49904000000000e-01	6.58303440692740e+00	6.25325071527797e+00	1
28	34	30	32	1.04793666666667e+00	6.58303430293540e+00	6.89860302397045e+00	1
29	35	31	33	1.16420733333333e+00	6.58303421339191e+00	7.66401670681509e+00	1
30	36	32	34	1.37286200000000e+00	6.58303413680072e+00	9.03759741111651e+00	1
31	37	33	35	1.66202266666667e+00	6.58303407195382e+00	1.09411518430262e+01	1
32	38	34	36	2.04053266666667e+00	6.58303401788903e+00	1.34328959592805e+01	1
33	39	35	37	2.59832933333333e+00	6.58303397385773e+00	1.71048902766044e+01	1
34	40	36	38	3.22341066666667e+00	6.58303393930076e+00	2.12198218189708e+01	1
35	41	37	39	4.19155466666667e+00	6.58303391383070e+00	2.75931465223420e+01	1
36	42	38	40	5.13767533333333e+00	6.58303389721979e+00	3.38214908722433e+01	1
37	43	39	41	5.67946333333333e+00	6.58303388939249e+00	3.73880995968954e+01	1
38	44	40	42	6.07822266666667e+00	6.58303389042258e+00	4.00131458082014e+01	1
39	45	41	43	6.55324866666667e+00	6.58303390053433e+00	4.31402581312981e+01	1
40	46	42	44	6.86497466666667e+00	6.58303392010780e+00	4.51923610913474e+01	1
41	47	43	45	7.00022466666667e+00	6.58303394968854e+00	4.60827166361138e+01	1
42	48	44	46	7.13469333333333e+00	6.58303399000203e+00	4.69679287215742e+01	1
43	49	45	47	7.20518666666667e+00	6.58303404197357e+00	4.74319891054407e+01	1
44	50	46	48	7.41517466666667e+00	6.58303410675452e+00	4.88143477382087e+01	1
45	51	47	49	7.72931666666667e+00	6.58303418575626e+00	5.08823558492023e+01	1
46	52	48	50	7.90584600000000e+00	6.58303428069365e+00	5.20444552358847e+01	1
47	53	49	51	8.16063800000000e+00	6.58303439364049e+00	5.37217606280495e+01	1
48	54	50	52	8.42292733333333e+00	6.58303452710041e+00	5.54484214545911e+01	1
49	55	51	53	8.63552933333333e+00	6.58303468409774e+00	5.68479891168768e+01	1
50	56	52	54	8.89842600000000e+00	6.58303486829510e+00	5.85786486309437e+01	1
51	57	53	55	9.17752133333333e+00	6.58303508414661e+00	6.04159449228373e+01	1
52	58	54	56	9.19235933333333e+00	6.58303533710019e+00	6.05136263226561e+01	1
53	59	55	57	9.30313866666667e+00	6.58303563386804e+00	6.12428933494823e+01	1
54	60	56	58	9.51602333333333e+00	6.58303598279373e+00	6.26443240164381e+01	1
55	61	57	59	9.68157600000000e+00	6.58303639435943e+00	6.37341671627568e+01	1
56	62	58	60	9.72628933333333e+00	6.58303688189979e+00	6.40285214053619e+01	1
57	63	59	61	9.61590933333333e+00	6.58303746262892e+00	6.33018913785764e+01	1
58	64	60	62	9.69634133333333e+00	6.58303815915277e+00	6.38313850015036e+01	1
59	65	61	63	1.01201246666667e+01	6.58303900175572e+00	6.66211753832967e+01	1
60	66	62	64	1.00258280000000e+01	6.58304003195890e+00	6.60004270775344e+01	1
61	67	63	65	1.00770920000000e+01	6.58304130823877e+00	6.63379129029224e+01	1
62	68	64	66	1.06110500000000e+01	6.58304291555025e+00	6.98529975290494e+01	1
63	69	65	67	1.05542373333333e+01	6.58304498183116e+00	6.94790191142551e+01	1
64	70	66	68	1.04862493333333e+01	6.58304770792067e+00	6.90314796384847e+01	1
65	71	67	69	1.13071113333333e+01	6.58305142464892e+00	7.44352953715640e+01	1
66	72	68	70	1.14177733333333e+01	6.58305670844890e+00	7.51638493375490e+01	1
67	73	69	71	1.12459986666667e+01	6.58306463250190e+00	7.40331360796969e+01	1
68	74	70	72	1.18354986666667e+01	6.58307736044765e+00	7.79140033221417e+01	1
69	75	71	73	1.17533433333333e+01	6.58309970464459e+00	7.73734310262531e+01	1
70	76	72	74	1.08755833333333e+01	6.58314380332844e+00	7.15955290284154e+01	1
71	77	73	75	1.11505466666667e+01	6.58324595344931e+00	7.34067912220810e+01	1
72	78	74	76	1.16896533333333e+01	6.58354541881103e+00	7.69593636501557e+01	1
1	10	4	7	1.86190666666667e-01	9.69656378803783e+00	1.80540967607062e+00	1
2	11	5	8	1.98650000000000e-01	9.69500667233309e+00	1.92591307545897e+00	1
3	12	6	9	2.00935333333333e-01	9.69452954121243e+00	1.94797352487337e+00	1
4	13	7	10	1.92354666666667e-01	9.69433503884503e+00	1.86475058495202e+00	1
5	14	8	11	1.91006000000000e-01	9.69424019315070e+00	1.85165804233294e+00	1
6	15	9	12	1.84528666666667e-01	9.69418775758572e+00	1.78885554132362e+00	1
7	16	10	13	2.06883333333333e-01	9.69415592662205e+00	2.00555929195266e+00	1
8	17	11	14	2.09884000000000e-01	9.69413515858489e+00	2.03464386362443e+00	1
9	18	12	15	2.25592666666667e-01	9.69412081779500e+00	2.18692256627522e+00	1
10	19	13	16	2.32870000000000e-01	9.69411045817271e+00	2.25746750239468e+00	1
11	20	14	17	2.45074666666667e-01	9.69410269904210e+00	2.37577898760018e+00	1
12	21	15	18	2.47179333333333e-01	9.69409671590924e+00	2.39618036350730e+00	1
13	22	16	19	2.53141333333333e-01	9.69409199219850e+00	2.45397537236112e+00	1
14	23	17	20	2.60766666666667e-01	9.69408819056566e+00	2.52789506382651e+00	1
15	24	18	21	2.71390666666667e-01	9.69408508262775e+00	2.63088421329773e+00	1
16	25	19	22	2.73094000000000e-01	9.69408250882460e+00	2.64739576866494e+00	1
17	26	20	23	2.96250000000000e-01	9.69408035456797e+00	2.87187130504076e+00	1
18	27	21	24	3.26682000000000e-01	9.69407853556327e+00	3.16688096415488e+00	1
19	28	22	25	3.68504000000000e-01	9.69407698848817e+00	3.57230614656585e+00	1
20	29	23	26	4.09085333333333e-01	9.69407566490302e+00	3.96570417473541e+00	1
21	30	24	27	4.41288000000000e-01	9.69407452716942e+00	4.27787875994554e+00	1
22	31	25	28	4.73082666666667e-01	9.69407354565040e+00	4.58609816383908e+00	1
23	32	26	29	5.15013333333333e-01	9.69407269674891e+00	4.99257669312831e+00	1
24	33	27	30	5.66087333333333e-01	9.69407196150730e+00	5.48769134583110e+00	1
25	34	28	31	6.25508000000000e-01	9.69407132459011e+00	6.06371916610171e+00	1
26	35	29	32	6.80022666666667e-01	9.69407077353438e+00	6.59218785827425e+00	1
27	36	30	33	7.77770666666667e-01	9.69407029818987e+00	7.53976351853667e+00	1
28	37	31	34	9.04734666666667e-01	9.69406989029679e+00	8.77056109084103e+00	1
29	38	32	35	1.12537933333333e+00	9.69406954316478e+00	1.09095055197738e+01	1
30	39	33	36	1.36872600000000e+00	9.69406925142824e+00	1.32685246302304e+01	1
31	40	34	37	1.54792933333333e+00	9.69406901085968e+00	1.50057337812673e+01	1
32	41	35	38	1.82196000000000e+00	9.69406881822865e+00	1.76622056240599e+01	1
33	42	36	39	2.27584266666667e+00	9.69406867119742e+00	2.20621750955077e+01	1
34	43	37	40	2.78549866666667e+00	9.69406856824653e+00	2.70028150714259e+01	1
35	44	38	41	3.12274400000000e+00	9.69406850862614e+00	3.02720942709012e+01	1
36	45	39	42	3.41946000000000e+00	9.69406849233038e+00	3.31484794467841e+01	1
37	46	40	43	3.55222933333333e+00	9.69406852009255e+00	3.44355545564160e+01	1
38	47	41	44	3.73170933333333e+00	9.69406859340133e+00	3.61754462479693e+01	1
39	48	42	45	4.02649200000000e+00	9.69406871453797e+00	3.90330901265374e+01	1
40	49	43	46	4.30941066666667e+00	9.69406888663612e+00	4.17757238634711e+01	1
41	50	44	47	4.48588400000000e+00	9.69406911376715e+00	4.34864695323422e+01	1
42	51	45	48	4.75349800000000e+00	9.69406940105490e+00	4.60807395097757e+01	1
43	52	46	49	4.93928466666667e+00	9.69406975482542e+00	4.78817700976063e+01	1
44	53	47	50	5.17553666666667e+00	9.69407018280001e+00	5.01720156803215e+01	1
45	54	48	51	5.26380866666667e+00	9.69407069434214e+00	5.10277333361575e+01	1
46	55	49	52	5.42693733333333e+00	9.69407130077324e+00	5.26091174541615e+01	1
47	56	50	53	5.51104866666667e+00	9.69407201577809e+00	5.34245026571245e+01	1
48	57	51	54	5.79937200000000e+00	9.69407285592804e+00	5.62195346866291e+01	1
49	58	52	55	5.93354533333333e+00	9.69407384136283e+00	5.75202266024071e+01	1
50	59	53	56	6.08890933333333e+00	9.69407499668854e+00	5.90263437253702e+01	1
51	60	54	57	6.16063400000000e+00	9.69407635217553e+00	5.97216563738085e+01	1
52	61	55	58	6.28584933333333e+00	9.69407794538126e+00	6.09355133902562e+01	1
53	62	56	59	6.43704866666667e+00	9.69407982338596e+00	6.24012636016868e+01	1
54	63	57	60	6.53608866666667e+00	9.69408204593238e+00	6.33613797941555e+01	1
55	64	58	61	6.57138266666667e+00	9.69408468993108e+00	6.37035401006118e+01	1
56	65	59	62	6.60745800000000e+00	9.69408785608032e+00	6.40532783573608e+01	1
57	66	60	63	6.76422933333333e+00	9.69409167885486e+00	6.55730592941326e+01	1
58	67	61	64	6.90146800000000e+00	9.69409634202807e+00	6.69034956934238e+01	1
59	68	62	65	7.20546466666667e+00	9.69410210359442e+00	6.98505101825086e+01	1
60	69	63	66	7.21142933333333e+00	9.69410933727594e+00	6.99083844353723e+01	1
61	70	64	67	7.24869333333333e+00	9.69411860454619e+00	7.02696929013166e+01	1
62	71	65	68	7.40488933333333e+00	9.69413078557388e+00	7.17839656500343e+01	1
63	72	66	69	7.55346266666667e+00	9.69414733039694e+00	7.32243799453196e+01	1
64	73	67	70	7.73428400000000e+00	9.69417077188863e+00	7.49774698942858e+01	1
65	74	68	71	8.10996266666667e+00	9.69420585469975e+00	7.86196475645964e+01	1
66	75	69	72	8.34977600000000e+00	9.69426225730107e+00	8.09449183337183e+01	1
67	76	70	73	8.15186400000000e+00	9.69436195427790e+00	7.90271202180476e+01	1
68	77	71	74	7.99085333333333e+00	9.69456237498708e+00	7.74678260693734e+01	1
69	78	72	75	7.95597533333333e+00	9.69504623746001e+00	7.71335487207580e+01	1
1	13	5	9	1.50260666666667e-01	1.28427638873854e+01	1.92976226356112e+00	1
2	14	6	10	1.32540666666667e-01	1.28411224361701e+01	1.70197092843828e+00	1
3	15	7	11	1.35473333333333e-01	1.28405047244550e+01	1.73954597670434e+00	1
4	16	8	12	1.48426666666667e-01	1.28402158243103e+01	1.90583043408296e+00	1
5	17	9	13	1.55477333333333e-01	1.28400597059458e+01	1.99633824292124e+00	1
6	18	10	14	1.61688666666667e-01	1.28399660991934e+01	2.07607699862378e+00	1
7	19	11	15	1.84273333333333e-01	1.28399054097298e+01	2.36605216953562e+00	1
8	20	12	16	1.88660000000000e-01	1.28398636166361e+01	2.42236866991456e+00	1
9	21	13	17	1.85331333333333e-01	1.28398334450565e+01	2.37962345215026e+00	1
10	22	14	18	1.79050000000000e-01	1.28398108347832e+01	2.29896812996793e+00	1
11	23	15	19	1.75968666666667e-01	1.28397933791742e+01	2.25940132120878e+00	1
12	24	16	20	1.76981333333333e-01	1.28397795775134e+01	2.27240130933443e+00	1
13	25	17	21	1.92469333333333e-01	1.28397684525297e+01	2.47126167421276e+00	1
14	26	18	22	2.12220000000000e-01	1.28397593435600e+01	2.72485372789031e+00	1
15	27	19	23	2.35275333333333e-01	1.28397517892477e+01	3.02087688213250e+00	1
16	28	20	24	2.64101333333333e-01	1.28397454582042e+01	3.39099389517235e+00	1
17	29	21	25	2.80177333333333e-01	1.28397401064984e+01	3.59740414373176e+00	1
18	30	22	26	3.12063333333333e-01	1.28397355507289e+01	4.00681067507896e+00	1
19	31	23	27	3.28254666666667e-01	1.28397316504648e+01	4.21470183301276e+00	1
20	32	24	28	3.48172000000000e-01	1.28397282964872e+01	4.47043388044455e+00	1
21	33	25	29	3.81189333333333e-01	1.28397254027284e+01	4.89436636644911e+00	1
22	34	26	30	4.02992000000000e-01	1.28397229006245e+01	5.17430561116848e+00	1
23	35	27	31	4.57898666666667e-01	1.28397207350835e+01	5.87929100496708e+00	1
24	36	28	32	5.11326000000000e-01	1.28397188615561e+01	6.56528208660405e+00	1
25	37	29	33	5.97428000000000e-01	1.28397172438774e+01	7.67080659357520e+00	1
26	38	30	34	7.14874666666667e-01	1.28397158526547e+01	9.17878759026123e+00	1
27	39	31	35	8.34202666666667e-01	1.28397146640532e+01	1.07109242119923e+01	1
28	40	32	36	9.28222666666667e-01	1.28397136588748e+01	1.19181132516772e+01	1
29	41	33	37	1.02045133333333e+00	1.28397128218572e+01	1.31023020686813e+01	1
30	42	34	38	1.16696266666667e+00	1.28397121411436e+01	1.49834647194613e+01	1
31	43	35	39	1.42723133333333e+00	1.28397116078855e+01	1.83252387177379e+01	1
32	44	36	40	1.75203200000000e+00	1.28397112159541e+01	2.24955849211104e+01	1
33	45	37	41	2.01966066666667e+00	1.28397109617418e+01	2.59318592007988e+01	1
34	46	38	42	2.29761666666667e+00	1.28397108440422e+01	2.95007336304520e+01	1
35	47	39	43	2.49980200000000e+00	1.28397108640002e+01	3.20967348972494e+01	1
36	48	40	44	2.54767400000000e+00	1.28397110251306e+01	3.27113979462385e+01	1
37	49	41	45	2.61128666666667e+00	1.28397113334022e+01	3.35281670087621e+01	1
38	50	42	46	2.72127600000000e+00	1.28397117973939e+01	3.49403995611650e+01	1
39	51	43	47	2.95914933333333e+00	1.28397124285269e+01	3.79946264730670e+01	1
40	52	44	48	3.24442000000000e+00	1.28397132413853e+01	4.16574224346154e+01	1
41	53	45	49	3.46683666666667e+00	1.28397142541419e+01	4.45131921657817e+01	1
42	54	46	50	3.64911933333333e+00	1.28397154891093e+01	4.68536540258081e+01	1
43	55	47	51	3.78242600000000e+00	1.28397169734499e+01	4.85652793130181e+01	1
44	56	48	52	3.88929666666667e+00	1.28397187400858e+01	4.99374752967532e+01	1
45	57	49	53	4.00771266666667e+00	1.28397208288682e+01	5.14579118023188e+01	1
46	58	50	54	4.14042200000000e+00	1.28397232880878e+01	5.31618727759112e+01	1
47	59	51	55	4.27696600000000e+00	1.28397261764435e+01	5.49150723059588e+01	1
48	60	52	56	4.37041533333333e+00	1.28397295656329e+01	5.61149509694953e+01	1
49	61	53	57	4.53502000000000e+00	1.28397335438087e+01	5.82284484158433e+01	1
50	62	54	58	4.69179000000000e+00	1.28397382202572e+01	6.02413553844204e+01	1
51	63	55	59	4.73413400000000e+00	1.28397437318418e+01	6.07850673521990e+01	1
52	64	56	60	4.80555600000000e+00	1.28397502520517e+01	6.17021388622486e+01	1
53	65	57	61	4.83989000000000e+00	1.28397580039883e+01	6.21430163659231e+01	1
54	66	58	62	4.91395866666667e+00	1.28397672794624e+01	6.30940857008976e+01	1
55	67	59	63	5.17151533333333e+00	1.28397784678531e+01	6.64011112231055e+01	1
56	68	60	64	5.25690400000000e+00	1.28397921010595e+01	6.74975544552280e+01	1
57	69	61	65	5.37528533333333e+00	1.28398089259362e+01	6.90176366023874e+01	1
58	70	62	66	5.56795800000000e+00	1.28398300255449e+01	7.14916343093727e+01	1
59	71	63	67	5.50502933333333e+00	1.28398570310481e+01	7.06837895917260e+01	1
60	72	64	68	5.52885733333333e+00	1.28398925106876e+01	7.09899338669268e+01	1
61	73	65	69	5.71758933333333e+00	1.28399407257727e+01	7.34135081343105e+01	1
62	74	66	70	5.84245466666667e+00	1.28400092024046e+01	7.50171716846315e+01	1
63	75	67	71	6.15874933333333e+00	1.28401122759471e+01	7.90790329194143e+01	1
64	76	68	72	6.36265666666667e+00	1.28402799312730e+01	8.16982927065802e+01	1
65	77	69	73	6.22605066666667e+00	1.28405828905724e+01	7.99461196662367e+01	1
66	78	70	74	6.18091933333333e+00	1.28412171881340e+01	7.93705275816700e+01	1
1	16	6	11	1.25188666666667e-01	1.60099609238834e+01	2.00426566144640e+00	1
2	17	7	12	1.10900666666667e-01	1.60082988480805e+01	1.77533101445136e+00	1
3	18	8	13	1.25894000000000e-01	1.60075708278346e+01	2.01525712179942e+00	1
4	19	9	14	1.32673333333333e-01	1.60071919478288e+01	2.12372751302494e+00	1
5	20	10	15	1.41876666666667e-01	1.60069698267761e+01	2.27101552245691e+00	1
6	21	11	16	1.53986666666667e-01	1.60068277573055e+01	2.46483805025495e+00	1
7	22	12	17	1.50666000000000e-01	1.60067307132491e+01	2.41167008964239e+00	1
8	23	13	18	1.52850000000000e-01	1.60066609832942e+01	2.44661813129651e+00	1
9	24	14	19	1.46513333333333e-01	1.60066088624981e+01	2.34518161980747e+00	1
10	25	15	20	1.46133333333333e-01	1.60065686740612e+01	2.33909323556948e+00	1
11	26	16	21	1.52758666666667e-01	1.60065369118079e+01	2.44513723659856e+00	1
12	27	17	22	1.61320000000000e-01	1.60065113081737e+01	2.58217040423458e+00	1
13	28	18	23	1.87020000000000e-01	1.60064903377097e+01	2.99353382295846e+00	1
14	29	19	24	2.08122666666667e-01	1.60064729387958e+01	3.33130983195002e+00	1
15	30	20	25	2.23050666666667e-01	1.60064583506558e+01	3.57025120608601e+00	1
16	31	21	26	2.49084666666667e-01	1.60064460141546e+01	3.98696026995369e+00	1
17	32	22	27	2.66144666666667e-01	1.60064355093242e+01	4.26002744315059e+00	1
18	33	23	28	2.89290666666667e-01	1.60064265148039e+01	4.63050979741862e+00	1
19	34	24	29	3.11078000000000e-01	1.60064187807786e+01	4.97924474148704e+00	1
20	35	25	30	3.29334666666667e-01	1.60064121104762e+01	5.27146639693298e+00	1
21	36	26	31	3.74023333333333e-01	1.60064063472348e+01	5.98676945668057e+00	1
22	37	27	32	4.14269333333333e-01	1.60064013652839e+01	6.63096122266191e+00	1
23	38	28	33	4.91388666666667e-01	1.60063970630598e+01	7.86536211095418e+00	1
24	39	29	34	5.67431333333333e-01	1.60063933582844e+01	9.08252912514910e+00	1
25	40	30	35	6.11064000000000e-01	1.60063901842994e+01	9.78092881157874e+00	1
26	41	31	36	6.66212000000000e-01	1.60063874873094e+01	1.06636474206953e+01	1
27	42	32	37	7.04104666666667e-01	1.60063852242972e+01	1.12701705328921e+01	1
28	43	33	38	8.31754666666667e-01	1.60063833614482e+01	1.33133840573403e+01	1
29	44	34	39	1.01878466666667e+00	1.60063818729656e+01	1.63070564209886e+01	1
30	45	35	40	1.26015466666667e+00	1.60063807401972e+01	2.01705153862030e+01	1
31	46	36	41	1.48444466666667e+00	1.60063799510160e+01	2.37605853509260e+01	1
32	47	37	42	1.66272066666667e+00	1.60063794994145e+01	2.66141379921861e+01	1
33	48	38	43	1.86207733333333e+00	1.60063793852884e+01	2.98051162420794e+01	1
34	49	39	44	1.96794400000000e+00	1.60063796143952e+01	3.14996587238713e+01	1
35	50	40	45	1.99006333333333e+00	1.60063801984817e+01	3.18537103323912e+01	1
36	51	41	46	2.04499200000000e+00	1.60063811555858e+01	3.27329214121237e+01	1
37	52	42	47	2.11115400000000e+00	1.60063825105240e+01	3.37919384626227e+01	1
38	53	43	48	2.26927600000000e+00	1.60063842955893e+01	3.63229037287577e+01	1
39	54	44	49	2.46800466666667e+00	1.60063865514935e+01	3.95038367055566e+01	1
40	55	45	50	2.66943333333333e+00	1.60063893286037e+01	4.27279892200858e+01	1
41	56	46	51	2.81343733333333e+00	1.60063926885434e+01	4.50329827619417e+01	1
42	57	47	52	2.96967866666667e+00	1.60063967062542e+01	4.75338548287666e+01	1
43	58	48	53	3.06468533333333e+00	1.60064014726526e+01	4.90545838326835e+01	1
44	59	49	54	3.19815533333333e+00	1.60064070980687e+01	5.11909762281929e+01	1
45	60	50	55	3.30571666666667e+00	1.60064137167310e+01	5.29126685969595e+01	1
46	61	51	56	3.38951733333333e+00	1.60064214926779e+01	5.42540430940711e+01	1
47	62	52	57	3.49191266666667e+00	1.60064306276500e+01	5.58930578568123e+01	1
48	63	53	58	3.59727400000000e+00	1.60064413717857e+01	5.75795553792489e+01	1
49	64	54	59	3.70925133333333e+00	1.60064540383748e+01	5.93719609837803e+01	1
50	65	55	60	3.81029800000000e+00	1.60064690246145e+01	6.09894169115505e+01	1
51	66	56	61	3.84920600000000e+00	1.60064868414739e+01	6.16122651891225e+01	1
52	67	57	62	3.95080133333333e+00	1.60065081577585e+01	6.32385337716830e+01	1
53	68	58	63	4.11414333333333e+00	1.60065338669871e+01	6.58531745986391e+01	1
54	69	59	64	4.16494733333333e+00	1.60065651921533e+01	6.66665010128849e+01	1
55	70	60	65	4.28135200000000e+00	1.60066038557613e+01	6.85299054310712e+01	1
56	71	61	66	4.39800333333333e+00	1.60066523670968e+01	7.03973104659996e+01	1
57	72	62	67	4.37815133333333e+00	1.60067145302132e+01	7.00798185627391e+01	1
58	73	63	68	4.41116200000000e+00	1.60067963906647e+01	7.06085719802372e+01	1
59	74	64	69	4.63663200000000e+00	1.60069081118028e+01	7.42181423722446e+01	1
60	75	65	70	4.76005933333333e+00	1.60070679763464e+01	7.61945933201087e+01	1
61	76	66	71	4.81805066666667e+00	1.60073117201269e+01	7.71240389046985e+01	1
62	77	67	72	5.03993266666667e+00	1.60077168943579e+01	8.06778152946265e+01	1
63	78	68	73	5.10569733333333e+00	1.60084763197521e+01	8.17344348564882e+01	1
1	19	7	13	9.60080000000000e-02	1.91859986421679e+01	1.84200935763725e+00	1
2	20	8	14	8.57080000000000e-02	1.91843383007874e+01	1.64425126708389e+00	1
3	21	9	15	9.59160000000000e-02	1.91835197525652e+01	1.84000648058705e+00	1
4	22	10	16	1.14064000000000e-01	1.91830554981357e+01	2.18809604233935e+00	1
5	23	11	17	1.24000666666667e-01	1.91827646903377e+01	2.37867561011166e+00	1
6	24	12	18	1.25814000000000e-01	1.91825686781734e+01	2.41343569567571e+00	1
7	25	13	19	1.42892666666667e-01	1.91824290352198e+01	2.74102843798665e+00	1
8	26	14	20	1.48989333333333e-01	1.91823252257502e+01	2.85796184716770e+00	1
9	27	15	21	1.45424000000000e-01	1.91822454584092e+01	2.78955886354371e+00	1
10	28	16	22	1.46432000000000e-01	1.91821825512175e+01	2.80888535533988e+00	1
11	29	17	23	1.54526000000000e-01	1.91821319079922e+01	2.96413811521440e+00	1
12	30	18	24	1.72854666666667e-01	1.91820904613326e+01	3.31571385266349e+00	1
13	31	19	25	1.76988666666667e-01	1.91820560893744e+01	3.39500653118359e+00	1
14	32	20	26	1.82520666666667e-01	1.91820272784898e+01	3.50111640688814e+00	1
15	33	21	27	2.05211333333333e-01	1.91820029200859e+01	3.93636439523473e+00	1
16	34	22	28	2.26403333333333e-01	1.91819821837066e+01	4.34286470633179e+00	1
17	35	23	29	2.67452666666667e-01	1.91819644352123e+01	5.13026754010269e+00	1
18	36	24	30	3.00540000000000e-01	1.91819491825000e+01	5.76494300730856e+00	1
19	37	25	31	3.38748666666667e-01	1.91819360385639e+01	6.49785525714881e+00	1
20	38	26	32	3.81288666666667e-01	1.91819246957773e+01	7.31385049135332e+00	1
21	39	27	33	4.09972000000000e-01	1.91819149076237e+01	7.86404801850829e+00	1
22	40	28	34	4.45759333333333e-01	1.91819064754884e+01	8.55051384257604e+00	1
23	41	29	35	4.69022666666667e-01	1.91818992389646e+01	8.99674553279046e+00	1
24	42	30	36	4.93384666666667e-01	1.91818930686537e+01	9.46405191771333e+00	1
25	43	31	37	5.40740000000000e-01	1.91818878607714e+01	1.03724140418335e+01	1
26	44	32	38	6.04158000000000e-01	1.91818835330903e+01	1.15888883915847e+01	1
27	45	33	39	7.65728000000000e-01	1.91818800218924e+01	1.46881026254036e+01	1
28	46	34	40	9.91562666666667e-01	1.91818772797062e+01	1.90200333871382e+01	1
29	47	35	41	1.18104466666667e+00	1.91818752736673e+01	2.26546514886299e+01	1
30	48	36	42	1.33835333333333e+00	1.91818739843953e+01	2.56721249865953e+01	1
31	49	37	43	1.45008666666667e+00	1.91818734053112e+01	2.78153788667296e+01	1
32	50	38	44	1.53506200000000e+00	1.91818735423517e+01	2.94453651636695e+01	1
33	51	39	45	1.62411000000000e+00	1.91818744140577e+01	3.11534740546153e+01	1
34	52	40	46	1.66406333333333e+00	1.91818760520349e+01	3.19198566027361e+01	1
35	53	41	47	1.70827333333333e+00	1.91818785018065e+01	3.27678915278759e+01	1
36	54	42	48	1.76452866666667e+00	1.91818818240967e+01	3.38469803592310e+01	1
37	55	43	49	1.81714400000000e+00	1.91818860966115e+01	3.48562492291410e+01	1
38	56	44	50	1.92725333333333e+00	1.91818914164097e+01	3.69683641719137e+01	1
39	57	45	51	2.10608266666667e+00	1.91818979030021e+01	4.03986626872825e+01	1
40	58	46	52	2.29140933333333e+00	1.91819057023652e+01	4.39535977575196e+01	1
41	59	47	53	2.41224600000000e+00	1.91819149921342e+01	4.62714977121158e+01	1
42	60	48	54	2.52955666666667e+00	1.91819259883449e+01	4.85217687633243e+01	1
43	61	49	55	2.62757666666667e+00	1.91819389542485e+01	5.04020152176078e+01	1
44	62	50	56	2.73520933333333e+00	1.91819542119568e+01	5.24666601921168e+01	1
45	63	51	57	2.80890266666667e+00	1.91819721580230e+01	5.38802927465965e+01	1
46	64	52	58	2.86003066666667e+00	1.91819932846152e+01	5.48610890417935e+01	1
47	65	53	59	2.96852133333333e+00	1.91820182088075e+01	5.69422302692334e+01	1
48	66	54	60	3.03314333333333e+00	1.91820477139411e+01	5.81819001432223e+01	1
49	67	55	61	3.14815333333333e+00	1.91820828094035e+01	6.03881379366995e+01	1
50	68	56	62	3.28101266666667e+00	1.91821248193204e+01	6.29367945057714e+01	1
51	69	57	63	3.39873133333333e+00	1.91821755180878e+01	6.51950609748246e+01	1
52	70	58	64	3.42491400000000e+00	1.91822373444680e+01	6.56975132323912e+01	1
53	71	59	65	3.47694866666667e+00	1.91823137527066e+01	6.66959202260549e+01	1
54	72	60	66	3.54862800000000e+00	1.91824098133683e+01	6.80712365711935e+01	1
55	73	61	67	3.59340666666667e+00	1.91825332928042e+01	6.89306430179178e+01	1
56	74	62	68	3.71549733333333e+00	1.91826967053286e+01	7.12732584547904e+01	1
57	75	63	69	3.83238600000000e+00	1.91829214839736e+01	7.35163597342798e+01	1
58	76	64	70	3.87016066666667e+00	1.91832471673082e+01	7.42422486458609e+01	1
59	77	65	71	3.99467666666667e+00	1.91837537449103e+01	7.66328934638725e+01	1
60	78	66	72	4.12961066666667e+00	1.91846230814204e+01	7.92250241130130e+01	1
1	22	8	15	9.94313333333333e-02	2.23654401610443e+01	2.22382553579952e+00	1
2	23	9	16	1.09846000000000e-01	2.23637844739740e+01	2.45657226932815e+00	1
3	24	10	17	1.06898000000000e-01	2.23628868231131e+01	2.39054787561714e+00	1
4	25	11	18	1.24617333333333e-01	2.23623405013694e+01	2.78673524037265e+00	1
5	26	12	19	1.18401333333333e-01	2.23619791290665e+01	2.64768814485364e+00	1
6	27	13	20	1.19092000000000e-01	2.23617248701677e+01	2.66310253823801e+00	1
7	28	14	21	1.16648666666667e-01	2.23615374256139e+01	2.60844352531463e+00	1
8	29	15	22	1.16279333333333e-01	2.23613941991416e+01	2.60016800988005e+00	1
9	30	16	23	1.22017333333333e-01	2.23612816745228e+01	2.72846395984081e+00	1
10	31	17	24	1.27581333333333e-01	2.23611913218532e+01	2.85287060376380e+00	1
11	32	18	25	1.52582000000000e-01	2.23611175098853e+01	3.41190403189332e+00	1
12	33	19	26	1.75861333333333e-01	2.23610563760860e+01	3.93244518904032e+00	1
13	34	20	27	1.96850000000000e-01	2.23610051833627e+01	4.40176387034495e+00	1
14	35	21	28	2.20766666666667e-01	2.23609619375198e+01	4.93655503040645e+00	1
15	36	22	29	2.41270666666667e-01	2.23609251509191e+01	5.39503531844569e+00	1
16	37	23	30	2.69852000000000e-01	2.23608936914620e+01	6.03413188442840e+00	1
17	38	24	31	2.96768000000000e-01	2.23608666831581e+01	6.63598968382747e+00	1
18	39	25	32	3.15360000000000e-01	2.23608434388919e+01	7.05171558688895e+00	1
19	40	26	33	3.30356666666667e-01	2.23608234138713e+01	7.38704708692849e+00	1
20	41	27	34	3.36773333333333e-01	2.23608061727180e+01	7.53052323080682e+00	1
21	42	28	35	3.70815333333333e-01	2.23607913657777e+01	8.29172430389799e+00	1
22	43	29	36	4.06208666666667e-01	2.23607787118078e+01	9.08314210615184e+00	1
23	44	30	37	4.48433333333333e-01	2.23607679851752e+01	1.00273137234854e+01	1
24	45	31	38	5.10273333333333e-01	2.23607590063145e+01	1.14100990340155e+01	1
25	46	32	39	6.32023333333333e-01	2.23607516345964e+01	1.41325167839364e+01	1
26	47	33	40	8.25712666666667e-01	2.23607457630225e+01	1.84635510126407e+01	1
27	48	34	41	9.64513333333333e-01	2.23607413143404e+01	2.15672331408989e+01	1
28	49	35	42	1.08014666666667e+00	2.23607382383001e+01	2.41528768723058e+01	1
29	50	36	43	1.17000133333333e+00	2.23607365098612e+01	2.61620915308529e+01	1
30	51	37	44	1.24207000000000e+00	2.23607361282277e+01	2.77735995227878e+01	1
31	52	38	45	1.33578466666667e+00	2.23607371166419e+01	2.98691297757745e+01	1
32	53	39	46	1.41067266666667e+00	2.23607395229108e+01	3.15436840514233e+01	1
33	54	40	47	1.45387666666667e+00	2.23607434206831e+01	3.25097631086513e+01	1
34	55	41	48	1.49034066666667e+00	2.23607489115351e+01	3.33251334399832e+01	1
35	56	42	49	1.54266533333333e+00	2.23607561279726e+01	3.44951633057442e+01	1
36	57	43	50	1.61229933333333e+00	2.23607652375105e+01	3.60522468852613e+01	1
37	58	44	51	1.67951400000000e+00	2.23607764480678e+01	3.75552370954002e+01	1
38	59	45	52	1.76707266666667e+00	2.23607900150119e+01	3.95131408406005e+01	1
39	60	46	53	1.86196866666667e+00	2.23608062503206e+01	4.16351205995011e+01	1
40	61	47	54	1.99571333333333e+00	2.23608255345279e+01	4.46257976635977e+01	1
41	62	48	55	2.12272266666667e+00	2.23608483323989e+01	4.74658796010787e+01	1
42	63	49	56	2.23251866666667e+00	2.23608752137068e+01	4.99210713176044e+01	1
43	64	50	57	2.33722933333333e+00	2.23609068811302e+01	5.22625674825128e+01	1
44	65	51	58	2.41974600000000e+00	2.23609442083089e+01	5.41078053042787e+01	1
45	66	52	59	2.47322133333333e+00	2.23609882927239e+01	5.53036732799817e+01	1
46	67	53	60	2.57085400000000e+00	2.23610405307595e+01	5.74869704926653e+01	1
47	68	54	61	2.68562666666667e+00	2.23611027268688e+01	6.00535737793515e+01	1
48	69	55	62	2.75380666666667e+00	2.23611772567574e+01	6.15783590041737e+01	1
49	70	56	63	2.86125533333333e+00	2.23612673190051e+01	6.39812953765957e+01	1
50	71	57	64	2.89378266666667e+00	2.23613773368948e+01	6.47089661402990e+01	1
51	72	58	65	2.88595866666667e+00	2.23615136261323e+01	6.45344040491212e+01	1
52	73	59	66	2.93679133333333e+00	2.23616855558677e+01	6.56716043391975e+01	1
53	74	60	67	3.03651066666667e+00	2.23619076758473e+01	6.79021711847254e+01	1
54	75	61	68	3.13618933333333e+00	2.23622038596033e+01	7.01321052143134e+01	1
55	76	62	69	3.26457466666667e+00	2.23626159846795e+01	7.30044296239797e+01	1
56	77	63	70	3.29540866666667e+00	2.23632237973121e+01	7.36959615162686e+01	1
57	78	64	71	3.39022800000000e+00	2.23641953759258e+01	7.58197213609341e+01	1
1	25	9	17	1.10989333333333e-01	2.55463913275720e+01	2.83537694251967e+00	1
2	26	10	18	1.02912666666667e-01	2.55447344518132e+01	2.62887674172796e+00	1
3	27	11	19	1.08236666666667e-01	2.55437634497200e+01	2.76477180991953e+00	1
4	28	12	20	1.14198666666667e-01	2.55431369724429e+01	2.91699218473702e+00	1
5	29	13	21	1.16825333333333e-01	2.55427034875429e+01	2.98403484916670e+00	1
6	30	14	22	1.18514000000000e-01	2.55423875238822e+01	3.02713051500537e+00	1
7	31	15	23	1.19264000000000e-01	2.55421479779741e+01	3.04625873644511e+00	1
8	32	16	24	1.23248000000000e-01	2.55419608057577e+01	3.14799558538803e+00	1
9	33	17	25	1.28796000000000e-01	2.55418110945162e+01	3.28968310172931e+00	1
10	34	18	26	1.44621333333333e-01	2.55416891327075e+01	3.69387313795766e+00	1
11	35	19	27	1.71483333333333e-01	2.55415883307302e+01	4.37995670558138e+00	1
12	36	20	28	1.93404000000000e-01	2.55415040590926e+01	4.93982905104475e+00	1
13	37	21	29	2.15000000000000e-01	2.55414329680907e+01	5.49140808813950e+00	1
14	38	22	30	2.47669333333333e-01	2.55413725729033e+01	6.32581471754923e+00	1
15	39	23	31	2.60682000000000e-01	2.55413209913552e+01	6.65816263866845e+00	1
16	40	24	32	2.74480666666667e-01	2.55412767728580e+01	7.01058667613191e+00	1
17	41	25	33	2.79289333333333e-01	2.55412387836611e+01	7.13339555239619e+00	1
18	42	26	34	2.82230666666667e-01	2.55412061279506e+01	7.20851163296225e+00	1
19	43	27	35	3.06885333333333e-01	2.55411780924103e+01	7.83821295261536e+00	1
20	44	28	36	3.30557333333333e-01	2.55411541065376e+01	8.44281579171280e+00	1
21	45	29	37	3.74654000000000e-01	2.55411337138000e+01	9.56908791041004e+00	1
22	46	30	38	4.39224000000000e-01	2.55411165504242e+01	1.12182713757435e+01	1
23	47	31	39	5.42860666666667e-01	2.55411023296901e+01	1.38652598380971e+01	1
24	48	32	40	6.86147333333333e-01	2.55410908302885e+01	1.75249513636269e+01	1
25	49	33	41	7.97570666666667e-01	2.55410818877620e+01	2.03708177086103e+01	1
26	50	34	42	9.11352000000000e-01	2.55410753883535e+01	2.32769101373267e+01	1
27	51	35	43	9.97242000000000e-01	2.55410712648040e+01	2.54706289902557e+01	1
28	52	36	44	1.05743800000000e+00	2.55410694937954e+01	2.70080974433801e+01	1
29	53	37	45	1.13316266666667e+00	2.55410700948513e+01	2.89421870982020e+01	1
30	54	38	46	1.18856333333333e+00	2.55410731306023e+01	3.03571830170191e+01	1
31	55	39	47	1.25552933333333e+00	2.55410787084084e+01	3.20675735233822e+01	1
32	56	40	48	1.29964266666667e+00	2.55410869834073e+01	3.31942863966807e+01	1
33	57	41	49	1.34023466666667e+00	2.55410981631451e+01	3.42310651829834e+01	1
34	58	42	50	1.39050600000000e+00	2.55411125140473e+01	3.55150701974578e+01	1
35	59	43	51	1.42392800000000e+00	2.55411303701098e+01	3.63687306856497e+01	1
36	60	44	52	1.48109000000000e+00	2.55411521443640e+01	3.78287450294960e+01	1
37	61	45	53	1.53884266666667e+00	2.55411783438948e+01	3.93038549925280e+01	1
38	62	46	54	1.62620533333333e+00	2.55412095895277e+01	4.15352512542745e+01	1
39	63	47	55	1.70551266666667e+00	2.55412466417843e+01	4.35609196700206e+01	1
40	64	48	56	1.82211266666667e+00	2.55412904354377e+01	4.65391088254232e+01	1
41	65	49	57	1.94114733333333e+00	2.55413421261257e+01	4.95795081578833e+01	1
42	66	50	58	2.02382200000000e+00	2.55414031542573e+01	5.16912536144553e+01	1
43	67	51	59	2.14476266666667e+00	2.55414753343237e+01	5.47804027486450e+01	1
44	68	52	60	2.22076333333333e+00	2.55415609825222e+01	5.67217621060826e+01	1
45	69	53	61	2.27757866666667e+00	2.55416631038259e+01	5.81731469964611e+01	1
46	70	54	62	2.33267333333333e+00	2.55417856742326e+01	5.95806423279978e+01	1
47	71	55	63	2.41854800000000e+00	2.55419340808097e+01	6.17743935872741e+01	1
48	72	56	64	2.43864000000000e+00	2.55421158337397e+01	6.22880253567911e+01	1
49	73	57	65	2.49431933333333e+00	2.55423417683215e+01	6.37107568913317e+01	1
50	74	58	66	2.56357733333333e+00	2.55426281750803e+01	6.54805026233973e+01	1
51	75	59	67	2.60327133333333e+00	2.55430007936945e+01	6.64953617335356e+01	1
52	76	60	68	2.63767800000000e+00	2.55435028162291e+01	6.73755354213056e+01	1
53	77	61	69	2.76585600000000e+00	2.55442122463158e+01	7.06516127067461e+01	1
54	78	62	70	2.85398933333333e+00	2.55452830617589e+01	7.29059653752405e+01	1
1	28	10	19	9.91400000000000e-02	2.87283959696228e+01	2.84813317642841e+00	1
2	29	11	20	1.07996666666667e-01	2.87267286338751e+01	3.10239093669640e+00	1
3	30	12	21	1.05559333333333e-01	2.87256865476484e+01	3.03226432151207e+00	1
4	31	13	22	1.13602000000000e-01	2.87249808093084e+01	3.26321526989905e+00	1
5	32	14	23	1.14032000000000e-01	2.87244739050250e+01	3.27550920833781e+00	1
6	33	15	24	1.16838666666667e-01	2.87240935022373e+01	3.35608478601007e+00	1
7	34	16	25	1.21297333333333e-01	2.87237984048484e+01	3.48412014971236e+00	1
8	35	17	26	1.23523333333333e-01	2.87235635894332e+01	3.54803031977875e+00	1
9	36	18	27	1.47711333333333e-01	2.87233730265692e+01	4.24276772758523e+00	1
10	37	19	28	1.70442000000000e-01	2.87232159819096e+01	4.89564237838864e+00	1
11	38	20	29	1.95566000000000e-01	2.87230849934291e+01	5.61725883982495e+00	1
12	39	21	30	2.10743333333333e-01	2.87229747080039e+01	6.05317543321376e+00	1
13	40	22	31	2.24423333333333e-01	2.87228811824769e+01	6.44608473790873e+00	1
14	41	23	32	2.36921333333333e-01	2.87228014475062e+01	6.80504441601177e+00	1
15	42	24	33	2.41343333333333e-01	2.87227332261513e+01	6.93204017924345e+00	1
16	43	25	34	2.51650000000000e-01	2.87226747468688e+01	7.22806110004953e+00	1
17	44	26	35	2.62190000000000e-01	2.87226246159860e+01	7.53078494806537e+00	1
18	45	27	36	2.85688666666667e-01	2.87225817287522e+01	8.20571607731159e+00	1
19	46	28	37	3.09054000000000e-01	2.87225452060975e+01	8.87681748612525e+00	1
20	47	29	38	3.68428000000000e-01	2.87225143489662e+01	1.05821785165609e+01	1
21	48	30	39	4.67884666666667e-01	2.87224886049666e+01	1.34388120067719e+01	1
22	49	31	40	5.90954666666667e-01	2.87224675438679e+01	1.69736762332306e+01	1
23	50	32	41	6.70430666666667e-01	2.87224508396234e+01	1.92564118647093e+01	1
24	51	33	42	7.66500666666667e-01	2.87224382573475e+01	2.20157680725490e+01	1
25	52	34	43	8.37556666666667e-01	2.87224296441818e+01	2.40566624313488e+01	1
26	53	35	44	9.16194666666667e-01	2.87224249233379e+01	2.63153325284959e+01	1
27	54	36	45	9.74787333333333e-01	2.87224240908590e+01	2.79982551863975e+01	1
28	55	37	46	1.02995200000000e+00	2.87224272148423e+01	2.95827213547813e+01	1
29	56	38	47	1.08276133333333e+00	2.87224344370246e+01	3.10995414076121e+01	1
30	57	39	48	1.13654733333333e+00	2.87224459767830e+01	3.26444193817235e+01	1
31	58	40	49	1.15890466666667e+00	2.87224621377546e+01	3.32865954096005e+01	1
32	59	41	50	1.20485333333333e+00	2.87224833174487e+01	3.46063797666392e+01	1
33	60	42	51	1.25285400000000e+00	2.87225100204352e+01	3.59851115691423e+01	1
34	61	43	52	1.30169866666667e+00	2.87225428759669e+01	3.73880957649223e+01	1
35	62	44	53	1.33613266666667e+00	2.87225826612729e+01	3.83771809647604e+01	1
36	63	45	54	1.38283333333333e+00	2.87226303323018e+01	3.97186106445180e+01	1
37	64	46	55	1.45741266666667e+00	2.87226870644902e+01	4.18608079484909e+01	1
38	65	47	56	1.52604400000000e+00	2.87227543073401e+01	4.38321868741905e+01	1
39	66	48	57	1.61396666666667e+00	2.87228338584573e+01	4.63576964197548e+01	1
40	67	49	58	1.72800333333333e+00	2.87229279656845e+01	4.96333152677960e+01	1
41	68	50	59	1.82864666666667e+00	2.87230394708336e+01	5.25242903848750e+01	1
42	69	51	60	1.89879133333333e+00	2.87231720167313e+01	5.45393100912119e+01	1
43	70	52	61	1.96749066666667e+00	2.87233303535593e+01	5.65128843862113e+01	1
44	71	53	62	2.03262600000000e+00	2.87235208061699e+01	5.83841752021619e+01	1
45	72	54	63	2.07327266666667e+00	2.87237520121712e+01	5.95521699309461e+01	1
46	73	55	64	2.08233400000000e+00	2.87240361347139e+01	5.98130370605434e+01	1
47	74	56	65	2.15834466666667e+00	2.87243909475611e+01	6.19971360049168e+01	1
48	75	57	66	2.23946733333333e+00	2.87248436120078e+01	6.43283489242001e+01	1
49	76	58	67	2.26357133333333e+00	2.87254379482940e+01	6.50220778772037e+01	1
50	77	59	68	2.30146466666667e+00	2.87262494710421e+01	6.61124481634555e+01	1
51	78	60	69	2.38877600000000e+00	2.87274189190515e+01	6.86233688557761e+01	1
1	31	11	21	9.27212000000000e-02	3.19114845134976e+01	2.95887113787291e+00	1
2	32	12	22	9.96614000000000e-02	3.19097967162781e+01	3.18017501445968e+00	1
3	33	13	23	1.06517000000000e-01	3.19086839064271e+01	3.39881728366089e+00	1
4	34	14	24	1.15993400000000e-01	3.19078992590865e+01	3.70110572191892e+00	1
5	35	15	25	1.21950800000000e-01	3.19073179576455e+01	3.89112295078924e+00	1
6	36	16	26	1.34772000000000e-01	3.19068711083573e+01	4.30015283301553e+00	1
7	37	17	27	1.45983800000000e-01	3.19065178784321e+01	4.65783472466146e+00	1
8	38	18	28	1.55798800000000e-01	3.19062326150120e+01	4.97095275393973e+00	1
9	39	19	29	1.70109800000000e-01	3.19059984045916e+01	5.42752300740540e+00	1
10	40	20	30	1.78877600000000e-01	3.19058036365422e+01	5.70723358057594e+00	1
11	41	21	31	1.92053400000000e-01	3.19056400664646e+01	6.12758665394075e+00	1
12	42	22	32	2.01471200000000e-01	3.19055016725004e+01	6.42803970856066e+00	1
13	43	23	33	2.11500200000000e-01	3.19053839519638e+01	6.74799508691714e+00	1
14	44	24	34	2.28885800000000e-01	3.19052834731515e+01	7.30266633197907e+00	1
15	45	25	35	2.45710600000000e-01	3.19051975807257e+01	7.83944524067867e+00	1
16	46	26	36	2.70123000000000e-01	3.19051241967031e+01	8.61830786338603e+00	1
17	47	27	37	2.99390800000000e-01	3.19050616828252e+01	9.55208194127037e+00	1
18	48	28	38	3.31954200000000e-01	3.19050087434745e+01	1.05910016534331e+01	1
19	49	29	39	3.99217200000000e-01	3.19049643561073e+01	1.27370105363450e+01	1
20	50	30	40	4.94305000000000e-01	3.19049277208572e+01	1.57707652970583e+01	1
21	51	31	41	5.91798200000000e-01	3.19048982238575e+01	1.88812613400620e+01	1
22	52	32	42	6.71818600000000e-01	3.19048754106651e+01	2.14342887315675e+01	1
23	53	33	43	7.40931600000000e-01	3.19048589673653e+01	2.36393182024643e+01	1
24	54	34	44	7.94239400000000e-01	3.19048487077379e+01	2.53400878947245e+01	1
25	55	35	45	8.42009600000000e-01	3.19048445654321e+01	2.68641854106016e+01	1
26	56	36	46	8.98202400000000e-01	3.19048465905015e+01	2.86570097792203e+01	1
27	57	37	47	9.58586400000000e-01	3.19048549499786e+01	3.05835600490222e+01	1
28	58	38	48	1.01722420000000e+00	3.19048699324415e+01	3.24544057931319e+01	1
29	59	39	49	1.06301040000000e+00	3.19048919567924e+01	3.39152319609467e+01	1
30	60	40	50	1.08974080000000e+00	3.19049215857518e+01	3.47680947727944e+01	1
31	61	41	51	1.11560040000000e+00	3.19049595449104e+01	3.55931856302858e+01	1
32	62	42	52	1.15891720000000e+00	3.19050067486207e+01	3.69752610870926e+01	1
33	63	43	53	1.18524240000000e+00	3.19050643346061e+01	3.78152350241029e+01	1
34	64	44	54	1.24125980000000e+00	3.19051337100230e+01	3.96025598878764e+01	1
35	65	45	55	1.29920360000000e+00	3.19052166129764e+01	4.14513722823588e+01	1
36	66	46	56	1.34210440000000e+00	3.19053151954141e+01	4.28202639071522e+01	1
37	67	47	57	1.40071520000000e+00	3.19054321363380e+01	4.46904237559371e+01	1
38	68	48	58	1.46691440000000e+00	3.19055707991115e+01	4.68027412454362e+01	1
39	69	49	59	1.53993780000000e+00	3.19057354546528e+01	4.91328480634200e+01	1
40	70	50	60	1.62908980000000e+00	3.19059316059576e+01	5.19776277387632e+01	1
41	71	51	61	1.68513980000000e+00	3.19061664734926e+01	5.37663509899081e+01	1
42	72	52	62	1.71727920000000e+00	3.19064497450801e+01	5.47922824930714e+01	1
43	73	53	63	1.80005780000000e+00	3.19067947779937e+01	5.74340748131269e+01	1
44	74	54	64	1.85478640000000e+00	3.19072206090566e+01	5.91810788474779e+01	1
45	75	55	65	1.90205840000000e+00	3.19077554828640e+01	6.06904143413275e+01	1
46	76	56	66	1.95279340000000e+00	3.19084434019987e+01	6.23105976796966e+01	1
47	77	57	67	1.97066900000000e+00	3.19093570996936e+01	6.28827808462961e+01	1
48	78	58	68	2.02961500000000e+00	3.19106254041369e+01	6.47662839796173e+01	1
1	34	12	23	9.75496000000000e-02	3.50957918430050e+01	3.42358045596840e+00	1
2	35	13	24	1.05704000000000e-01	3.50940742298394e+01	3.70958402239094e+00	1
3	36	14	25	1.12232200000000e-01	3.50928902466394e+01	3.93855227673889e+00	1
4	37	15	26	1.21781800000000e-01	3.50920269505501e+01	4.27357020768651e+00	1
5	38	16	27	1.33701200000000e-01	3.50913707738711e+01	4.69175838211150e+00	1
6	39	17	28	1.43762000000000e-01	3.50908562871771e+01	5.04473168155716e+00	1
7	40	18	29	1.55051000000000e-01	3.50904433023757e+01	5.44080832447665e+00	1
8	41	19	30	1.63201000000000e-01	3.50901057978392e+01	5.72674035631316e+00	1
9	42	20	31	1.71170400000000e-01	3.50898261702322e+01	6.00633958148912e+00	1
10	43	21	32	1.80692800000000e-01	3.50895920685691e+01	6.34043664172754e+00	1
11	44	22	33	1.89233800000000e-01	3.50893945602470e+01	6.64009947233487e+00	1
12	45	23	34	2.04774200000000e-01	3.50892270214798e+01	7.18536839194190e+00	1
13	46	24	35	2.20973400000000e-01	3.50890844401549e+01	7.75375429162812e+00	1
14	47	25	36	2.41560200000000e-01	3.50889629631352e+01	8.47609691116753e+00	1
15	48	26	37	2.72571600000000e-01	3.50888595937392e+01	9.56422660164083e+00	1
16	49	27	38	2.93673000000000e-01	3.50887719845411e+01	1.03046249350161e+01	1
17	50	28	39	3.58524800000000e-01	3.50886982925222e+01	1.25801685375869e+01	1
18	51	29	40	4.54692400000000e-01	3.50886370761870e+01	1.59545366049004e+01	1
19	52	30	41	5.29995800000000e-01	3.50885872217312e+01	1.85968038554512e+01	1
20	53	31	42	6.00197000000000e-01	3.50885478899065e+01	2.10600411778782e+01	1
21	54	32	43	6.45482400000000e-01	3.50885184781005e+01	2.26490211196887e+01	1
22	55	33	44	6.86184600000000e-01	3.50884985940097e+01	2.40771873723311e+01	1
23	56	34	45	7.41677200000000e-01	3.50884880385295e+01	2.60243315606501e+01	1
24	57	35	46	7.95327800000000e-01	3.50884867963590e+01	2.79068490090773e+01	1
25	58	36	47	8.44388400000000e-01	3.50884950334668e+01	2.96283181797170e+01	1
26	59	37	48	8.89282000000000e-01	3.50885131010851e+01	3.12035831075592e+01	1
27	60	38	49	9.45977000000000e-01	3.50885415463711e+01	3.31929532664115e+01	1
28	61	39	50	9.93042600000000e-01	3.50885811303458e+01	3.48444558359895e+01	1
29	62	40	51	1.02996040000000e+00	3.50886328542671e+01	3.61399023300341e+01	1
30	63	41	52	1.05785620000000e+00	3.50886979962752e+01	3.71187967252873e+01	1
31	64	42	53	1.08962820000000e+00	3.50887781610736e+01	3.82337221878499e+01	1
32	65	43	54	1.13529460000000e+00	3.50888753467293e+01	3.98362107012149e+01	1
33	66	44	55	1.17783980000000e+00	3.50889920346364e+01	4.13292113602777e+01	1
34	67	45	56	1.21756240000000e+00	3.50891313116824e+01	4.27232069337671e+01	1
35	68	46	57	1.26920200000000e+00	3.50892970384002e+01	4.45354059797316e+01	1
36	69	47	58	1.30673340000000e+00	3.50894940845767e+01	4.58526139094188e+01	1
37	70	48	59	1.34658600000000e+00	3.50897286666728e+01	4.72513373663403e+01	1
38	71	49	60	1.38745600000000e+00	3.50900088436862e+01	4.86858433102254e+01	1
39	72	50	61	1.42181580000000e+00	3.50903452679886e+01	4.98920073294815e+01	1
40	73	51	62	1.49409340000000e+00	3.50907523620009e+01	5.24288615050999e+01	1
41	74	52	63	1.58596600000000e+00	3.50912502362170e+01	5.56535297721321e+01	1
42	75	53	64	1.63906660000000e+00	3.50918679598582e+01	5.75179087046137e+01	1
43	76	54	65	1.67748380000000e+00	3.50926494344796e+01	5.88673509254187e+01	1
44	77	55	66	1.72006860000000e+00	3.50936645791444e+01	6.03635105015185e+01	1
45	78	56	67	1.74373560000000e+00	3.50950317469456e+01	6.11964562402792e+01	1
1	37	13	25	1.04440000000000e-01	3.82814223903850e+01	3.99811175445181e+00	1
2	38	14	26	1.13016600000000e-01	3.82796669735558e+01	4.32623781048357e+00	1
3	39	15	27	1.23625800000000e-01	3.82784113343049e+01	4.73219922393252e+00	1
4	40	16	28	1.27383000000000e-01	3.82774699718892e+01	4.87589895742917e+00	1
5	41	17	29	1.37021000000000e-01	3.82767391707034e+01	5.24471707790896e+00	1
6	42	18	30	1.44696200000000e-01	3.82761568432734e+01	5.53841444582565e+00	1
7	43	19	31	1.53105800000000e-01	3.82756836148167e+01	5.86022916039340e+00	1
8	44	20	32	1.64788800000000e-01	3.82752932936978e+01	6.30733965151652e+00	1
9	45	21	33	1.72225600000000e-01	3.82749677546469e+01	6.59192928652472e+00	1
10	46	22	34	1.87248200000000e-01	3.82746940376020e+01	7.16686756409171e+00	1
11	47	23	35	2.01585800000000e-01	3.82744626241912e+01	7.71558816766768e+00	1
12	48	24	36	2.19850000000000e-01	3.82742663716709e+01	8.41459746181185e+00	1
13	49	25	37	2.49235600000000e-01	3.82740998300263e+01	9.53926823559650e+00	1
14	50	26	38	2.67165800000000e-01	3.82739587910638e+01	1.02254928195816e+01	1
15	51	27	39	3.21979000000000e-01	3.82738399829030e+01	1.23233727238551e+01	1
16	52	28	40	4.01973600000000e-01	3.82737408585490e+01	1.53850333983780e+01	1
17	53	29	41	4.74558000000000e-01	3.82736594472181e+01	1.81630712799529e+01	1
18	54	30	42	5.40986800000000e-01	3.82735942487934e+01	2.07055092771531e+01	1
19	55	31	43	5.81726600000000e-01	3.82735441588686e+01	2.22647387134885e+01	1
20	56	32	44	6.19803400000000e-01	3.82735084162454e+01	2.37220506463175e+01	1
21	57	33	45	6.60376000000000e-01	3.82734865675936e+01	2.52748919655612e+01	1
22	58	34	46	7.06585400000000e-01	3.82734784458840e+01	2.70434810770763e+01	1
23	59	35	47	7.54362200000000e-01	3.82734841605435e+01	2.88720697130127e+01	1
24	60	36	48	7.99645000000000e-01	3.82735040982983e+01	3.06052161846838e+01	1
25	61	37	49	8.42137400000000e-01	3.82735389345172e+01	3.22315785671131e+01	1
26	62	38	50	8.92373800000000e-01	3.82735896556704e+01	3.41543486406712e+01	1
27	63	39	51	9.37505600000000e-01	3.82736575943918e+01	3.58817683272249e+01	1
28	64	40	52	9.72613000000000e-01	3.82737444796869e+01	3.72255414396217e+01	1
29	65	41	53	1.00166300000000e+00	3.82738525062389e+01	3.83375019229568e+01	1
30	66	42	54	1.03564260000000e+00	3.82739844287697e+01	3.96381687461706e+01	1
31	67	43	55	1.07885680000000e+00	3.82741436903865e+01	4.12923201845506e+01	1
32	68	44	56	1.11614480000000e+00	3.82743345984401e+01	4.27196995355090e+01	1
33	69	45	57	1.14826360000000e+00	3.82745625687402e+01	4.39492870036069e+01	1
34	70	46	58	1.18253920000000e+00	3.82748344710001e+01	4.52614921354688e+01	1
35	71	47	59	1.21474300000000e+00	3.82751591287836e+01	4.64944816255760e+01	1
36	72	48	60	1.22903880000000e+00	3.82755480630443e+01	4.70421336607463e+01	1
37	73	49	61	1.25498020000000e+00	3.82760166335767e+01	4.80356430100094e+01	1
38	74	50	62	1.29804180000000e+00	3.82765858565445e+01	4.96846084030835e+01	1
39	75	51	63	1.36646360000000e+00	3.82772854223599e+01	5.23045172364654e+01	1
40	76	52	64	1.42161380000000e+00	3.82781589523688e+01	5.44167590052811e+01	1
41	77	53	65	1.46847700000000e+00	3.82792736556855e+01	5.62122329400801e+01	1
42	78	54	66	1.52209660000000e+00	3.82807387801992e+01	5.82669823428294e+01	1
1	40	14	27	1.17162600000000e-01	4.14684172808367e+01	4.85854758650776e+00	1
2	41	15	28	1.17548400000000e-01	4.14666178551134e+01	4.87433458228001e+00	1
3	42	16	29	1.20841000000000e-01	4.14652906440755e+01	5.01070718672073e+00	1
4	43	17	30	1.25089400000000e-01	4.14642725311531e+01	5.18674097235843e+00	1
5	44	18	31	1.36418600000000e-01	4.14634683883192e+01	5.65638830867876e+00	1
6	45	19	32	1.46289200000000e-01	4.14628192805247e+01	6.06556266229254e+00	1
7	46	20	33	1.58173400000000e-01	4.14622867486505e+01	6.55823086680900e+00	1
8	47	21	34	1.69898200000000e-01	4.14618445927402e+01	7.04429276498629e+00	1
9	48	22	35	1.83828000000000e-01	4.14614743213038e+01	7.62177990153664e+00	1
10	49	23	36	2.00913600000000e-01	4.14611625016261e+01	8.33011141838670e+00	1
11	50	24	37	2.17494800000000e-01	4.14608991489165e+01	9.01752996821376e+00	1
12	51	25	38	2.47105600000000e-01	4.14606767098216e+01	1.02451653947865e+01	1
13	52	26	39	2.93144200000000e-01	4.14604894001011e+01	1.21539019968011e+01	1
14	53	27	40	3.56392600000000e-01	4.14603327612233e+01	1.47761557896376e+01	1
15	54	28	41	4.14892800000000e-01	4.14602033569427e+01	1.72015398593313e+01	1
16	55	29	42	4.67831200000000e-01	4.14600985623257e+01	1.93963276625311e+01	1
17	56	30	43	5.20321000000000e-01	4.14600164158363e+01	2.15725172015044e+01	1
18	57	31	44	5.60313400000000e-01	4.14599555159269e+01	2.32305686389777e+01	1
19	58	32	45	5.96894200000000e-01	4.14599149502759e+01	2.47471827663130e+01	1
20	59	33	46	6.36301000000000e-01	4.14598942500971e+01	2.63809721712310e+01	1
21	60	34	47	6.76938400000000e-01	4.14598933648130e+01	2.80657938785471e+01	1
22	61	35	48	7.25900400000000e-01	4.14599126544355e+01	3.00957671798198e+01	1
23	62	36	49	7.75805600000000e-01	4.14599528985781e+01	3.21648636344531e+01	1
24	63	37	50	8.13963600000000e-01	4.14600153224285e+01	3.37469433278991e+01	1
25	64	38	51	8.55062400000000e-01	4.14601016414162e+01	3.54509740137533e+01	1
26	65	39	52	8.91234400000000e-01	4.14602141279550e+01	3.69507690621995e+01	1
27	66	40	53	9.19427800000000e-01	4.14603557057688e+01	3.81198036337725e+01	1
28	67	41	54	9.59745000000000e-01	4.14605300803134e+01	3.97915364419304e+01	1
29	68	42	55	9.99258000000000e-01	4.14607419182731e+01	4.14299780477697e+01	1
30	69	43	56	1.02378280000000e+00	4.14609970960553e+01	4.24470556977914e+01	1
31	70	44	57	1.05392640000000e+00	4.14613030483733e+01	4.36971618610811e+01	1
32	71	45	58	1.08059400000000e+00	4.14616692665853e+01	4.48032310394565e+01	1
33	72	46	59	1.09831620000000e+00	4.14621080284278e+01	4.55385049337723e+01	1
34	73	47	60	1.12522980000000e+00	4.14626354977827e+01	4.66549930486430e+01	1
35	74	48	61	1.15030340000000e+00	4.14632734388253e+01	4.76953444118104e+01	1
36	75	49	62	1.17133020000000e+00	4.14640519934509e+01	4.85680963142992e+01	1
37	76	50	63	1.20556220000000e+00	4.14650143849385e+01	4.99886539649381e+01	1
38	77	51	64	1.22658920000000e+00	4.14662252771479e+01	5.08620240897166e+01	1
39	78	52	65	1.27262440000000e+00	4.14677860414113e+01	5.27729163302794e+01	1
1	43	15	29	1.14031200000000e-01	4.46567602083639e+01	5.09226395467199e+00	1
2	44	16	30	1.21493000000000e-01	4.46549126696050e+01	5.42525930496832e+00	1
3	45	17	31	1.27196600000000e-01	4.46535150814234e+01	5.67977529640578e+00	1
4	46	18	32	1.37266600000000e-01	4.46524227343302e+01	6.12928625050422e+00	1
5	47	19	33	1.45857800000000e-01	4.46515479878790e+01	6.51277655610646e+00	1
6	48	20	34	1.54295800000000e-01	4.46508348556881e+01	6.88943628472628e+00	1
7	49	21	35	1.65388800000000e-01	4.46502458671027e+01	7.38465058366508e+00	1
8	50	22	36	1.78007800000000e-01	4.46497549623357e+01	7.94800465138446e+00	1
9	51	23	37	2.01239000000000e-01	4.46493434444701e+01	8.98518922542172e+00	1
10	52	24	38	2.26290000000000e-01	4.46489975645739e+01	1.01036216588874e+01	1
11	53	25	39	2.66413200000000e-01	4.46487070227313e+01	1.18950049137883e+01	1
12	54	26	40	3.30876800000000e-01	4.46484640054585e+01	1.47731408950413e+01	1
13	55	27	41	3.84464000000000e-01	4.46482625497276e+01	1.71656496129185e+01	1
14	56	28	42	4.37194000000000e-01	4.46480981131546e+01	1.95198806064825e+01	1
15	57	29	43	4.78121200000000e-01	4.46479672789033e+01	2.13471396929500e+01	1
16	58	30	44	5.06300000000000e-01	4.46478675517342e+01	2.26052153414430e+01	1
17	59	31	45	5.42629000000000e-01	4.46477972180863e+01	2.42271895566530e+01	1
18	60	32	46	5.84620800000000e-01	4.46477552531351e+01	2.61020063942920e+01	1
19	61	33	47	6.25243400000000e-01	4.46477412641842e+01	2.79157055503388e+01	1
20	62	34	48	6.63054800000000e-01	4.46477554640529e+01	2.96039085696665e+01	1
21	63	35	49	7.02948400000000e-01	4.46477986712451e+01	3.13850986394739e+01	1
22	64	36	50	7.50731200000000e-01	4.46478723362121e+01	3.35185507764113e+01	1
23	65	37	51	8.03880200000000e-01	4.46479785953757e+01	3.58916259628463e+01	1
24	66	38	52	8.53450000000000e-01	4.46481203571621e+01	3.81049383188200e+01	1
25	67	39	53	8.85203600000000e-01	4.46483014275185e+01	3.95228371575245e+01	1
26	68	40	54	9.11278600000000e-01	4.46485266868624e+01	4.06872468912666e+01	1
27	69	41	55	9.26568200000000e-01	4.46488023370673e+01	4.13701604136122e+01	1
28	70	42	56	9.50913400000000e-01	4.46491362474763e+01	4.24574619561510e+01	1
29	71	43	57	9.87118800000000e-01	4.46495384458339e+01	4.40743988112054e+01	1
30	72	44	58	9.94839000000000e-01	4.46500218284844e+01	4.44195830658276e+01	1
31	73	45	59	1.01106040000000e+00	4.46506032138935e+01	4.51444567456804e+01	1
32	74	46	60	1.03946520000000e+00	4.46513049536664e+01	4.64134776339239e+01	1
33	75	47	61	1.06306280000000e+00	4.46521574852786e+01	4.74680475623412e+01	1
34	76	48	62	1.08504160000000e+00	4.46532035447608e+01	4.84505834193329e+01	1
35	77	49	63	1.11772640000000e+00	4.46545054273094e+01	4.99115195950470e+01	1
36	78	50	64	1.13191640000000e+00	4.46561576878318e+01	5.05470372478429e+01	1
1	46	16	31	1.06536600000000e-01	4.78463946594335e+01	5.09739220927421e+00	1
2	47	17	32	1.27486400000000e-01	4.78444973690106e+01	6.09952272938464e+00	1
4	49	19	34	1.44180000000000e-01	4.78418700494513e+01	6.89784082372988e+00	1
5	50	20	35	1.43177333333333e-01	4.78409295122608e+01	6.84973671175347e+00	1
6	51	21	36	1.54286000000000e-01	4.78401574800168e+01	7.38106653696187e+00	1
7	52	22	37	1.85348666666667e-01	4.78395175462983e+01	8.86699079118299e+00	1
8	53	23	38	2.08370666666667e-01	4.78389839528686e+01	9.96824097891520e+00	1
9	54	24	39	2.40540000000000e-01	4.78385379864001e+01	1.15070819272487e+01	1
10	55	25	40	3.09348666666667e-01	4.78381657814225e+01	1.47986728002620e+01	1
11	56	26	41	3.62337333333333e-01	4.78378569316536e+01	1.73334415129969e+01	1
12	57	27	42	4.15736000000000e-01	4.78376035856463e+01	1.98878139642822e+01	1
13	58	28	43	4.47121333333333e-01	4.78373998439408e+01	2.13891220014226e+01	1
14	59	29	44	4.58592666666667e-01	4.78372413509907e+01	2.19378080771278e+01	1
15	60	30	45	5.01410666666667e-01	4.78371250177711e+01	2.39860447465773e+01	1
16	61	31	46	5.43602666666667e-01	4.78370488357998e+01	2.60043473126043e+01	1
17	62	32	47	5.91085333333333e-01	4.78370117583452e+01	2.82757560408521e+01	1
18	63	33	48	6.00358000000000e-01	4.78370136341426e+01	2.87193338313666e+01	1
19	64	34	49	6.45205333333333e-01	4.78370551854093e+01	3.08647231365871e+01	1
20	65	35	50	6.91028666666667e-01	4.78371380267667e+01	3.30568337077859e+01	1
21	66	36	51	7.62340666666667e-01	4.78372647257895e+01	3.64682922825682e+01	1
22	67	37	52	8.39145333333333e-01	4.78374389100556e+01	4.01425636199916e+01	1
23	68	38	53	8.53828000000000e-01	4.78376654305044e+01	4.08451381991967e+01	1
24	69	39	54	8.57899333333333e-01	4.78379505975874e+01	4.10401459257032e+01	1
25	70	40	55	8.60772666666667e-01	4.78383025165520e+01	4.11779032259792e+01	1
26	71	41	56	9.00933333333333e-01	4.78387315636687e+01	4.30995078900946e+01	1
27	72	42	57	9.45105333333333e-01	4.78392510706116e+01	4.52131313295074e+01	1
28	73	43	58	9.70729333333333e-01	4.78398783275534e+01	4.64395731956537e+01	1
29	74	44	59	9.49760000000000e-01	4.78406360924095e+01	4.54371225351268e+01	1
30	75	45	60	9.68129333333333e-01	4.78415549352063e+01	4.63168126850513e+01	1
31	76	46	61	9.93682666666667e-01	4.78426770166581e+01	4.75404388783848e+01	1
32	77	47	62	1.04303800000000e+00	4.78440624185829e+01	4.99031751769539e+01	1
33	78	48	63	1.07425266666667e+00	4.78457997655069e+01	5.13984779868951e+01	1
1	49	17	33	8.71506666666667e-02	5.10372413461345e+01	4.44792960814318e+00	1
2	50	18	34	1.28042666666667e-01	5.10352956676268e+01	6.53469535140472e+00	1
3	51	19	35	1.39405333333333e-01	5.10337685350980e+01	7.11437951389151e+00	1
4	52	20	36	1.58210000000000e-01	5.10325433465907e+01	8.07385868286411e+00	1
5	53	21	37	1.63410000000000e-01	5.10315448430132e+01	8.33906474279679e+00	1
6	54	22	38	1.89944000000000e-01	5.10307224531285e+01	9.69297954563703e+00	1
7	55	23	39	2.20194666666667e-01	5.10300409481367e+01	1.12365428565613e+01	1
8	56	24	40	2.43198000000000e-01	5.10294750791160e+01	1.24102662802909e+01	1
9	57	25	41	2.90669333333333e-01	5.10290063680941e+01	1.48325672616763e+01	1
10	58	26	42	3.35118000000000e-01	5.10286211141563e+01	1.71006094505338e+01	1
11	59	27	43	3.89778666666667e-01	5.10283091151511e+01	1.98897462891581e+01	1
12	60	28	44	4.27308000000000e-01	5.10280628283398e+01	2.18046994710522e+01	1
13	61	29	45	4.36551333333333e-01	5.10278768112099e+01	2.22762876591027e+01	1
14	62	30	46	4.58376000000000e-01	5.10277473486617e+01	2.33898947186902e+01	1
15	63	31	47	4.98994666666667e-01	5.10276722101254e+01	2.54625362852674e+01	1
16	64	32	48	5.57347333333333e-01	5.10276505025740e+01	2.84401249338749e+01	1
17	65	33	49	5.87700000000000e-01	5.10276825996370e+01	2.99889690638066e+01	1
18	66	34	50	6.15454666666667e-01	5.10277701367950e+01	3.14052792602845e+01	1
19	67	35	51	6.28188000000000e-01	5.10279160702350e+01	3.20551245403288e+01	1
20	68	36	52	6.75086000000000e-01	5.10281248039116e+01	3.44483726613735e+01	1
21	69	37	53	7.30390666666667e-01	5.10284023970747e+01	3.72706688457343e+01	1
22	70	38	54	7.86788000000000e-01	5.10287568745452e+01	4.01488135638097e+01	1
23	71	39	55	8.14814000000000e-01	5.10291986766311e+01	4.15793054905005e+01	1
24	72	40	56	7.97034666666667e-01	5.10297413085306e+01	4.06724728539310e+01	1
25	73	41	57	7.91690666666667e-01	5.10304022871024e+01	4.04002932069443e+01	1
26	74	42	58	8.39426000000000e-01	5.10312045486430e+01	4.28369199094492e+01	1
27	75	43	59	8.78134666666667e-01	5.10321785994497e+01	4.48131251437015e+01	1
28	76	44	60	8.94295333333333e-01	5.10333659100130e+01	4.56389009776171e+01	1
29	77	45	61	8.79884000000000e-01	5.10348244555073e+01	4.49047254812096e+01	1
30	78	46	62	8.61078666666667e-01	5.10366376428726e+01	4.39465598926745e+01	1
1	52	18	35	1.51058000000000e-01	5.42292123097894e+01	8.19175635309217e+00	1
2	53	19	36	1.40898666666667e-01	5.42272234628881e+01	7.64054348295632e+00	1
3	54	20	37	1.55823333333333e-01	5.42256432763337e+01	8.44962048746258e+00	1
4	55	21	38	1.63774000000000e-01	5.42243660839330e+01	8.88054133103004e+00	1
5	56	22	39	1.91910666666667e-01	5.42233218922666e+01	1.04060338532261e+01	1
6	57	23	40	2.62732666666667e-01	5.42224627500717e+01	1.42460122315603e+01	1
7	58	24	41	2.99234000000000e-01	5.42217548025336e+01	1.62249925765813e+01	1
8	59	25	42	3.29394666666667e-01	5.42211736140077e+01	1.78601654088615e+01	1
9	60	26	43	3.36400000000000e-01	5.42207013128082e+01	1.82398439216287e+01	1
10	61	27	44	3.72480000000000e-01	5.42203247912861e+01	2.01959865782583e+01	1
11	62	28	45	4.31285333333333e-01	5.42200345433654e+01	2.33843056713802e+01	1
12	63	29	46	4.61158666666667e-01	5.42198239038873e+01	2.50039416984181e+01	1
13	64	30	47	4.85975333333333e-01	5.42196885530372e+01	2.63494312177918e+01	1
14	65	31	48	5.15904666666667e-01	5.42196262052094e+01	2.79721581841898e+01	1
15	66	32	49	5.55372000000000e-01	5.42196364350995e+01	3.01120679262341e+01	1
16	67	33	50	6.09877333333333e-01	5.42197206151097e+01	3.30673786228214e+01	1
17	68	34	51	6.64961333333333e-01	5.42198819531983e+01	3.60541249967747e+01	1
18	69	35	52	6.90706000000000e-01	5.42201256327032e+01	3.74501660952619e+01	1
19	70	36	53	7.06174666666667e-01	5.42204590681565e+01	3.82891146089691e+01	1
20	71	37	54	7.11058000000000e-01	5.42208923064075e+01	3.85541992416095e+01	1
21	72	38	55	7.23060000000000e-01	5.42214386241178e+01	3.92053534115546e+01	1
22	73	39	56	7.66403333333333e-01	5.42221154067384e+01	4.15560099881090e+01	1
23	74	40	57	8.31154666666667e-01	5.42229454508720e+01	4.50676541519044e+01	1
24	75	41	58	8.28846000000000e-01	5.42239589310519e+01	4.49433114641666e+01	1
25	76	42	59	8.25648000000000e-01	5.42251964503455e+01	4.47709249988349e+01	1
26	77	43	60	8.23895333333333e-01	5.42267139055520e+01	4.46771365287861e+01	1
27	78	44	61	8.57188000000000e-01	5.42285900225691e+01	4.64840966242660e+01	1
1	55	19	37	1.69108000000000e-01	5.74222216749837e+01	9.71055706301315e+00	1
2	56	20	38	1.61606666666667e-01	5.74202001065086e+01	9.27948713854583e+00	1
3	57	21	39	1.90170666666667e-01	5.74185812071118e+01	1.09193298672106e+01	1
4	58	22	40	2.20898666666667e-01	5.74172688402343e+01	1.26833981304493e+01	1
5	59	23	41	2.48374666666667e-01	5.74161979450880e+01	1.42607290258786e+01	1
6	60	24	42	2.63220666666667e-01	5.74153233169606e+01	1.51128996803726e+01	1
7	61	25	43	2.94309333333333e-01	5.74146128245130e+01	1.68976564239739e+01	1
8	62	26	44	3.58422666666667e-01	5.74140433284221e+01	2.05784945138886e+01	1
9	63	27	45	3.84593333333333e-01	5.74135981526928e+01	2.20808870922046e+01	1
10	64	28	46	3.93909333333333e-01	5.74132654806169e+01	2.26156211299595e+01	1
11	65	29	47	4.23289333333333e-01	5.74130373263945e+01	2.43023262945313e+01	1
12	66	30	48	4.76660000000000e-01	5.74129088836635e+01	2.73664371484870e+01	1
13	67	31	49	5.22164000000000e-01	5.74128781364350e+01	2.99789380992334e+01	1
14	68	32	50	5.51136666666667e-01	5.74129456679371e+01	3.16423794989413e+01	1
15	69	33	51	5.58061333333333e-01	5.74131146351246e+01	3.20400393040971e+01	1
16	70	34	52	5.72455333333333e-01	5.74133909003946e+01	3.28666018256824e+01	1
17	71	35	53	5.91562000000000e-01	5.74137833333975e+01	3.39638124962713e+01	1
18	72	36	54	6.35086666666667e-01	5.74143043198527e+01	3.64630591494808e+01	1
19	73	37	55	6.93373333333333e-01	5.74149705469931e+01	3.98100095114038e+01	1
20	74	38	56	7.25514666666667e-01	5.74158041858302e+01	4.16560080352812e+01	1
21	75	39	57	7.22171333333333e-01	5.74168346747831e+01	4.14647920528677e+01	1
22	76	40	58	7.20692000000000e-01	5.74181014554946e+01	4.13807663741633e+01	1
23	77	41	59	7.50042666666667e-01	5.74196582528363e+01	4.30671935950460e+01	1
24	78	42	60	7.82960000000000e-01	5.74215794553495e+01	4.49587998503605e+01	1
1	58	20	39	1.75984000000000e-01	6.06161945746042e+01	1.06674803860171e+01	1
2	59	21	40	1.98702000000000e-01	6.06141581528536e+01	1.20441544532883e+01	1
3	60	22	41	2.26103333333333e-01	6.06125228481601e+01	1.37046934577118e+01	1
4	61	23	42	2.43525333333333e-01	6.06112011153079e+01	1.47603629553391e+01	1
5	62	24	43	2.80622000000000e-01	6.06101327758659e+01	1.70085366798290e+01	1
6	63	25	44	3.35148000000000e-01	6.06092757478543e+01	2.03130775483419e+01	1
7	64	26	45	3.54401333333333e-01	6.06086002477819e+01	2.14797687392809e+01	1
8	65	27	46	3.76506000000000e-01	6.06080852450111e+01	2.28193077432581e+01	1
9	66	28	47	3.98042000000000e-01	6.06077162543821e+01	2.41244165933268e+01	1
10	67	29	48	4.46864666666667e-01	6.06074839536877e+01	2.70833431144700e+01	1
11	68	30	49	4.88413333333333e-01	6.06073833381655e+01	2.96014541208045e+01	1
12	69	31	50	5.17562000000000e-01	6.06074132506767e+01	3.13680940168467e+01	1
13	70	32	51	5.27371333333333e-01	6.06075762015324e+01	3.19626982715038e+01	1
14	71	33	52	5.34932666666667e-01	6.06078784417565e+01	3.24211340358580e+01	1
15	72	34	53	5.44953333333333e-01	6.06083302929095e+01	3.30287116208887e+01	1
16	73	35	54	5.83342000000000e-01	6.06089467760536e+01	3.53557442302367e+01	1
17	74	36	55	6.47308666666667e-01	6.06097486325727e+01	3.92332155743524e+01	1
18	75	37	56	6.82004000000000e-01	6.06107639047028e+01	4.13367834260629e+01	1
19	76	38	57	6.79305333333333e-01	6.06120303659735e+01	4.11740754917678e+01	1
20	77	39	58	6.92130666666667e-01	6.06135992791227e+01	4.19525308781254e+01	1
21	78	40	59	7.06432000000000e-01	6.06155408017741e+01	4.28207577196789e+01	1
1	61	21	41	2.40718666666667e-01	6.38110764601600e+01	1.53605172440544e+01	1
2	62	22	42	2.60886666666667e-01	6.38090539916287e+01	1.66469313990294e+01	1
3	63	23	43	2.64952000000000e-01	6.38074367422008e+01	1.69059079797196e+01	1
4	64	24	44	2.99256666666667e-01	6.38061453397211e+01	1.90944143672138e+01	1
5	65	25	45	3.51395333333333e-01	6.38051248509285e+01	2.24208231153670e+01	1
6	66	26	46	3.75919333333333e-01	6.38043371222569e+01	2.39852838747740e+01	1
7	67	27	47	3.95649333333333e-01	6.38037558478551e+01	2.52439134653666e+01	1
8	68	28	48	4.22117333333333e-01	6.38033635419790e+01	2.69325056760374e+01	1
9	69	29	49	4.56448000000000e-01	6.38031496920044e+01	2.91228200706160e+01	1
10	70	30	50	5.00406000000000e-01	6.38031096798476e+01	3.19274589024538e+01	1
11	71	31	51	5.31566666666667e-01	6.38032442474409e+01	3.39156778671313e+01	1
12	72	32	52	5.39183333333333e-01	6.38035593963454e+01	3.44018158338529e+01	1
13	73	33	53	5.42107333333333e-01	6.38040666911129e+01	3.45886524497414e+01	1
14	74	34	54	5.57086000000000e-01	6.38047840053081e+01	3.55447519023811e+01	1
15	75	35	55	5.81313333333333e-01	6.38057368281048e+01	3.70911255613350e+01	1
16	76	36	56	6.38640666666667e-01	6.38069603592528e+01	4.07497197018068e+01	1
17	77	37	57	6.68768000000000e-01	6.38085027694127e+01	4.26730847800946e+01	1
18	78	38	58	6.77660666666667e-01	6.38104297549346e+01	4.32418183680155e+01	1
1	64	22	43	2.94492666666667e-01	6.70068455680987e+01	1.97330246362709e+01	1
2	65	23	44	2.98152000000000e-01	6.70048824902851e+01	1.99776397242435e+01	1
3	66	24	45	2.93320000000000e-01	6.70033366856023e+01	1.96534187166209e+01	1
4	67	25	46	3.28672666666667e-01	6.70021372279320e+01	2.20217711150703e+01	1
5	68	26	47	3.69195333333333e-01	6.70012354741558e+01	2.47365434646261e+01	1
6	69	27	48	3.93214666666667e-01	6.70005987953656e+01	2.63456181217867e+01	1
7	70	28	49	4.06612000000000e-01	6.70002064734536e+01	2.72430879545839e+01	1
8	71	29	50	4.15366000000000e-01	6.70000472576625e+01	2.78295416292262e+01	1
9	72	30	51	4.40308000000000e-01	6.70001180258258e+01	2.95006879677153e+01	1
10	73	31	52	4.89739333333333e-01	6.70004232478612e+01	3.28127426144587e+01	1
11	74	32	53	5.34556000000000e-01	6.70009751237446e+01	3.58157732582484e+01	1
12	75	33	54	5.71439333333333e-01	6.70017944007336e+01	3.82874607244923e+01	1
13	76	34	55	5.96416000000000e-01	6.70029120029871e+01	3.99616087651735e+01	1
14	77	35	56	5.85612000000000e-01	6.70043717422580e+01	3.92385641447272e+01	1
15	78	36	57	5.84688000000000e-01	6.70062340701737e+01	3.91777409860217e+01	1
1	67	23	45	3.01362000000000e-01	7.02035323079841e+01	2.11566769033987e+01	1
2	68	24	46	3.27417333333333e-01	7.02017000955464e+01	2.29852534407502e+01	1
3	69	25	47	3.45146000000000e-01	7.02003093452773e+01	2.42293559692851e+01	1
4	70	26	48	3.64391333333333e-01	7.01992989518296e+01	2.55800161441225e+01	1
5	71	27	49	3.82868000000000e-01	7.01986288705123e+01	2.68768086383953e+01	1
6	72	28	50	4.09612000000000e-01	7.01982751740250e+01	2.87540558905827e+01	1
7	73	29	51	4.46932000000000e-01	7.01982269022729e+01	3.13738339458867e+01	1
8	74	30	52	4.83047333333333e-01	7.01984844847473e+01	3.39091907343985e+01	1
9	75	31	53	5.28622666666667e-01	7.01990593755858e+01	3.71088139646139e+01	1
10	76	32	54	5.52028666666667e-01	7.01999747848851e+01	3.87523984805338e+01	1
11	77	33	55	5.51517333333333e-01	7.02012675852640e+01	3.87172158952446e+01	1
12	78	34	56	5.60960666666667e-01	7.02029911588273e+01	3.93811167224499e+01	1
1	70	24	47	3.29019333333333e-01	7.34012515258791e+01	2.41504308428771e+01	1
2	71	25	48	3.47595333333333e-01	7.33996637595598e+01	2.55133805910588e+01	1
3	72	26	49	3.65074000000000e-01	7.33985615082371e+01	2.67959064440582e+01	1
4	73	27	50	3.77939333333333e-01	7.33978969321666e+01	2.77399522346118e+01	1
5	74	28	51	3.75181333333333e-01	7.33976435220311e+01	2.75374257601203e+01	1
6	75	29	52	4.07384666666667e-01	7.33977927374104e+01	2.99011353283990e+01	1
7	76	30	53	4.49326666666667e-01	7.33983523707837e+01	3.29798370095897e+01	1
8	77	31	54	4.91260000000000e-01	7.33993467359093e+01	3.60581630774828e+01	1
9	78	32	55	5.15566666666667e-01	7.34008180797433e+01	3.78430151079796e+01	1
1	73	25	49	3.06542000000000e-01	7.66002585319564e+01	2.34811964509030e+01	1
2	74	26	50	3.77006000000000e-01	7.65990997784534e+01	2.88783202110756e+01	1
3	75	27	51	4.19222666666667e-01	7.65985055042982e+01	3.21118297401933e+01	1
4	76	28	52	4.47196666666667e-01	7.65984491025234e+01	3.42545711104848e+01	1
5	77	29	53	4.59436666666667e-01	7.65989286843335e+01	3.51923564649679e+01	1
6	78	30	54	4.67507333333333e-01	7.65999657388325e+01	3.58110457159863e+01	1
1	76	26	51	3.75676666666667e-01	7.98010515522080e+01	2.99793930436283e+01	1
2	77	27	52	3.64239333333333e-01	7.98006331926343e+01	2.90665294336630e+01	1
3	78	28	53	3.70292666666667e-01	7.98009241770414e+01	2.95496970159811e+01	1
0
