78
# x y z
0	0	-65
0	0	-64.75
0	0	-64.5
0	0	-64.25
0	0	-64
0	0	-63.75
0	0	-63.5
0	0	-63.25
0	0	-63
0	0	-62.75
0	0	-62.5
0	0	-62.25
0	0	-62
0	0	-61.75
0	0	-61.5
0	0	-61.25
0	0	-61
0	0	-60.75
0	0	-60.5
0	0	-60.25
0	0	-60
0	0	-59.75
0	0	-59.5
0	0	-59.25
0	0	-59
0	0	-58.75
0	0	-58.5
0	0	-58.25
0	0	-58
0	0	-57.75
0	0	-57.5
0	0	-57.25
0	0	-57
0	0	-56.75
0	0	-56.5
0	0	-56.25
0	0	-56
0	0	-55.75
0	0	-55.5
0	0	-55.25
0	0	-55
0	0	-54.75
0	0	-54.5
0	0	-54.25
0	0	-54
0	0	-53.75
0	0	-53.5
0	0	-53.25
0	0	-53
0	0	-52.75
0	0	-52.5
0	0	-52.25
0	0	-52
0	0	-51.75
0	0	-51.5
0	0	-51.25
0	0	-51
0	0	-50.75
0	0	-50.5
0	0	-50.25
0	0	-50
0	0	-49.75
0	0	-49.5
0	0	-49.25
0	0	-49
0	0	-48.75
0	0	-48.5
0	0	-48.25
0	0	-48
0	0	-47.75
0	0	-47.5
0	0	-47.25
0	0	-47
0	0	-46.75
0	0	-46.5
0	0	-46.25
0	0	-46
0	0	-45.75
973
# a b m n r k rhoa valid
1	4	2	3	2.85201410000000e+00	3.51952465142018e+00	1.00377339311479e+01	1
2	5	3	4	3.62766470000000e+00	3.51877887440664e+00	1.27649499097907e+01	1
3	6	4	5	3.90201530000000e+00	3.51868379055582e+00	1.37299579866108e+01	1
4	7	5	6	5.62973020000000e+00	3.51866026171590e+00	1.98091079389219e+01	1
5	8	6	7	6.52540890000000e+00	3.51865200187736e+00	2.29606430890534e+01	1
6	9	7	8	6.43311400000000e+00	3.51864841943030e+00	2.26358664081149e+01	1
7	10	8	9	5.69239990000000e+00	3.51864662955853e+00	2.00295437222343e+01	1
8	11	9	10	4.82131040000000e+00	3.51864563635337e+00	1.69644828004651e+01	1
9	12	10	11	3.79554130000000e+00	3.51864503766852e+00	1.33551625605109e+01	1
10	13	11	12	3.61516110000000e+00	3.51864465174684e+00	1.27204672697182e+01	1
11	14	12	13	4.49247490000000e+00	3.51864438891917e+00	1.58074215992452e+01	1
12	15	13	14	6.74631100000000e+00	3.51864420166023e+00	2.37378680827467e+01	1
13	16	14	15	7.40532220000000e+00	3.51864406320871e+00	2.60566929951777e+01	1
14	17	15	16	8.97712640000000e+00	3.51864395768716e+00	3.15873115647539e+01	1
15	18	16	17	6.78998400000000e+00	3.51864387523524e+00	2.38915356145453e+01	1
16	19	17	18	1.32415746000000e+01	3.51864380947789e+00	4.65923844940297e+01	1
17	20	18	19	1.39828368000000e+01	3.51864375614390e+00	4.92006213994992e+01	1
18	21	19	20	1.41749902000000e+01	3.51864371227990e+00	4.98767401388592e+01	1
19	22	20	21	1.51888134000000e+01	3.51864367578596e+00	5.34440222126031e+01	1
20	23	21	22	1.40589696000000e+01	3.51864364513175e+00	4.94685040401405e+01	1
21	24	22	23	1.31699290000000e+01	3.51864361917766e+00	4.63402866408728e+01	1
22	25	23	24	1.42802416000000e+01	3.51864359705881e+00	5.02470806702928e+01	1
23	26	24	25	1.36057788000000e+01	3.51864357810799e+00	4.78738861997778e+01	1
24	27	25	26	1.48669334000000e+01	3.51864356180317e+00	5.23114394916665e+01	1
25	28	26	27	1.55130028000000e+01	3.51864354773097e+00	5.45847272081524e+01	1
26	29	27	28	1.64350906666667e+01	3.51864353556081e+00	5.78292255306225e+01	1
27	30	28	29	1.71939446666667e+01	3.51864352502625e+00	6.04993620710263e+01	1
28	31	29	30	1.62380100000000e+01	3.51864351591131e+00	5.71357685978030e+01	1
29	32	30	31	1.72264926666667e+01	3.51864350804031e+00	6.06138865878706e+01	1
30	33	31	32	1.63923640000000e+01	3.51864350127023e+00	5.76788850590561e+01	1
31	34	32	33	1.65902646666667e+01	3.51864349548497e+00	5.83752268577409e+01	1
32	35	33	34	1.70448180000000e+01	3.51864349059092e+00	5.99746379040069e+01	1
33	36	34	35	1.77154906666667e+01	3.51864348651359e+00	6.23344958446590e+01	1
34	37	35	36	1.86374060000000e+01	3.51864348319510e+00	6.55783871655612e+01	1
35	38	36	37	1.96848753333333e+01	3.51864348059220e+00	6.92640582579036e+01	1
36	39	37	38	2.01188473333333e+01	3.51864347867498e+00	7.07910509678908e+01	1
37	40	38	39	2.02146646666667e+01	3.51864347742580e+00	7.11281979777164e+01	1
38	41	39	40	2.00650226666667e+01	3.51864347683879e+00	7.06016611186891e+01	1
39	42	40	41	1.98009026666667e+01	3.51864347691957e+00	6.96723170051860e+01	1
40	43	41	42	1.97282713333333e+01	3.51864347768537e+00	6.94167532530406e+01	1
41	44	42	43	1.90166340000000e+01	3.51864347916542e+00	6.69127552197753e+01	1
42	45	43	44	1.86885900000000e+01	3.51864348140170e+00	6.57584853800891e+01	1
43	46	44	45	1.86377400000000e+01	3.51864348445011e+00	6.55795624158752e+01	1
44	47	45	46	1.87087926666667e+01	3.51864348838198e+00	6.58295714920552e+01	1
45	48	46	47	1.85669553333333e+01	3.51864349328616e+00	6.53304965737682e+01	1
46	49	47	48	1.95422646666667e+01	3.51864349927169e+00	6.87622625304135e+01	1
47	50	48	49	1.91407833333333e+01	3.51864350647120e+00	6.73495929846055e+01	1
48	51	49	50	1.93838986666667e+01	3.51864351504532e+00	6.82050293397622e+01	1
49	52	50	51	1.87575680000000e+01	3.51864352518827e+00	6.60011951914786e+01	1
50	53	51	52	1.87196120000000e+01	3.51864353713510e+00	6.58676417814767e+01	1
51	54	52	53	1.80735633333333e+01	3.51864355117106e+00	6.35944270695150e+01	1
52	55	53	54	1.91474526666667e+01	3.51864356764382e+00	6.73730611623313e+01	1
53	56	54	55	1.87532586666667e+01	3.51864358697978e+00	6.59860333424397e+01	1
54	57	55	56	1.96262566666667e+01	3.51864360970581e+00	6.90578026026126e+01	1
55	58	56	57	1.89601846666667e+01	3.51864363647903e+00	6.67141331238338e+01	1
56	59	57	58	1.92061846666667e+01	3.51864366812808e+00	6.75797200662652e+01	1
57	60	58	59	1.93242146666667e+01	3.51864370571159e+00	6.79950263046862e+01	1
58	61	59	60	1.92894160000000e+01	3.51864375060270e+00	6.78725830611757e+01	1
59	62	60	61	1.97499020000000e+01	3.51864380461437e+00	6.94928703140409e+01	1
60	63	61	62	1.97958820000000e+01	3.51864387019008e+00	6.96546588543061e+01	1
61	64	62	63	2.07134393333333e+01	3.51864395070265e+00	7.28832180084798e+01	1
62	65	63	64	2.04095946666667e+01	3.51864405093773e+00	7.18140988559170e+01	1
63	66	64	65	2.02195513333333e+01	3.51864417790429e+00	7.11454065788703e+01	1
64	67	65	66	2.07448973333333e+01	3.51864434224763e+00	7.29939156324412e+01	1
65	68	66	67	1.94680006666667e+01	3.51864456082211e+00	6.85009746558479e+01	1
66	69	67	68	2.04161660000000e+01	3.51864486161143e+00	7.18372375897060e+01	1
67	70	68	69	2.07212640000000e+01	3.51864529367896e+00	7.29107780526793e+01	1
68	71	69	70	2.05971353333333e+01	3.51864594864172e+00	7.24740267942585e+01	1
69	72	70	71	2.11724486666667e+01	3.51864701074406e+00	7.44983732110987e+01	1
70	73	71	72	2.17508260000000e+01	3.51864888535550e+00	7.65335196604615e+01	1
71	74	72	73	2.10775226666667e+01	3.51865257273016e+00	7.41644793578450e+01	1
72	75	73	74	2.08815220000000e+01	3.51866096442191e+00	7.34749963391173e+01	1
73	76	74	75	2.09910073333333e+01	3.51868466852032e+00	7.38607356805975e+01	1
74	77	75	76	2.01661533333333e+01	3.51878006072137e+00	7.09602582507831e+01	1
75	78	76	77	2.09937006666667e+01	3.51952699133364e+00	7.38878961443124e+01	1
1	7	3	5	1.82385200000000e+00	6.72481177962168e+00	1.22650614138866e+01	1
2	8	4	6	1.83671466666667e+00	6.72346860237850e+00	1.23490933928614e+01	1
3	9	5	7	1.79672466666667e+00	6.72316986559636e+00	1.20796851357070e+01	1
4	10	6	8	2.06215266666667e+00	6.72306828289372e+00	1.38639931877514e+01	1
5	11	7	9	2.42149933333333e+00	6.72302441118912e+00	1.62797991296782e+01	1
6	12	8	10	2.14730333333333e+00	6.72300235447632e+00	1.44363253657748e+01	1
7	13	9	11	1.67242066666667e+00	6.72298998974733e+00	1.12436674006466e+01	1
8	14	10	12	1.31469533333333e+00	6.72298245067014e+00	8.83867365397794e+00	1
9	15	11	13	1.37727200000000e+00	6.72297753497997e+00	9.25936871555694e+00	1
10	16	12	14	1.30175666666667e+00	6.72297415102810e+00	8.75167642092850e+00	1
11	17	13	15	1.56219733333333e+00	6.72297171644730e+00	1.05026084875094e+01	1
12	18	14	16	2.23397333333333e+00	6.72296990085771e+00	1.50189354793188e+01	1
13	19	15	17	1.64130800000000e+00	6.72296850669656e+00	1.10344619937891e+01	1
14	20	16	18	2.72525866666667e+00	6.72296741028917e+00	1.83218252006081e+01	1
15	21	17	19	2.85485800000000e+00	6.72296653104388e+00	1.91931147848829e+01	1
16	22	18	20	3.59034200000000e+00	6.72296581455429e+00	2.41377465285585e+01	1
17	23	19	21	3.70115333333333e+00	6.72296522292898e+00	2.48827251447277e+01	1
18	24	20	22	3.50501666666667e+00	6.72296472904450e+00	2.35641034247131e+01	1
19	25	21	23	3.43520733333333e+00	6.72296431301192e+00	2.30947763097968e+01	1
20	26	22	24	3.74183133333333e+00	6.72296395993674e+00	2.51561971981620e+01	1
21	27	23	25	3.91607933333333e+00	6.72296365845848e+00	2.63276590416403e+01	1
22	28	24	26	3.76926866666667e+00	6.72296339977410e+00	2.53406552899153e+01	1
23	29	25	27	3.71388133333333e+00	6.72296317696965e+00	2.49682874476350e+01	1
24	30	26	28	4.16966666666667e+00	6.72296298455312e+00	2.80325146579250e+01	1
25	31	27	29	4.77082066666667e+00	6.72296281812174e+00	3.20740499539268e+01	1
26	32	28	30	5.00596000000000e+00	6.72296267412088e+00	3.36548822281421e+01	1
27	33	29	31	4.95266666666667e+00	6.72296254966676e+00	3.32965925209829e+01	1
28	34	30	32	4.93759133333333e+00	6.72296244241435e+00	3.31952410899906e+01	1
29	35	31	33	5.24870400000000e+00	6.72296235045792e+00	3.52868393806979e+01	1
30	36	32	34	5.55544400000000e+00	6.72296227225565e+00	3.73490404176290e+01	1
31	37	33	35	5.79651066666667e+00	6.72296220657217e+00	3.89697221419925e+01	1
32	38	34	36	5.98126800000000e+00	6.72296215243493e+00	4.02118383875701e+01	1
33	39	35	37	6.44477733333333e+00	6.72296210910114e+00	4.33279938135939e+01	1
34	40	36	38	7.08879066666667e+00	6.72296207603342e+00	4.76576708169397e+01	1
35	41	37	39	7.52324666666667e+00	6.72296205288241e+00	5.05785018544741e+01	1
36	42	38	40	7.72526533333333e+00	6.72296203947545e+00	5.19366655808756e+01	1
37	43	39	41	7.89801066666667e+00	6.72296203581050e+00	5.30980258704264e+01	1
38	44	40	42	8.14442933333333e+00	6.72296204205505e+00	5.47546892621997e+01	1
39	45	41	43	8.23475333333333e+00	6.72296205854988e+00	5.53619342215172e+01	1
40	46	42	44	8.20538200000000e+00	6.72296208581753e+00	5.51644720856496e+01	1
41	47	43	45	8.34283200000000e+00	6.72296212457632e+00	5.60885435477033e+01	1
42	48	44	46	8.44183800000000e+00	6.72296217576008e+00	5.67541575678941e+01	1
43	49	45	47	8.33680866666667e+00	6.72296224054486e+00	5.60480498726472e+01	1
44	50	46	48	8.47135600000000e+00	6.72296232038374e+00	5.69526071905567e+01	1
45	51	47	49	8.78774400000000e+00	6.72296241705184e+00	5.90796726426728e+01	1
46	52	48	50	8.89274666666667e+00	6.72296253270392e+00	5.97856026528277e+01	1
47	53	49	51	8.95073600000000e+00	6.72296266994836e+00	6.01754639965629e+01	1
48	54	50	52	8.96867466666667e+00	6.72296283194193e+00	6.02960664357792e+01	1
49	55	51	53	9.01936400000000e+00	6.72296302251282e+00	6.06368506585833e+01	1
50	56	52	54	9.12269866666667e+00	6.72296324632085e+00	6.13315678432603e+01	1
51	57	53	55	9.37077000000000e+00	6.72296350906930e+00	6.29993447618813e+01	1
52	58	54	56	9.41243066666667e+00	6.72296381778795e+00	6.32794308094378e+01	1
53	59	55	57	9.40097000000000e+00	6.72296418121755e+00	6.32023845787007e+01	1
54	60	56	58	9.48252333333333e+00	6.72296461034070e+00	6.37506687867299e+01	1
55	61	57	59	9.69630066666667e+00	6.72296511912949e+00	6.51878911665920e+01	1
56	62	58	60	9.81192000000000e+00	6.72296572562097e+00	6.59652018625349e+01	1
57	63	59	61	9.74383533333333e+00	6.72296645350147e+00	6.55074780744423e+01	1
58	64	60	62	9.86847733333333e+00	6.72296733450294e+00	6.63454507532827e+01	1
59	65	61	63	1.02575273333333e+01	6.72296841213404e+00	6.89610322486016e+01	1
60	66	62	64	1.02167253333333e+01	6.72296974767911e+00	6.86867353363467e+01	1
61	67	63	65	1.03653986666667e+01	6.72297143019053e+00	6.96862790985350e+01	1
62	68	64	66	1.06617146666667e+01	6.72297359380130e+00	7.16784261686441e+01	1
63	69	65	67	1.04873773333333e+01	6.72297644906683e+00	7.05063908244773e+01	1
64	70	66	68	1.05447913333333e+01	6.72298034259327e+00	7.08924248507479e+01	1
65	71	67	69	1.12236773333333e+01	6.72298587712673e+00	7.54566242014274e+01	1
66	72	68	70	1.11505266666667e+01	6.72299417007175e+00	7.49649257732296e+01	1
67	73	69	71	1.10976500000000e+01	6.72300745651220e+00	7.46095836997626e+01	1
68	74	70	72	1.18214920000000e+01	6.72303064521695e+00	7.94762529881870e+01	1
69	75	71	73	1.19038533333333e+01	6.72307591633418e+00	8.00305096569077e+01	1
70	76	72	74	1.15177753333333e+01	6.72317925526908e+00	7.74360681879165e+01	1
71	77	73	75	1.16123900000000e+01	6.72348033668176e+00	7.80756758268799e+01	1
72	78	74	76	1.16040073333333e+01	6.72482783917173e+00	7.80349515611529e+01	1
1	10	4	7	3.86047333333333e-01	9.89249460595888e+00	3.81897116264481e+00	1
2	11	5	8	7.00427333333333e-01	9.89092830278381e+00	6.92787653531006e+00	1
3	12	6	9	3.90500000000000e-01	9.89044809012893e+00	3.86221997919535e+00	1
4	13	7	10	5.32512000000000e-01	9.89024956858892e+00	5.26667657826842e+00	1
5	14	8	11	4.73359333333333e-01	9.89015157239673e+00	4.68159555487533e+00	1
6	15	9	12	4.26992000000000e-01	9.89009701162262e+00	4.22299230318677e+00	1
7	16	10	13	4.21545333333333e-01	9.89006378136542e+00	4.16911023340361e+00	1
8	17	11	14	7.88942666666667e-01	9.89004207312767e+00	7.80267616661887e+00	1
9	18	12	15	4.98698000000000e-01	9.89002707825651e+00	4.93213672387236e+00	1
10	19	13	16	6.83034666666667e-01	9.89001624659040e+00	6.75522395031780e+00	1
11	20	14	17	7.99481333333333e-01	9.89000813522284e+00	7.90687689062547e+00	1
12	21	15	18	7.81838666666667e-01	9.89000188170240e+00	7.73238588452103e+00	1
13	22	16	19	7.80868666666667e-01	9.88999694557645e+00	7.72278872822969e+00	1
14	23	17	20	7.33266666666667e-01	9.88999297395314e+00	7.25200218136737e+00	1
15	24	18	21	6.91509333333333e-01	9.88998972797059e+00	6.83902020346246e+00	1
16	25	19	22	9.02549333333333e-01	9.88998704077488e+00	8.92620121032667e+00	1
18	27	21	24	1.16643000000000e+00	9.88998289517274e+00	1.15359727484163e+01	1
19	28	22	25	1.29796000000000e+00	9.88998128243549e+00	1.28368001053500e+01	1
20	29	23	26	1.40017000000000e+00	9.88997990370792e+00	1.38476531617747e+01	1
21	30	24	27	1.40018000000000e+00	9.88997871965744e+00	1.38477504036900e+01	1
22	31	25	28	1.22438000000000e+00	9.88997769932635e+00	1.21090908955012e+01	1
23	32	26	29	1.33443000000000e+00	9.88997681808275e+00	1.31974817653542e+01	1
24	33	27	30	1.45717000000000e+00	9.88997605615761e+00	1.44113764097512e+01	1
25	34	28	31	1.51078800000000e+00	9.88997539758269e+00	1.49416561509632e+01	1
26	35	29	32	1.80292400000000e+00	9.88997482940816e+00	1.78308729793359e+01	1
27	36	30	33	1.92183400000000e+00	9.88997434111902e+00	1.90068889478901e+01	1
28	37	31	34	2.07014200000000e+00	9.88997392419550e+00	2.04736503993819e+01	1
29	38	32	35	2.29669600000000e+00	9.88997357178002e+00	2.27142627424129e+01	1
30	39	33	36	2.47124000000000e+00	9.88997327842417e+00	2.44404975645729e+01	1
31	40	34	37	2.74233400000000e+00	9.88997303989705e+00	2.71216093263930e+01	1
32	41	35	38	3.02597400000000e+00	9.88997285304216e+00	2.99268007140114e+01	1
33	42	36	39	3.33184200000000e+00	9.88997271567328e+00	3.29518264729343e+01	1
34	43	37	40	3.53924600000000e+00	9.88997262650293e+00	3.50030460584600e+01	1
35	44	38	41	3.74043400000000e+00	9.88997258509893e+00	3.69927897163719e+01	1
36	45	39	42	4.29842800000000e+00	9.88997259186669e+00	4.25113351081123e+01	1
37	46	40	43	4.15745600000000e+00	9.88997264805530e+00	4.11171261254934e+01	1
38	47	41	44	4.38920000000000e+00	9.88997275578809e+00	4.34090684197051e+01	1
39	48	42	45	4.60086000000000e+00	9.88997291811832e+00	4.55023808000539e+01	1
40	49	43	46	4.77736600000000e+00	9.88997313911268e+00	4.72480214157102e+01	1
41	50	44	47	4.88649800000000e+00	9.88997342396655e+00	4.83273353562657e+01	1
42	51	45	48	5.03720000000000e+00	9.88997377915696e+00	4.98177759203695e+01	1
43	52	46	49	5.20714200000000e+00	9.88997421264115e+00	5.14985001015607e+01	1
44	53	47	50	5.43827200000000e+00	9.88997473411218e+00	5.37843726772297e+01	1
45	54	48	51	5.41853800000000e+00	9.88997535532708e+00	5.35892072819033e+01	1
46	55	49	52	5.62322000000000e+00	9.88997609052890e+00	5.56135113517839e+01	1
47	56	50	53	5.58108200000000e+00	9.88997695699237e+00	5.51967723750849e+01	1
48	57	51	54	5.79817200000000e+00	9.88997797573558e+00	5.73437933795267e+01	1
49	58	52	55	5.95415000000000e+00	9.88997917245757e+00	5.88864194896883e+01	1
50	59	53	56	6.19105400000000e+00	9.88998057878990e+00	6.12294038222395e+01	1
51	60	54	57	6.23522000000000e+00	9.88998223399194e+00	6.16662150250312e+01	1
52	61	55	58	6.29696400000000e+00	9.88998418728680e+00	6.22768743879142e+01	1
53	62	56	59	6.32105000000000e+00	9.88998650114234e+00	6.25150991730458e+01	1
54	63	57	60	6.45362400000000e+00	9.88998925597962e+00	6.38262720221322e+01	1
55	64	58	61	6.47921800000000e+00	9.88999255709366e+00	6.40794177957873e+01	1
56	65	59	62	6.61021000000000e+00	9.88999654510040e+00	6.53749540623881e+01	1
57	66	60	63	6.76324800000000e+00	9.89000141217843e+00	6.68885322709129e+01	1
58	67	61	64	6.96745800000000e+00	9.89000742815808e+00	6.89082113753795e+01	1
59	68	62	65	7.16375800000000e+00	9.89001498397781e+00	7.08496739615909e+01	1
60	69	63	66	7.18945800000000e+00	9.89002466705840e+00	7.11039169627803e+01	1
61	70	64	67	7.21635800000000e+00	9.89003739812451e+00	7.13700504982550e+01	1
62	71	65	68	7.46539200000000e+00	9.89005469276347e+00	7.38331351829189e+01	1
63	72	66	69	7.50916200000000e+00	9.89007919230014e+00	7.42662068478109e+01	1
64	73	67	70	7.69384600000000e+00	9.89011582047175e+00	7.60930280448733e+01	1
65	74	68	71	7.91814000000000e+00	9.89017453233431e+00	7.83117865714576e+01	1
66	75	69	72	8.12960800000000e+00	9.89027762264439e+00	8.04040800832708e+01	1
67	76	70	73	8.25580200000000e+00	9.89048244044807e+00	8.16538647128161e+01	1
68	77	71	74	8.38346400000000e+00	9.89097058584307e+00	8.29205958314743e+01	1
69	78	72	75	8.27494800000000e+00	9.89254784252543e+00	8.18603189844101e+01	1
1	13	5	9	1.75788000000000e-01	1.30279155409885e+01	2.29015121711929e+00	1
2	14	6	10	2.19128000000000e-01	1.30262840779050e+01	2.85442357742316e+00	1
3	15	7	11	1.55330000000000e-01	1.30256634117853e+01	2.02327629775261e+00	1
4	16	8	12	2.38624000000000e-01	1.30253691990974e+01	3.10816569976542e+00	1
5	17	9	13	2.65422000000000e-01	1.30252088452011e+01	3.45717698211096e+00	1
6	18	10	14	2.06788666666667e-01	1.30251122966675e+01	2.69344560501149e+00	1
7	19	11	15	3.49752666666667e-01	1.30250495951243e+01	4.55554582936033e+00	1
8	20	12	16	3.47070000000000e-01	1.30250063950755e+01	4.52058896953886e+00	1
9	21	13	17	3.79252000000000e-01	1.30249752072835e+01	4.93974789731270e+00	1
10	22	14	18	2.98007333333333e-01	1.30249518390250e+01	3.88153116434294e+00	1
11	23	15	19	2.76888666666667e-01	1.30249338019530e+01	3.60645655384437e+00	1
12	24	16	20	2.50069333333333e-01	1.30249195438682e+01	3.25713294705544e+00	1
13	25	17	21	2.78905333333333e-01	1.30249080540299e+01	3.63271632244523e+00	1
14	26	18	22	3.01754666666667e-01	1.30248986492675e+01	3.93032395027682e+00	1
15	27	19	23	3.25221333333333e-01	1.30248908525866e+01	4.23597236959935e+00	1
16	28	20	24	4.31004000000000e-01	1.30248843214101e+01	5.61377724206504e+00	1
17	29	21	25	5.11009333333333e-01	1.30248788035967e+01	6.65583463417342e+00	1
18	30	22	26	5.59659333333333e-01	1.30248741095959e+01	7.28949236092705e+00	1
19	31	23	27	5.49103333333333e-01	1.30248700942964e+01	7.15199958501178e+00	1
20	32	24	28	5.50254666666667e-01	1.30248666448762e+01	7.16699365405417e+00	1
21	33	25	29	5.65987333333333e-01	1.30248636724754e+01	7.37190785701454e+00	1
22	34	26	30	6.40967333333333e-01	1.30248611063628e+01	8.34851049038239e+00	1
23	35	27	31	6.86220000000000e-01	1.30248588897732e+01	8.93791866734015e+00	1
24	36	28	32	7.67528000000000e-01	1.30248569768843e+01	9.99694242575403e+00	1
25	37	29	33	8.63804666666667e-01	1.30248553305899e+01	1.12509308172218e+01	1
26	38	30	34	9.81539333333333e-01	1.30248539208403e+01	1.27844064342256e+01	1
27	39	31	35	1.07233200000000e+00	1.30248527233932e+01	1.39669663705816e+01	1
28	40	32	36	1.22238000000000e+00	1.30248517188701e+01	1.59213182441125e+01	1
29	41	33	37	1.44376333333333e+00	1.30248508920423e+01	1.88048021400646e+01	1
30	42	34	38	1.62233400000000e+00	1.30248502312941e+01	2.11306573751363e+01	1
31	43	35	39	1.80620200000000e+00	1.30248497282277e+01	2.35255096288244e+01	1
32	44	36	40	1.98642466666667e+00	1.30248493773825e+01	2.58728820828506e+01	1
33	45	37	41	2.12397133333333e+00	1.30248491760512e+01	2.76644062709231e+01	1
34	46	38	42	2.28060600000000e+00	1.30248491241821e+01	2.97045490617044e+01	1
35	47	39	43	2.40833533333333e+00	1.30248492243597e+01	3.13682045983648e+01	1
36	48	40	44	2.57069400000000e+00	1.30248494818629e+01	3.34829024139280e+01	1
37	49	41	45	2.77934733333333e+00	1.30248499048002e+01	3.62005818499735e+01	1
38	50	42	46	2.95894600000000e+00	1.30248505043314e+01	3.85398293003894e+01	1
39	51	43	47	3.14403000000000e+00	1.30248512949820e+01	4.09505232169624e+01	1
40	52	44	48	3.33989933333333e+00	1.30248522950701e+01	4.35016954970698e+01	1
41	53	45	49	3.54361266666667e+00	1.30248535272654e+01	4.61550359406957e+01	1
42	54	46	50	3.73458800000000e+00	1.30248550193140e+01	4.86424672568698e+01	1
43	55	47	51	3.83837200000000e+00	1.30248568049716e+01	4.99942456642125e+01	1
44	56	48	52	3.90392733333333e+00	1.30248589252063e+01	5.08481027709235e+01	1
45	57	49	53	3.98434333333333e+00	1.30248614297551e+01	5.18955198052354e+01	1
46	58	50	54	4.12927066666667e+00	1.30248643791543e+01	5.37831904181534e+01	1
47	59	51	55	4.19320200000000e+00	1.30248678474139e+01	5.46159019075118e+01	1
48	60	52	56	4.33392000000000e+00	1.30248719255867e+01	5.64487529357387e+01	1
49	61	53	57	4.52892200000000e+00	1.30248767266003e+01	5.89886507543881e+01	1
50	62	54	58	4.66889733333333e+00	1.30248823919136e+01	6.08118386665856e+01	1
51	63	55	59	4.71719933333333e+00	1.30248891008650e+01	6.14409981833411e+01	1
52	64	56	60	4.75461066666667e+00	1.30248970840922e+01	6.19283146082605e+01	1
53	65	57	61	4.81043466666667e+00	1.30249066432723e+01	6.26554624468942e+01	1
54	66	58	62	4.88657066666667e+00	1.30249181809645e+01	6.36471831188345e+01	1
55	67	59	63	5.12977333333333e+00	1.30249322471154e+01	6.68149501097261e+01	1
56	68	60	64	5.25648266666667e+00	1.30249496140253e+01	6.84654218803309e+01	1
57	69	61	65	5.37320733333333e+00	1.30249714018383e+01	6.99858718528145e+01	1
58	70	62	66	5.56937933333333e+00	1.30249992976921e+01	7.25411619052475e+01	1
59	71	63	67	5.53171866666667e+00	1.30250359572074e+01	7.20508345384888e+01	1
60	72	64	68	5.60936533333333e+00	1.30250857815685e+01	7.30624646468231e+01	1
61	73	65	69	5.69953800000000e+00	1.30251565213015e+01	7.42373745491060e+01	1
62	74	66	70	5.69513000000000e+00	1.30252628516445e+01	7.41805652242863e+01	1
63	75	67	71	5.97116066666667e+00	1.30254351513137e+01	7.77769660417418e+01	1
64	76	68	72	6.25142400000000e+00	1.30257440218713e+01	8.14294487961828e+01	1
65	77	69	73	6.30983133333333e+00	1.30263828314618e+01	8.21942785499527e+01	1
66	78	70	74	6.44207400000000e+00	1.30280374249202e+01	8.39275811661056e+01	1
1	16	6	11	1.12434200000000e-01	1.61403428183857e+01	1.81472653251095e+00	1
2	17	7	12	1.50343400000000e-01	1.61387010945413e+01	2.42634719413706e+00	1
3	18	8	13	1.48479600000000e-01	1.61379719928614e+01	2.39615962631127e+00	1
4	19	9	14	1.54539000000000e-01	1.61375885589380e+01	2.49388679830973e+00	1
5	20	10	15	1.37079200000000e-01	1.61373625297593e+01	2.21209674568939e+00	1
6	21	11	16	2.62994600000000e-01	1.61372176230582e+01	4.24400109388915e+00	1
7	22	12	17	1.82133400000000e-01	1.61371185644106e+01	2.93910827033922e+00	1
8	23	13	18	1.62554800000000e-01	1.61370473787858e+01	2.62315450924904e+00	1
9	24	14	19	7.79225000000000e-02	1.61369941768726e+01	1.25743492874735e+00	1
10	25	15	20	1.64652000000000e-02	1.61369531636324e+01	2.65698161229840e-01	1
11	26	16	21	1.16966100000000e-01	1.61369207577125e+01	1.88747268703867e+00	1
12	27	17	22	1.88159800000000e-01	1.61368946428092e+01	3.03631486861206e+00	1
13	28	18	23	2.04162700000000e-01	1.61368732609100e+01	3.29454761450519e+00	1
14	29	19	24	2.15197800000000e-01	1.61368555279216e+01	3.47261580852657e+00	1
15	30	20	25	2.34141100000000e-01	1.61368406670819e+01	3.77829762431528e+00	1
16	31	21	26	2.77055500000000e-01	1.61368281075869e+01	4.47079697976155e+00	1
17	32	22	27	3.09727900000000e-01	1.61368174207767e+01	4.99802257242059e+00	1
18	33	23	28	3.16258000000000e-01	1.61368082787224e+01	5.10339471261219e+00	1
19	34	24	29	3.41578000000000e-01	1.61368004266069e+01	5.51197601611952e+00	1
20	35	25	30	2.50926000000000e-01	1.61367936638454e+01	4.04914108689408e+00	1
21	36	26	31	4.33279333333333e-01	1.61367878308940e+01	6.99173667351122e+00	1
22	37	27	32	4.63218000000000e-01	1.61367827998496e+01	7.47484825498072e+00	1
23	38	28	33	5.03650000000000e-01	1.61367784676369e+01	8.12728847522534e+00	1
24	39	29	34	5.70734666666667e-01	1.61367747509991e+01	9.20981675858655e+00	1
25	40	30	35	6.47470000000000e-01	1.61367715827700e+01	1.04480754966961e+01	1
26	41	31	36	7.50896666666667e-01	1.61367689090788e+01	1.21170459845976e+01	1
27	42	32	37	8.69417333333333e-01	1.61367666872450e+01	1.40295846618467e+01	1
28	43	33	38	8.58742000000000e-01	1.61367648841965e+01	1.38573177501847e+01	1
29	44	34	39	1.17488266666667e+00	1.61367634752936e+01	1.89588037032222e+01	1
30	45	35	40	1.31633466666667e+00	1.61367624434779e+01	2.12413798121147e+01	1
31	46	36	41	1.46408333333333e+00	1.61367617786880e+01	2.36255639741475e+01	1
32	47	37	42	1.59302533333333e+00	1.61367614775052e+01	2.57062698316232e+01	1
33	48	38	43	1.68236133333333e+00	1.61367615430044e+01	2.71478636651709e+01	1
34	49	39	44	1.76305333333333e+00	1.61367619848003e+01	2.84499720065088e+01	1
35	50	40	45	1.87035333333333e+00	1.61367628192872e+01	3.01814481282631e+01	1
36	51	41	46	2.01186933333333e+00	1.61367640700816e+01	3.24650607718323e+01	1
37	52	42	47	2.15335000000000e+00	1.61367657686902e+01	3.47481045680091e+01	1
38	53	43	48	2.35807000000000e+00	1.61367679554349e+01	3.80516284126724e+01	1
39	54	44	49	2.55821466666667e+00	1.61367706806855e+01	4.12813234279664e+01	1
40	55	45	50	2.73348200000000e+00	1.61367740064699e+01	4.41095812847534e+01	1
41	56	46	51	2.83931400000000e+00	1.61367780085587e+01	4.58173797145928e+01	1
42	57	47	52	2.95132866666667e+00	1.61367827791611e+01	4.76249496039112e+01	1
43	58	48	53	3.00699866666667e+00	1.61367884304220e+01	4.85233012945609e+01	1
44	59	49	54	3.13203733333333e+00	1.61367950989889e+01	5.05410446903836e+01	1
45	60	50	55	3.20500733333333e+00	1.61368029520376e+01	5.17185717978356e+01	1
46	61	51	56	3.32420666666667e+00	1.61368121953194e+01	5.36420986784287e+01	1
47	62	52	57	3.44281133333333e+00	1.61368230840717e+01	5.55560373978370e+01	1
48	63	53	58	3.54126866666667e+00	1.61368359380698e+01	5.71448714866271e+01	1
49	64	54	59	3.65068733333333e+00	1.61368511628066e+01	5.89105981399435e+01	1
50	65	55	60	3.75823733333333e+00	1.61368692799750e+01	6.06461845711217e+01	1
51	66	56	61	3.79427866666667e+00	1.61368909724577e+01	6.12278611631220e+01	1
52	67	57	62	3.93211066666667e+00	1.61369171526394e+01	6.34521440630098e+01	1
53	68	58	63	4.07588733333333e+00	1.61369490694597e+01	6.57723863108559e+01	1
54	69	59	64	4.18433600000000e+00	1.61369884822159e+01	6.75225818377214e+01	1
55	70	60	65	4.30398400000000e+00	1.61370379541475e+01	6.94535531620438e+01	1
56	71	61	66	4.43958066666667e+00	1.61371013710277e+01	7.16419632628546e+01	1
57	72	62	67	4.42743466666667e+00	1.61371849050968e+01	7.14463318712358e+01	1
58	73	63	68	4.47553266666667e+00	1.61372989155829e+01	7.22230084484561e+01	1
59	74	64	69	4.56435333333333e+00	1.61374619664568e+01	7.36570783181368e+01	1
60	75	65	70	4.58929000000000e+00	1.61377100758235e+01	7.40606314738759e+01	1
61	76	66	71	4.69590133333333e+00	1.61381204770222e+01	7.57830214655426e+01	1
62	77	67	72	4.94013333333333e+00	1.61388826915827e+01	7.97282323474441e+01	1
63	78	68	73	5.06063733333333e+00	1.61405655780901e+01	8.16815487455976e+01	1
1	19	7	13	1.01194000000000e-01	1.92496487596680e+01	1.94794895658584e+00	1
2	20	8	14	1.49123333333333e-01	1.92480106589815e+01	2.87032750950286e+00	1
3	21	9	15	1.01549333333333e-01	1.92471929989271e+01	1.95453961757904e+00	1
4	22	10	16	1.02746000000000e-01	1.92467258598187e+01	1.97752409519294e+00	1
5	23	11	17	3.38721333333333e-01	1.92464322757126e+01	6.51917720233908e+00	1
6	24	12	18	1.39025333333333e-01	1.92462341537454e+01	2.67571411863584e+00	1
7	25	13	19	9.61220000000000e-02	1.92460929689834e+01	1.84997294836462e+00	1
8	26	14	20	9.93466666666667e-02	1.92459880225137e+01	1.91202475674333e+00	1
9	27	15	21	1.31568000000000e-01	1.92459073990424e+01	2.53214554467722e+00	1
10	28	16	22	1.48741333333333e-01	1.92458438340239e+01	2.86265247299783e+00	1
11	29	17	23	1.29180600000000e-01	1.92457926774434e+01	2.48618304554775e+00	1
12	30	18	24	1.63765200000000e-01	1.92457508262642e+01	3.15178423321332e+00	1
13	31	19	25	1.94356800000000e-01	1.92457161343550e+01	3.74053580158160e+00	1
14	32	20	26	1.88734200000000e-01	1.92456870710560e+01	3.63231935280610e+00	1
15	33	21	27	2.07927200000000e-01	1.92456625155052e+01	4.00169671899394e+00	1
16	34	22	28	2.30890000000000e-01	1.92456416282407e+01	4.44362619554449e+00	1
17	35	23	29	2.56452800000000e-01	1.92456237684519e+01	4.93559410316603e+00	1
18	36	24	30	2.94450000000000e-01	1.92456084391043e+01	5.66686940489425e+00	1
19	37	25	31	3.25733400000000e-01	1.92455952496091e+01	6.26893317567901e+00	1
20	38	26	32	3.48105400000000e-01	1.92455838898429e+01	6.69949167820733e+00	1
21	39	27	33	3.75978600000000e-01	1.92455741117008e+01	7.23592401071352e+00	1
22	40	28	34	4.23240800000000e-01	1.92455657157679e+01	8.14550862999418e+00	1
23	41	29	35	4.74296600000000e-01	1.92455585415496e+01	9.12810298135793e+00	1
24	42	30	36	5.33508400000000e-01	1.92455524602284e+01	1.02676639001725e+01	1
25	43	31	37	6.21392400000000e-01	1.92455473692539e+01	1.19590368690944e+01	1
26	44	32	38	7.28709800000000e-01	1.92455431882934e+01	1.40244159276326e+01	1
27	45	33	39	8.56080200000000e-01	1.92455398562151e+01	1.64757256092166e+01	1
28	46	34	40	9.76090600000000e-01	1.92455373288770e+01	1.87853880786660e+01	1
29	47	35	41	1.09869640000000e+00	1.92455355775648e+01	2.11450006551423e+01	1
30	48	36	42	1.21609500000000e+00	1.92455345879700e+01	2.34043983847574e+01	1
31	49	37	43	1.29864340000000e+00	1.92455343596411e+01	2.49930861756212e+01	1
32	50	38	44	1.36919720000000e+00	1.92455349058661e+01	2.63509325056141e+01	1
33	51	39	45	1.45948480000000e+00	1.92455362539743e+01	2.80885676305244e+01	1
34	52	40	46	1.55101860000000e+00	1.92455384460657e+01	2.98501880968631e+01	1
35	53	41	47	1.65846660000000e+00	1.92455415402026e+01	3.19180878433385e+01	1
36	54	42	48	1.77399100000000e+00	1.92455456121220e+01	3.41414247059940e+01	1
37	55	43	49	1.91554740000000e+00	1.92455507575639e+01	3.68657647152195e+01	1
38	56	44	50	2.05922720000000e+00	1.92455570953455e+01	3.96309746498884e+01	1
39	57	45	51	2.17627220000000e+00	1.92455647713736e+01	4.18835875852396e+01	1
40	58	46	52	2.28923020000000e+00	1.92455739638560e+01	4.40575491343928e+01	1
41	59	47	53	2.37383620000000e+00	1.92455848900865e+01	4.56858661022603e+01	1
42	60	48	54	2.48293820000000e+00	1.92455978153314e+01	4.77856299975228e+01	1
43	61	49	55	2.57421440000000e+00	1.92456130645804e+01	4.95423342876709e+01	1
44	62	50	56	2.65886100000000e+00	1.92456310382809e+01	5.11714577880745e+01	1
45	63	51	57	2.73209960000000e+00	1.92456522337262e+01	5.25810387695025e+01	1
46	64	52	58	2.81630240000000e+00	1.92456772746531e+01	5.42016470982311e+01	1
47	65	53	59	2.92122180000000e+00	1.92457069530456e+01	5.62209787076483e+01	1
48	66	54	60	3.00002120000000e+00	1.92457422895713e+01	5.77376348784505e+01	1
49	67	55	61	3.13023060000000e+00	1.92457846232839e+01	6.02437439488129e+01	1
50	68	56	62	3.23590380000000e+00	1.92458357487547e+01	6.22776730335713e+01	1
51	69	57	63	3.36159660000000e+00	1.92458981327821e+01	6.46969457271065e+01	1
52	70	58	64	3.45742600000000e+00	1.92459752698409e+01	6.65415352933049e+01	1
53	71	59	65	3.54003280000000e+00	1.92460722900572e+01	6.81317271779736e+01	1
54	72	60	66	3.60429500000000e+00	1.92461970497670e+01	6.93689717954898e+01	1
55	73	61	67	3.62729360000000e+00	1.92463621975028e+01	6.98122064222837e+01	1
56	74	62	68	3.72158080000000e+00	1.92465893457534e+01	7.16277373746405e+01	1
57	75	63	69	3.77669180000000e+00	1.92469181650390e+01	7.26896780091739e+01	1
58	76	64	70	3.82560660000000e+00	1.92474281974718e+01	7.36330883452741e+01	1
59	77	65	71	3.90503220000000e+00	1.92482982752356e+01	7.51652245599996e+01	1
60	78	66	72	4.02240900000000e+00	1.92500008635286e+01	7.74313767234654e+01	1
1	22	8	15	8.39198000000000e-02	2.23688135860828e+01	1.87718636238135e+00	1
2	23	9	16	1.00425400000000e-01	2.23671776829245e+01	2.24623276567877e+00	1
3	24	10	17	8.72310000000000e-02	2.23662823146788e+01	1.95103317259175e+00	1
4	25	11	18	1.82666800000000e-01	2.23657348216531e+01	4.08547720951995e+00	1
5	26	12	19	1.50453000000000e-01	2.23653720016902e+01	3.36493731377029e+00	1
6	27	13	20	1.11967600000000e-01	2.23651165884100e+01	2.50416842812445e+00	1
7	28	14	21	1.16299800000000e-01	2.23649282942033e+01	2.60103668763019e+00	1
8	29	15	22	1.25680200000000e-01	2.23647844485394e+01	2.81081058244933e+00	1
9	30	16	23	1.35634000000000e-01	2.23646714702661e+01	3.03340985019807e+00	1
10	31	17	24	1.32179800000000e-01	2.23645807845856e+01	2.95614581519037e+00	1
11	32	18	25	1.40015600000000e-01	2.23645067306567e+01	3.13137982859693e+00	1
12	33	19	26	1.33255600000000e-01	2.23644454263134e+01	2.98018759395065e+00	1
13	34	20	27	1.74145400000000e-01	2.23643941211326e+01	3.89465635998229e+00	1
14	35	21	28	1.91329000000000e-01	2.23643508116657e+01	4.27894887644519e+00	1
15	36	22	29	2.09886600000000e-01	2.23643140037911e+01	4.69396982758810e+00	1
16	37	23	30	2.32546400000000e-01	2.23642825609247e+01	5.20073339812583e+00	1
17	38	24	31	2.63317400000000e-01	2.23642556041266e+01	5.88889763861404e+00	1
18	39	25	32	2.88460200000000e-01	2.23642324445827e+01	6.45119096381080e+00	1
19	40	26	33	3.12412200000000e-01	2.23642125368791e+01	6.98685283991397e+00	1
20	41	27	34	2.92792800000000e-01	2.23641954459874e+01	6.54807540437789e+00	1
21	42	28	35	3.79340200000000e-01	2.23641808235198e+01	8.48363282643015e+00	1
22	43	29	36	4.31701400000000e-01	2.23641683904013e+01	9.65464280397200e+00	1
23	44	30	37	5.02669600000000e-01	2.23641579240845e+01	1.12417823180364e+01	1
24	45	31	38	5.80111800000000e-01	2.23641492490554e+01	1.29737068763382e+01	1
25	46	32	39	6.79901000000000e-01	2.23641422297811e+01	1.52054026661704e+01	1
26	47	33	40	7.85631400000000e-01	2.23641367655153e+01	1.75699680768833e+01	1
27	48	34	41	8.88779200000000e-01	2.23641327865607e+01	1.98767760467332e+01	1
28	49	35	42	9.88553000000000e-01	2.23641302517139e+01	2.21081280527226e+01	1
29	50	36	43	1.06699580000000e+00	2.23641291467105e+01	2.38624318701976e+01	1
30	51	37	44	1.13734120000000e+00	2.23641294835578e+01	2.54356458637850e+01	1
31	52	38	45	1.22079180000000e+00	2.23641313007016e+01	2.73019481060199e+01	1
32	53	39	46	1.29653700000000e+00	2.23641346640186e+01	2.89959280648827e+01	1
33	54	40	47	1.36811720000000e+00	2.23641396686800e+01	3.05967641439233e+01	1
34	55	41	48	1.44621420000000e+00	2.23641464419794e+01	3.23433461552701e+01	1
35	56	42	49	1.52809200000000e+00	2.23641551472803e+01	3.41744865673178e+01	1
36	57	43	50	1.63409320000000e+00	2.23641659893119e+01	3.65451315668058e+01	1
37	58	44	51	1.73152660000000e+00	2.23641792211460e+01	3.87241712085816e+01	1
38	59	45	52	1.82296520000000e+00	2.23641951533197e+01	4.07691494905106e+01	1
39	60	46	53	1.91190020000000e+00	2.23642141657697e+01	4.27581455363779e+01	1
40	61	47	54	2.01603440000000e+00	2.23642367235242e+01	4.50870705643681e+01	1
41	62	48	55	2.12311420000000e+00	2.23642633975299e+01	4.74818851918359e+01	1
42	63	49	56	2.20043380000000e+00	2.23642948926381e+01	4.92111503949284e+01	1
43	64	50	57	2.25410260000000e+00	2.23643320858009e+01	5.04114991018673e+01	1
44	65	51	58	2.32942740000000e+00	2.23643760791648e+01	5.20961904227109e+01	1
45	66	52	59	2.39368120000000e+00	2.23644282754605e+01	5.35333115117183e+01	1
46	67	53	60	2.51327100000000e+00	2.23644904876846e+01	5.62080253724736e+01	1
47	68	54	61	2.59394940000000e+00	2.23645651031215e+01	5.80125502305030e+01	1
48	69	55	62	2.68647520000000e+00	2.23646553363665e+01	6.00820919176962e+01	1
49	70	56	63	2.81646300000000e+00	2.23647656335212e+01	6.29895349104840e+01	1
50	71	57	64	2.90481440000000e+00	2.23649023438141e+01	6.49658903829049e+01	1
51	72	58	65	2.96016600000000e+00	2.23650748864360e+01	6.62043342662817e+01	1
52	73	59	66	3.02430600000000e+00	2.23652978835324e+01	6.76395045809544e+01	1
53	74	60	67	3.03269400000000e+00	2.23655952958611e+01	6.78280066601861e+01	1
54	75	61	68	3.10569260000000e+00	2.23660090195508e+01	6.94619487035523e+01	1
55	76	62	69	3.21515500000000e+00	2.23666183406664e+01	7.19121447910852e+01	1
56	77	63	70	3.23951460000000e+00	2.23675890259918e+01	7.24601312165001e+01	1
57	78	64	71	3.31015380000000e+00	2.23693170837477e+01	7.40458799481725e+01	1
2	26	10	18	9.03310000000000e-02	2.55003070191917e+01	2.30346823335061e+00	1
3	27	11	19	1.15793000000000e-01	2.54993391359163e+01	2.95264497656515e+00	1
4	28	12	20	1.20430800000000e-01	2.54987129086793e+01	3.07083039456258e+00	1
5	29	13	21	1.04906600000000e-01	2.54982791907757e+01	2.67493777575503e+00	1
6	30	14	22	1.06586000000000e-01	2.54979630154504e+01	2.71772588596479e+00	1
7	31	15	23	1.16157200000000e-01	2.54977233520258e+01	2.96174415094593e+00	1
8	32	16	24	1.22233200000000e-01	2.54975361446412e+01	3.11664543507516e+00	1
9	33	17	25	1.29968200000000e-01	2.54973864610405e+01	3.31384942304580e+00	1
10	34	18	26	1.34360600000000e-01	2.54972645756497e+01	3.42582776674304e+00	1
11	35	19	27	1.48099000000000e-01	2.54971638902814e+01	3.77610447498678e+00	1
12	36	20	28	1.42840400000000e-01	2.54970797705021e+01	3.64201307325043e+00	1
13	37	21	29	1.86668000000000e-01	2.54970088639664e+01	4.75947565061889e+00	1
14	38	22	30	2.05960400000000e-01	2.54969486847534e+01	5.25136174989128e+00	1
15	39	23	31	2.21594200000000e-01	2.54968973507556e+01	5.64996457092281e+00	1
16	40	24	32	2.46487600000000e-01	2.54968534124574e+01	6.28465820518845e+00	1
17	41	25	33	1.84371200000000e-01	2.54968157381351e+01	4.70087851381886e+00	1
18	42	26	34	2.95116000000000e-01	2.54967834349640e+01	7.52450874019284e+00	1
19	43	27	35	3.23192800000000e-01	2.54967557936252e+01	8.24036789585797e+00	1
20	44	28	36	3.98602200000000e-01	2.54967322486964e+01	1.01630535671413e+01	1
21	45	29	37	4.25676400000000e-01	2.54967123499096e+01	1.08533487249451e+01	1
22	46	30	38	4.94329200000000e-01	2.54966957410753e+01	1.26037612083292e+01	1
23	47	31	39	5.72855000000000e-01	2.54966821445445e+01	1.46059018499130e+01	1
24	48	32	40	6.54792200000000e-01	2.54966713497778e+01	1.66950215257980e+01	1
25	49	33	41	7.36310000000000e-01	2.54966632050484e+01	1.87734480845092e+01	1
26	50	34	42	8.31387000000000e-01	2.54966576116131e+01	2.11975896817462e+01	1
27	51	35	43	8.84283600000000e-01	2.54966545199095e+01	2.25462734468219e+01	1
28	52	36	44	9.61467200000000e-01	2.54966539274908e+01	2.45141964610336e+01	1
29	53	37	45	1.03983220000000e+00	2.54966558785370e+01	2.65122437748220e+01	1
30	54	38	46	1.11068760000000e+00	2.54966604648818e+01	2.83188246197545e+01	1
31	55	39	47	1.17400320000000e+00	2.54966678285893e+01	2.99331696201008e+01	1
32	56	40	48	1.23420860000000e+00	2.54966781662082e+01	3.14682194641664e+01	1
33	57	41	49	1.30681780000000e+00	2.54966917349422e+01	3.33195306003353e+01	1
34	58	42	50	1.37538080000000e+00	2.54967088611008e+01	3.50676838307479e+01	1
35	59	43	51	1.43871940000000e+00	2.54967299513728e+01	3.66826400176012e+01	1
36	60	44	52	1.49926720000000e+00	2.54967555076942e+01	3.82264492391053e+01	1
37	61	45	53	1.57436920000000e+00	2.54967861468170e+01	4.01413548085354e+01	1
38	62	46	54	1.66223680000000e+00	2.54968226261767e+01	4.23817568523035e+01	1
39	63	47	55	1.74013060000000e+00	2.54968658783836e+01	4.43678765190712e+01	1
40	64	48	56	1.83720540000000e+00	2.54969170577964e+01	4.68430737019356e+01	1
41	65	49	57	1.91167340000000e+00	2.54969776044119e+01	4.87418938667499e+01	1
42	66	50	58	1.97830780000000e+00	2.54970493331968e+01	5.04410115728481e+01	1
43	67	51	59	2.05465880000000e+00	2.54971345617904e+01	5.23879119021669e+01	1
44	68	52	60	2.12859740000000e+00	2.54972362977686e+01	5.42733508906159e+01	1
45	69	53	61	2.20752860000000e+00	2.54973585213135e+01	5.62861481602533e+01	1
46	70	54	62	2.29302300000000e+00	2.54975066260975e+01	5.84663691362939e+01	1
47	71	55	63	2.39091580000000e+00	2.54976881328384e+01	6.09628254202758e+01	1
48	72	56	64	2.43719740000000e+00	2.54979138934893e+01	6.21434494466361e+01	1
49	73	57	65	2.50548200000000e+00	2.54982002224324e+01	6.38852816897003e+01	1
50	74	58	66	2.56834580000000e+00	2.54985728802843e+01	6.54891525630722e+01	1
51	75	59	67	2.60106740000000e+00	2.54990750121086e+01	6.63248127441503e+01	1
52	76	60	68	2.67149640000000e+00	2.54997842236817e+01	6.81225817543424e+01	1
53	77	61	69	2.73976560000000e+00	2.55008529833308e+01	6.98663597743871e+01	1
54	78	62	70	2.79698540000000e+00	2.55026167697874e+01	7.13304467668905e+01	1
1	28	10	19	8.95348000000000e-02	2.86482312010187e+01	2.56501365093697e+00	1
2	29	11	20	1.44738600000000e-01	2.86465766021768e+01	4.14626539219183e+00	1
3	30	12	21	9.70158000000000e-02	2.86455381267253e+01	2.77906979779476e+00	1
4	31	13	22	9.66912000000000e-02	2.86448337364394e+01	2.76970334777681e+00	1
5	32	14	23	1.01607200000000e-01	2.86443276153205e+01	2.91046992487539e+00	1
6	33	15	24	7.49666000000000e-02	2.86439478438861e+01	2.14733938043347e+00	1
7	34	16	25	1.19103600000000e-01	2.86436533259872e+01	3.41156222827705e+00	1
8	35	17	26	1.31377400000000e-01	2.86434190653317e+01	3.76309792391370e+00	1
9	36	18	27	1.43085000000000e-01	2.86432290441067e+01	4.09841642777600e+00	1
10	37	19	28	1.53247200000000e-01	2.86430725365420e+01	4.38947066562197e+00	1
11	38	20	29	1.38636200000000e-01	2.86429420884121e+01	3.97094864795752e+00	1
12	39	21	30	1.84725400000000e-01	2.86428323539406e+01	5.29105866371462e+00	1
13	40	22	31	2.03085400000000e-01	2.86427393970255e+01	5.81692218754069e+00	1
14	41	23	32	2.16569400000000e-01	2.86426602553342e+01	6.20312374590156e+00	1
15	42	24	33	2.33176200000000e-01	2.86425926591864e+01	6.67877091441698e+00	1
16	43	25	34	2.57661800000000e-01	2.86425348448562e+01	7.38008708468836e+00	1
17	44	26	35	2.91655600000000e-01	2.86424854273360e+01	8.35374127280094e+00	1
18	45	27	36	3.22883800000000e-01	2.86424433116688e+01	9.24818093775619e+00	1
19	46	28	37	3.71502000000000e-01	2.86424076299860e+01	1.06407117193551e+01	1
20	47	29	38	4.29873200000000e-01	2.86423776961365e+01	1.23125905558468e+01	1
21	48	30	39	4.98983000000000e-01	2.86423529726605e+01	1.42920472133570e+01	1
22	49	31	40	5.71521600000000e-01	2.86423330466601e+01	1.63697120105600e+01	1
23	50	32	41	6.37931200000000e-01	2.86423176122599e+01	1.82718280451701e+01	1
24	51	33	42	7.15026800000000e-01	2.86423064581082e+01	2.04800167313605e+01	1
25	52	34	43	7.73891400000000e-01	2.86422994588765e+01	2.21660292274492e+01	1
26	53	35	44	8.37548400000000e-01	2.86422965700754e+01	2.39893096645921e+01	1
27	54	36	45	9.04306000000000e-01	2.86422978257702e+01	2.59014017776309e+01	1
28	55	37	46	9.65573600000000e-01	2.86423033389861e+01	2.76562519473168e+01	1
29	56	38	47	1.02104180000000e+00	2.86423133047761e+01	2.92449991328725e+01	1
30	57	39	48	1.09590140000000e+00	2.86423280060951e+01	3.13891673611389e+01	1
31	58	40	49	1.14758260000000e+00	2.86423478228107e+01	3.28694599846055e+01	1
32	59	41	50	1.20684100000000e+00	2.86423732444009e+01	3.45667903686460e+01	1
33	60	42	51	1.25086600000000e+00	2.86424048871718e+01	3.58278104315971e+01	1
34	61	43	52	1.30701980000000e+00	2.86424435172109e+01	3.74362407973763e+01	1
35	62	44	53	1.35996020000000e+00	2.86424900808375e+01	3.89526465388338e+01	1
36	63	45	54	1.41476500000000e+00	2.86425457451115e+01	4.05224712310826e+01	1
37	64	46	55	1.48193380000000e+00	2.86426119521658e+01	4.24464547721985e+01	1
38	65	47	56	1.56184980000000e+00	2.86426904930041e+01	4.47355804179603e+01	1
39	66	48	57	1.62555540000000e+00	2.86427836093797e+01	4.65604315672587e+01	1
40	67	49	58	1.71917780000000e+00	2.86428941372540e+01	4.92422277285173e+01	1
41	68	50	59	1.78018400000000e+00	2.86430257135469e+01	5.09898560868449e+01	1
42	69	51	60	1.84618560000000e+00	2.86431830821919e+01	5.28806321445064e+01	1
43	70	52	61	1.90710620000000e+00	2.86433725612385e+01	5.46259534004478e+01	1
44	71	53	62	1.97186140000000e+00	2.86436027808808e+01	5.64812146805515e+01	1
45	72	54	63	2.04068320000000e+00	2.86438858962334e+01	5.84530967311604e+01	1
46	73	55	64	2.06095240000000e+00	2.86442396710887e+01	5.90344144963055e+01	1
47	74	56	65	2.12881740000000e+00	2.86446912454397e+01	6.09793171409196e+01	1
48	75	57	66	2.20115800000000e+00	2.86452843616277e+01	6.30527968348717e+01	1
49	76	58	67	2.24552380000000e+00	2.86460942248013e+01	6.43254863588339e+01	1
50	77	59	68	2.31232380000000e+00	2.86472607594578e+01	6.62417428589003e+01	1
51	78	60	69	2.37653820000000e+00	2.86490711965216e+01	6.80856120930534e+01	1
1	31	11	21	9.13628000000000e-02	3.18051402567588e+01	2.90580666825020e+00	1
2	32	12	22	1.02877200000000e-01	3.18034626528389e+01	3.27185118802864e+00	1
3	33	13	23	9.54438000000000e-02	3.18023537983195e+01	3.03533749545604e+00	1
4	34	14	24	9.86476000000000e-02	3.18015713585499e+01	3.13714869074969e+00	1
5	35	15	25	1.04740800000000e-01	3.18009916889444e+01	3.33086131029339e+00	1
6	36	16	26	8.80376000000000e-02	3.18005462223834e+01	2.79964376810770e+00	1
7	37	17	27	1.31856000000000e-01	3.18001942346254e+01	4.19304641100076e+00	1
8	38	18	28	1.43001800000000e-01	3.17999101229269e+01	4.54744438741676e+00	1
9	39	19	29	1.51103400000000e-01	3.17996770059866e+01	4.80503931450640e+00	1
10	40	20	30	1.65954400000000e-01	3.17994832980078e+01	5.27726417103091e+00	1
11	41	21	31	2.32663600000000e-01	3.17993207752860e+01	7.39854444913283e+00	1
12	42	22	32	1.96690400000000e-01	3.17991834340441e+01	6.25459410931550e+00	1
13	43	23	33	2.03398000000000e-01	3.17990667881565e+01	6.46786658657745e+00	1
14	44	24	34	2.31711600000000e-01	3.17989674218731e+01	7.36818961967009e+00	1
15	45	25	35	2.54658400000000e-01	3.17988826959887e+01	8.09785258914818e+00	1
16	46	26	36	2.87943800000000e-01	3.17988105495167e+01	9.15627034510793e+00	1
17	47	27	37	3.27951800000000e-01	3.17987493626745e+01	1.04284570912379e+01	1
18	48	28	38	3.78859000000000e-01	3.17986978603823e+01	1.20472228726866e+01	1
19	49	29	39	4.43258200000000e-01	3.17986550432834e+01	1.40950145969067e+01	1
20	50	30	40	5.48191800000000e-01	3.17986201379747e+01	1.74317428109526e+01	1
21	51	31	41	5.63269400000000e-01	3.17985925610319e+01	1.79111741526969e+01	1
22	52	32	42	6.25959600000000e-01	3.17985718932483e+01	1.99046213428690e+01	1
23	53	33	43	6.85398200000000e-01	3.17985578617057e+01	2.17946743210089e+01	1
24	54	34	44	7.34660400000000e-01	3.17985503281101e+01	2.33611357034695e+01	1
25	55	35	45	7.92714600000000e-01	3.17985492823965e+01	2.52071742749752e+01	1
26	56	36	46	8.49109400000000e-01	3.17985548410361e+01	2.70004518219393e+01	1
27	57	37	47	9.09305200000000e-01	3.17985672498279e+01	2.89146025528182e+01	1
28	58	38	48	9.58798200000000e-01	3.17985868912690e+01	3.04884278738923e+01	1
29	59	39	49	1.01273580000000e+00	3.17986142969188e+01	3.22035950888815e+01	1
30	60	40	50	1.06953720000000e+00	3.17986501655293e+01	3.40098392618197e+01	1
31	61	41	51	1.12315760000000e+00	3.17986953881717e+01	3.57149463953100e+01	1
32	62	42	52	1.16573080000000e+00	3.17987510821969e+01	3.70687835380502e+01	1
33	63	43	53	1.19494380000000e+00	3.17988186367258e+01	3.79978011772800e+01	1
34	64	44	54	1.24908960000000e+00	3.17988997736420e+01	3.97196749986986e+01	1
35	65	45	55	1.30745620000000e+00	3.17989966299747e+01	4.15757952976395e+01	1
36	66	46	56	1.35032440000000e+00	3.17991118705818e+01	4.29391166571762e+01	1
37	67	47	57	1.41755060000000e+00	3.17992488448735e+01	4.50770442795997e+01	1
38	68	48	58	1.48398360000000e+00	3.17994118093333e+01	4.71898056146970e+01	1
39	69	49	59	1.54043140000000e+00	3.17996062512583e+01	4.89851119770746e+01	1
40	70	50	60	1.60420240000000e+00	3.17998393732470e+01	5.10133786421773e+01	1
41	71	51	61	1.66091020000000e+00	3.18001208420602e+01	5.28171450678103e+01	1
42	72	52	62	1.70252220000000e+00	3.18004639894578e+01	5.41409959123524e+01	1
43	73	53	63	1.76645400000000e+00	3.18008878199581e+01	5.61748054931163e+01	1
44	74	54	64	1.80974180000000e+00	3.18014205315973e+01	5.75523600354098e+01	1
45	75	55	65	1.86044180000000e+00	3.18021060378037e+01	5.91659674007625e+01	1
46	76	56	66	1.91577680000000e+00	3.18030168467864e+01	6.09274818450825e+01	1
47	77	57	67	1.94634900000000e+00	3.18042815043790e+01	6.19022315017666e+01	1
48	78	58	68	2.00182400000000e+00	3.18061484913497e+01	6.36703113975476e+01	1
1	34	12	23	9.29306000000000e-02	3.49700464160921e+01	3.24978739547528e+00	1
2	35	13	24	9.53346000000000e-02	3.49683373208082e+01	3.33369245114432e+00	1
3	36	14	25	1.00139000000000e-01	3.49671576288684e+01	3.50157619779726e+00	1
4	37	15	26	7.85250000000000e-02	3.49662972744288e+01	2.74572849347452e+00	1
5	38	16	27	1.22403400000000e-01	3.49656434902120e+01	4.27991364638982e+00	1
6	39	17	28	1.35088600000000e-01	3.49651311047606e+01	4.72339060975856e+00	1
7	40	18	29	1.40324600000000e-01	3.49647200396059e+01	4.90641035366968e+00	1
8	41	19	30	1.53026800000000e-01	3.49643843373772e+01	5.35048784911895e+00	1
9	42	20	31	1.74060200000000e-01	3.49641064414856e+01	6.08585936002627e+00	1
10	43	21	32	1.81112800000000e-01	3.49638740387408e+01	6.33240512600365e+00	1
11	44	22	33	1.91577000000000e-01	3.49636782289764e+01	6.69823658407261e+00	1
12	45	23	34	2.09677200000000e-01	3.49635124176975e+01	7.33105138590804e+00	1
13	46	24	35	2.33869000000000e-01	3.49633716206369e+01	8.17684875754674e+00	1
14	47	25	36	2.68248600000000e-01	3.49632520124669e+01	9.37884340379144e+00	1
15	48	26	37	2.98184400000000e-01	3.49631506254888e+01	1.04254660913710e+01	1
16	49	27	38	3.72000000000000e-01	3.49630651435148e+01	1.30062602333875e+01	1
17	50	28	39	3.91395600000000e-01	3.49629937580400e+01	1.36843619197243e+01	1
18	51	29	40	4.45302800000000e-01	3.49629350663878e+01	1.55690928812807e+01	1
19	52	30	41	5.00544600000000e-01	3.49628879989756e+01	1.75004847882920e+01	1
20	53	31	42	5.59607600000000e-01	3.49628517674122e+01	1.95654775667173e+01	1
21	54	32	43	6.01494800000000e-01	3.49628258280114e+01	2.10299579288545e+01	1
22	55	33	44	6.53178400000000e-01	3.49628098571770e+01	2.28369522020151e+01	1
23	56	34	45	7.05049000000000e-01	3.49628037363761e+01	2.46504898115282e+01	1
24	57	35	46	7.56711000000000e-01	3.49628075453163e+01	2.64567410604239e+01	1
25	58	36	47	8.02540200000000e-01	3.49628215626306e+01	2.80590698094379e+01	1
26	59	37	48	8.54932600000000e-01	3.49628462739456e+01	2.98908770683847e+01	1
27	60	38	49	9.11104000000000e-01	3.49628823877633e+01	3.18548219950207e+01	1
28	61	39	50	9.68657400000000e-01	3.49629308601718e+01	3.38671017033938e+01	1
29	62	40	51	1.01244680000000e+00	3.49629929301234e+01	3.53981703105261e+01	1
30	63	41	52	1.04922720000000e+00	3.49630701679606e+01	3.66842042157328e+01	1
31	64	42	53	1.07997000000000e+00	3.49631645412068e+01	3.77591688095671e+01	1
32	65	43	54	1.12266980000000e+00	3.49632785036036e+01	3.92522168849849e+01	1
33	66	44	55	1.16384700000000e+00	3.49634151163793e+01	4.06920657929527e+01	1
34	67	45	56	1.22194440000000e+00	3.49635782154686e+01	4.27235486043538e+01	1
35	68	46	57	1.27421640000000e+00	3.49637726460941e+01	4.45514125115244e+01	1
36	69	47	58	1.30737180000000e+00	3.49640045990068e+01	4.57109536278118e+01	1
37	70	48	59	1.35991200000000e+00	3.49642821049609e+01	4.75483468059216e+01	1
38	71	49	60	1.40325640000000e+00	3.49646157839175e+01	4.90643208723232e+01	1
39	72	50	61	1.43268720000000e+00	3.49650200197589e+01	5.00939366300524e+01	1
40	73	51	62	1.47873280000000e+00	3.49655148756016e+01	5.17046537154400e+01	1
41	74	52	63	1.54170640000000e+00	3.49661293589783e+01	5.39075054159648e+01	1
42	75	53	64	1.59201380000000e+00	3.49669072799230e+01	5.56677989329579e+01	1
43	76	54	65	1.63855520000000e+00	3.49679184004072e+01	5.72968645281629e+01	1
44	77	55	66	1.68168640000000e+00	3.49692811687619e+01	5.88073645592830e+01	1
45	78	56	67	1.70443280000000e+00	3.49712127315871e+01	5.96060820354946e+01	1
1	37	13	25	9.44250000000000e-02	3.81407759767339e+01	3.60144277160310e+00	1
2	38	14	26	1.00514600000000e-01	3.81390281584869e+01	3.83352915973905e+00	1
3	39	15	27	1.14158600000000e-01	3.81377772372367e+01	4.35375525651481e+00	1
4	40	16	28	1.22698800000000e-01	3.81368395409649e+01	4.67934444746895e+00	1
5	41	17	29	1.30845600000000e-01	3.81361119064305e+01	4.98994244406405e+00	1
6	42	18	30	1.40730000000000e-01	3.81355324560572e+01	5.36681348254094e+00	1
7	43	19	31	1.53081200000000e-01	3.81350619250268e+01	5.83776104155742e+00	1
8	44	20	32	1.62254000000000e-01	3.81346741969552e+01	6.18750342715276e+00	1
9	45	21	33	1.72917000000000e-01	3.81343512061974e+01	6.59407760752203e+00	1
10	46	22	34	1.92821200000000e-01	3.81340800437319e+01	7.35305907492844e+00	1
11	47	23	35	2.13007200000000e-01	3.81338512374083e+01	8.12278487729688e+00	1
12	48	24	36	2.38845800000000e-01	3.81336576885857e+01	9.10806397755641e+00	1
13	49	25	37	2.70509800000000e-01	3.81334939914397e+01	1.03154838329256e+01	1
14	50	26	38	3.46076600000000e-01	3.81333559839632e+01	1.31970621855197e+01	1
15	51	27	39	3.52092800000000e-01	3.81332404441883e+01	1.34264394010675e+01	1
16	52	28	40	3.97935800000000e-01	3.81331448804186e+01	1.51745435145053e+01	1
17	53	29	41	4.50680600000000e-01	3.81330673842508e+01	1.71858336885746e+01	1
18	54	30	42	5.01490000000000e-01	3.81330065268666e+01	1.91233214431583e+01	1
19	55	31	43	5.42943800000000e-01	3.81329612861611e+01	2.07040549059612e+01	1
20	56	32	44	5.82327000000000e-01	3.81329309966943e+01	2.22058353085120e+01	1
21	57	33	45	6.31613400000000e-01	3.81329153173141e+01	2.40852602954808e+01	1
22	58	34	46	6.79167400000000e-01	3.81329142132359e+01	2.58986322006265e+01	1
23	59	35	47	7.23021200000000e-01	3.81329279507580e+01	2.75709153264706e+01	1
24	60	36	48	7.72397400000000e-01	3.81329571038844e+01	2.94537969213519e+01	1
25	61	37	49	8.24447200000000e-01	3.81330025730916e+01	3.14386471989781e+01	1
26	62	38	50	8.80598400000000e-01	3.81330656174516e+01	3.35799165698229e+01	1
27	63	39	51	9.18227200000000e-01	3.81331479024552e+01	3.50148936256573e+01	1
28	64	40	52	9.56045600000000e-01	3.81332515673324e+01	3.64571273746412e+01	1
29	65	41	53	9.89012200000000e-01	3.81333793177018e+01	3.77143773724348e+01	1
30	66	42	54	1.02182440000000e+00	3.81335345523753e+01	3.89657760638601e+01	1
31	67	43	55	1.06908460000000e+00	3.81337215377425e+01	4.07681744366888e+01	1
32	68	44	56	1.11557060000000e+00	3.81339456504891e+01	4.25411086296835e+01	1
33	69	45	57	1.14664280000000e+00	3.81342137214230e+01	4.37263215973309e+01	1
34	70	46	58	1.18630140000000e+00	3.81345345336004e+01	4.52390517055585e+01	1
35	71	47	59	1.21919260000000e+00	3.81349195637691e+01	4.64938117337425e+01	1
36	72	48	60	1.23242500000000e+00	3.81353841214063e+01	4.69990007758242e+01	1
37	73	49	61	1.26463220000000e+00	3.81359491633891e+01	4.82279492895850e+01	1
38	74	50	62	1.29909540000000e+00	3.81366443079677e+01	4.95431391919170e+01	1
39	75	51	63	1.35295120000000e+00	3.81375130848624e+01	5.15981940931802e+01	1
40	76	52	64	1.40032620000000e+00	3.81386225948749e+01	5.34065124515154e+01	1
41	77	53	65	1.44667620000000e+00	3.81400824355431e+01	5.51763495255383e+01	1
42	78	54	66	1.49357160000000e+00	3.81420842566807e+01	5.69679338105855e+01	1
1	40	14	27	1.06528600000000e-01	4.13156933194937e+01	4.40130296735502e+00	1
2	41	15	28	1.12679400000000e-01	4.13139012113696e+01	4.65522560015640e+00	1
3	42	16	29	1.20635000000000e-01	4.13125793257797e+01	4.98374300696543e+00	1
4	43	17	30	7.05252000000000e-02	4.13115657165201e+01	2.91350643447072e+00	1
5	44	18	31	1.41807200000000e-01	4.13107656511463e+01	5.85816400684523e+00	1
6	45	19	32	1.53408800000000e-01	4.13101203759341e+01	6.33733599472760e+00	1
7	46	20	33	1.63140200000000e-01	4.13095915458595e+01	6.73925502670983e+00	1
8	47	21	34	1.78976000000000e-01	4.13091530489769e+01	7.39334697609368e+00	1
9	48	22	35	1.94925800000000e-01	4.13087864691967e+01	8.05214824953735e+00	1
10	49	23	36	2.12920400000000e-01	4.13084784427390e+01	8.79541775341936e+00	1
11	50	24	37	2.44475200000000e-01	4.13082190513093e+01	1.00988351142126e+01	1
12	51	25	38	2.79524600000000e-01	4.13080008088506e+01	1.15466024028937e+01	1
13	52	26	39	3.20287400000000e-01	4.13078180020657e+01	1.32303736275548e+01	1
14	53	27	40	3.63604200000000e-01	4.13076662496555e+01	1.50196409405730e+01	1
15	54	28	41	4.08060400000000e-01	4.13075422014976e+01	1.68559721937600e+01	1
16	55	29	42	4.47224200000000e-01	4.13074433303905e+01	1.84736882974792e+01	1
17	56	30	43	4.87002400000000e-01	4.13073677871400e+01	2.01167872500198e+01	1
18	57	31	44	5.24335000000000e-01	4.13073143006176e+01	2.16588706438143e+01	1
19	58	32	45	5.67826400000000e-01	4.13072821111419e+01	2.34553652949541e+01	1
20	59	33	46	6.14847000000000e-01	4.13072709298605e+01	2.53976516094119e+01	1
21	60	34	47	6.58755800000000e-01	4.13072809197629e+01	2.72114108881232e+01	1
22	61	35	48	7.05517000000000e-01	4.13073126960998e+01	2.91430113314142e+01	1
23	62	36	49	7.57173800000000e-01	4.13073673457530e+01	3.12768563011797e+01	1
24	63	37	50	7.98527600000000e-01	4.13074464667389e+01	3.29851360892135e+01	1
25	64	38	51	8.40457200000000e-01	4.13075522308316e+01	3.47172296867785e+01	1
26	65	39	52	8.73594600000000e-01	4.13076874745201e+01	3.60861727162284e+01	1
27	66	40	53	9.09597200000000e-01	4.13078558265846e+01	3.75735099978650e+01	1
28	67	41	54	9.50467200000000e-01	4.13080618850840e+01	3.92619579173425e+01	1
29	68	42	55	9.86166000000000e-01	4.13083114635170e+01	4.07368522827307e+01	1
30	69	43	56	1.02091180000000e+00	4.13086119370964e+01	4.21724493682026e+01	1
31	70	44	57	1.05730000000000e+00	4.13089727386797e+01	4.36759768766060e+01	1
32	71	45	58	1.08639940000000e+00	4.13094060858874e+01	4.48785139860644e+01	1
33	72	46	59	1.11248680000000e+00	4.13099280780138e+01	4.59567496957397e+01	1
34	73	47	60	1.12439200000000e+00	4.13105604071419e+01	4.64492636373071e+01	1
35	74	48	61	1.14404860000000e+00	4.13113331326582e+01	4.72621728345513e+01	1
36	75	49	62	1.16651460000000e+00	4.13122893841295e+01	4.81913887260121e+01	1
37	76	50	63	1.20617740000000e+00	4.13134937480411e+01	4.98314024739285e+01	1
38	77	51	64	1.23834280000000e+00	4.13150481092680e+01	5.11621923577656e+01	1
39	78	52	65	1.27530140000000e+00	4.13171232394692e+01	5.26917851112676e+01	1
1	43	15	29	1.16908600000000e-01	4.44936163617446e+01	5.20168639778866e+00	1
2	44	16	30	1.25742400000000e-01	4.44917764379793e+01	5.59450274957497e+00	1
3	45	17	31	1.36944200000000e-01	4.44903850729106e+01	6.09270019150168e+00	1
4	46	18	32	1.80949200000000e-01	4.44892983278472e+01	8.05030294098529e+00	1
5	47	19	33	1.52318600000000e-01	4.44884288667533e+01	6.77641520118345e+00	1
6	48	20	34	1.64954800000000e-01	4.44877208743191e+01	7.33846309927913e+00	1
7	49	21	35	1.79085400000000e-01	4.44871370061049e+01	7.96699672559310e+00	1
8	50	22	36	1.94145600000000e-01	4.44866513101712e+01	8.63688761060397e+00	1
9	51	23	37	2.03207000000000e-01	4.44862451893612e+01	9.03991642619452e+00	1
10	52	24	38	2.54758000000000e-01	4.44859049923498e+01	1.13331401840411e+01	1
11	53	25	39	2.93705200000000e-01	4.44856205192982e+01	1.30656580717446e+01	1
12	54	26	40	3.32753000000000e-01	4.44853840633977e+01	1.48026450032478e+01	1
13	55	27	41	3.72206000000000e-01	4.44851897788442e+01	1.65576545468245e+01	1
14	56	28	42	4.10771800000000e-01	4.44850332550354e+01	1.82731971832307e+01	1
15	57	29	43	4.43180000000000e-01	4.44849112257763e+01	1.97148229570395e+01	1
16	58	30	44	4.77189800000000e-01	4.44848213701929e+01	2.12277030126781e+01	1
17	59	31	45	5.16803200000000e-01	4.44847621785430e+01	2.29898674451100e+01	1
18	60	32	46	5.58038200000000e-01	4.44847328662406e+01	2.48241802561578e+01	1
19	61	33	47	6.02027600000000e-01	4.44847333259243e+01	2.67810372408462e+01	1
20	62	34	48	6.45493600000000e-01	4.44847641118602e+01	2.87146305317155e+01	1
21	63	35	49	6.81456000000000e-01	4.44848264543353e+01	3.03144518962655e+01	1
22	64	36	50	7.35817600000000e-01	4.44849223045805e+01	3.27327887663429e+01	1
23	65	37	51	7.57079200000000e-01	4.44850544136857e+01	3.36787094074697e+01	1
24	66	38	52	7.83983800000000e-01	4.44852264524124e+01	3.48756968780228e+01	1
25	67	39	53	8.22457600000000e-01	4.44854431834334e+01	3.65873908355830e+01	1
26	68	40	54	8.73548800000000e-01	4.44857107042701e+01	3.88604392028623e+01	1
27	69	41	55	9.02379000000000e-01	4.44860367896539e+01	4.01432653922111e+01	1
28	70	42	56	1.02114920000000e+00	4.44864313789769e+01	4.54272838134972e+01	1
29	71	43	57	9.74079800000000e-01	4.44869072830139e+01	4.33337977488568e+01	1
30	72	44	58	9.90941000000000e-01	4.44874812339018e+01	4.40844691414039e+01	1
31	73	45	59	1.01035560000000e+00	4.44881754927027e+01	4.49488772428349e+01	1
32	74	46	60	1.02936200000000e+00	4.44890203996047e+01	4.57953070165779e+01	1
33	75	47	61	1.03874100000000e+00	4.44900585892539e+01	4.62136479490602e+01	1
34	76	48	62	1.06968960000000e+00	4.44913522942205e+01	4.75919368390639e+01	1
35	77	49	63	1.09762080000000e+00	4.44929966825359e+01	4.88364386130824e+01	1
36	78	50	64	1.11798660000000e+00	4.44951453111002e+01	4.97449762228629e+01	1
1	46	16	31	1.26084200000000e-01	4.76736988952871e+01	6.01090018625315e+00	1
2	47	17	32	1.30256800000000e-01	4.76718101236048e+01	6.20957743690837e+00	1
3	48	18	33	1.44031400000000e-01	4.76703526347634e+01	6.86602762847866e+00	1
4	49	19	34	1.54301600000000e-01	4.76691975391650e+01	7.35543345100922e+00	1
5	50	20	35	1.66196200000000e-01	4.76682640211926e+01	7.92228434091893e+00	1
6	51	21	36	1.71830800000000e-01	4.76674990434322e+01	8.19074449463219e+00	1
7	52	22	37	2.06204000000000e-01	4.76668663514725e+01	9.82909850913904e+00	1
8	53	23	38	2.34021600000000e-01	4.76663403291530e+01	1.11549532299729e+01	1
9	54	24	39	2.67039200000000e-01	4.76659024042928e+01	1.27286644453204e+01	1
10	55	25	40	3.03294600000000e-01	4.76655388582183e+01	1.44567005417878e+01	1
11	56	26	41	3.39960400000000e-01	4.76652394430250e+01	1.62042938671465e+01	1
12	57	27	42	3.76995400000000e-01	4.76649964830843e+01	1.79694844151390e+01	1
13	58	28	43	4.09093400000000e-01	4.76648042783437e+01	1.94993568425622e+01	1
14	59	29	44	4.69613200000000e-01	4.76646587030503e+01	2.23839529004473e+01	1
15	60	30	45	4.74303000000000e-01	4.76645569362356e+01	2.26074423485274e+01	1
16	61	31	46	5.12372600000000e-01	4.76644972852177e+01	2.44219824017199e+01	1
17	62	32	47	5.50521600000000e-01	4.76644790785608e+01	2.62403252854958e+01	1
18	63	33	48	5.88720200000000e-01	4.76645026147049e+01	2.80610555122296e+01	1
19	64	34	49	6.51496000000000e-01	4.76645691592780e+01	3.10532761489930e+01	1
20	65	35	50	6.75966000000000e-01	4.76646809894421e+01	3.22197037497092e+01	1
21	66	36	51	7.14822600000000e-01	4.76648414885413e+01	3.40719059214269e+01	1
22	67	37	52	7.54308000000000e-01	4.76650552997441e+01	3.59541325330394e+01	1
23	68	38	53	7.89467000000000e-01	4.76653285543616e+01	3.76302039378262e+01	1
24	69	39	54	8.17871400000000e-01	4.76656692005870e+01	3.89843876010209e+01	1
25	70	40	55	8.49479000000000e-01	4.76660874740153e+01	4.04913403213391e+01	1
26	71	41	56	8.72089000000000e-01	4.76665965768148e+01	4.15695145420778e+01	1
27	72	42	57	8.97958600000000e-01	4.76672136759351e+01	4.28031844583435e+01	1
28	73	43	58	9.15557200000000e-01	4.76679614079172e+01	4.36427452763407e+01	1
29	74	44	59	9.36032200000000e-01	4.76688702203842e+01	4.46195974639007e+01	1
30	75	45	60	9.54066400000000e-01	4.76699821548751e+01	4.54803282625660e+01	1
31	76	46	61	9.72411000000000e-01	4.76713572290692e+01	4.63561521544764e+01	1
32	77	47	62	9.89215800000000e-01	4.76730847336280e+01	4.71589686532436e+01	1
33	78	48	63	1.02198740000000e+00	4.76753039147486e+01	4.87235598920437e+01	1
1	49	17	33	1.46870000000000e-01	5.08553276224334e+01	7.46912196790679e+00	1
2	50	18	34	1.41275600000000e-01	5.08533921148689e+01	7.18434348306337e+00	1
3	51	19	35	1.51675800000000e-01	5.08518746018679e+01	7.71299876173800e+00	1
4	52	20	36	1.67257000000000e-01	5.08506589063599e+01	8.50512865670103e+00	1
5	53	21	37	1.90575200000000e-01	5.08496700298596e+01	9.69068603587450e+00	1
6	54	22	38	2.15447600000000e-01	5.08488576148270e+01	1.09552643358562e+01	1
7	55	23	39	2.45769400000000e-01	5.08481866333191e+01	1.24969283199589e+01	1
8	56	24	40	2.78337400000000e-01	5.08476320388799e+01	1.41527976978585e+01	1
9	57	25	41	3.13346400000000e-01	5.08471755671782e+01	1.59327794141432e+01	1
10	58	26	42	3.81770000000000e-01	5.08468037506756e+01	1.94117842678954e+01	1
11	59	27	43	3.77018800000000e-01	5.08465066490433e+01	1.91700889210143e+01	1
12	60	28	44	4.04152600000000e-01	5.08462770192727e+01	2.05496550576593e+01	1
13	61	29	45	4.38254200000000e-01	5.08461097672775e+01	2.22835211591704e+01	1
14	62	30	46	4.75784000000000e-01	5.08460015879159e+01	2.41917140195050e+01	1
15	63	31	47	5.07248400000000e-01	5.08459507379115e+01	2.57915271582844e+01	1
16	64	32	48	5.44990200000000e-01	5.08459569088821e+01	2.77105482249630e+01	1
17	65	33	49	5.90736400000000e-01	5.08460211823912e+01	3.00365955076095e+01	1
18	66	34	50	6.28059800000000e-01	5.08461460594514e+01	3.19344203248698e+01	1
19	67	35	51	6.69814200000000e-01	5.08463355656614e+01	3.40575975798451e+01	1
20	68	36	52	7.06765200000000e-01	5.08465954419697e+01	3.59366041968628e+01	1
21	69	37	53	7.32097000000000e-01	5.08469334417834e+01	3.72248874319293e+01	1
22	70	38	54	7.69840600000000e-01	5.08473597702071e+01	3.91443619539121e+01	1
23	71	39	55	7.97616000000000e-01	5.08478877244721e+01	4.05570888152425e+01	1
24	72	40	56	8.17405600000000e-01	5.08485346329432e+01	4.15638769607617e+01	1
25	73	41	57	8.31297800000000e-01	5.08493232562869e+01	4.22709305544401e+01	1
26	74	42	58	8.48506600000000e-01	5.08502839337005e+01	4.31468015296188e+01	1
27	75	43	59	8.69126600000000e-01	5.08514579813124e+01	4.41963547803409e+01	1
28	76	44	60	8.89487600000000e-01	5.08529032890249e+01	4.52330268995868e+01	1
29	77	45	61	9.04090400000000e-01	5.08547039456428e+01	4.59772496320977e+01	1
30	78	46	62	9.20266600000000e-01	5.08569871760743e+01	4.68019866747695e+01	1
1	52	18	35	1.45222800000000e-01	5.40380452773607e+01	7.84755624170510e+00	1
2	53	19	36	2.30967000000000e-01	5.40360692992426e+01	1.24805488178382e+01	1
3	54	20	37	1.77168200000000e-01	5.40345018817840e+01	9.57319543629228e+00	1
4	55	21	38	1.98620800000000e-01	5.40332377521252e+01	1.07321249089173e+01	1
5	56	22	39	2.24800800000000e-01	5.40322072190624e+01	1.21464834086110e+01	1
6	57	23	40	2.54174800000000e-01	5.40313626148900e+01	1.37334107863672e+01	1
7	58	24	41	2.87555800000000e-01	5.40306703741804e+01	1.55368326439837e+01	1
8	59	25	42	3.19494800000000e-01	5.40301063709605e+01	1.72623380289687e+01	1
9	60	26	43	3.47080400000000e-01	5.40296530760735e+01	1.87526336015048e+01	1
10	61	27	44	3.75579600000000e-01	5.40292977703485e+01	2.02923020448684e+01	1
11	62	28	45	4.07003000000000e-01	5.40290313968394e+01	2.19899778656078e+01	1
12	63	29	46	4.37355200000000e-01	5.40288478174744e+01	2.36297975429811e+01	1
13	64	30	47	4.71200400000000e-01	5.40287433386389e+01	2.54583654726640e+01	1
14	65	31	48	5.02565800000000e-01	5.40287164267476e+01	2.71529850939815e+01	1
15	66	32	49	5.44848800000000e-01	5.40287675689656e+01	2.94375091754299e+01	1
16	67	33	50	5.87799200000000e-01	5.40288992565851e+01	3.17581437599013e+01	1
17	68	34	51	6.22002000000000e-01	5.40291160852532e+01	3.36062182632597e+01	1
18	69	35	52	6.55279600000000e-01	5.40294249813148e+01	3.54043799899860e+01	1
19	70	36	53	6.85392800000000e-01	5.40298355804266e+01	3.70316602920082e+01	1
20	71	37	54	7.14099600000000e-01	5.40303608073710e+01	3.85830590403993e+01	1
21	72	38	55	7.44168200000000e-01	5.40310177407836e+01	4.02081652163270e+01	1
22	73	39	56	7.58960200000000e-01	5.40318289040355e+01	4.10080076713726e+01	1
23	74	40	57	7.80267000000000e-01	5.40328242240884e+01	4.21600296588568e+01	1
24	75	41	58	8.05970000000000e-01	5.40340440841456e+01	4.35498185104988e+01	1
25	76	42	59	8.11546000000000e-01	5.40355442462090e+01	4.38523297908339e+01	1
26	77	43	60	8.27994400000000e-01	5.40374040971619e+01	4.47426679829871e+01	1
27	78	44	61	8.45146200000000e-01	5.40397406174239e+01	4.56714814318015e+01	1
1	55	19	37	1.65488800000000e-01	5.72214984327403e+01	9.46951710983608e+00	1
2	56	20	38	1.86054400000000e-01	5.72194940015354e+01	1.06459386247593e+01	1
3	57	21	39	2.11246400000000e-01	5.72178927684884e+01	1.20870738629292e+01	1
4	58	22	40	2.46120400000000e-01	5.72165990355767e+01	1.40821722412758e+01	1
5	59	23	41	2.65179800000000e-01	5.72155481432597e+01	1.51724076135200e+01	1
6	60	24	42	2.96527200000000e-01	5.72146953003312e+01	1.69657133962604e+01	1
7	61	25	43	3.23639400000000e-01	5.72140088238218e+01	1.85167074873364e+01	1
8	62	26	44	3.50053600000000e-01	5.72134660765949e+01	2.00277797685899e+01	1
9	63	27	45	3.78483200000000e-01	5.72130509586983e+01	2.16541786086112e+01	1
10	64	28	46	4.06714000000000e-01	5.72127523265373e+01	2.32692273497353e+01	1
11	65	29	47	4.39861000000000e-01	5.72125629926985e+01	2.51655751705313e+01	1
12	66	30	48	5.13554800000000e-01	5.72124791099661e+01	2.93817432668228e+01	1
13	67	31	49	5.10767800000000e-01	5.72124998282780e+01	2.92223026697899e+01	1
14	68	32	50	5.46132200000000e-01	5.72126271648584e+01	3.12456579413239e+01	1
15	69	33	51	5.78052200000000e-01	5.72128660623810e+01	3.30720230956647e+01	1
16	70	34	52	6.10619800000000e-01	5.72132246376451e+01	3.49355277855939e+01	1
17	71	35	53	6.32204800000000e-01	5.72137146510323e+01	3.61707850282129e+01	1
18	72	36	54	6.62964400000000e-01	5.72143522620958e+01	3.79310787188290e+01	1
19	73	37	55	6.90614600000000e-01	5.72151591889467e+01	3.95136242772108e+01	1
20	74	38	56	7.11324200000000e-01	5.72161644755645e+01	4.06992424226493e+01	1
21	75	39	57	7.29022800000000e-01	5.72174072236729e+01	4.17127944229423e+01	1
22	76	40	58	7.47670800000000e-01	5.72189409270990e+01	4.27809313381169e+01	1
23	77	41	59	7.63212800000000e-01	5.72208405680469e+01	4.36716779482927e+01	1
24	78	42	60	7.77544600000000e-01	5.72232142079643e+01	4.44936012020459e+01	1
1	58	20	39	1.96247600000000e-01	6.04054055658487e+01	1.18544158693244e+01	1
2	59	21	40	2.18551000000000e-01	6.04033930021974e+01	1.32012219440232e+01	1
3	60	22	41	2.45848600000000e-01	6.04017830638663e+01	1.48496938037552e+01	1
4	61	23	42	2.71766000000000e-01	6.04004887817895e+01	1.64147992342718e+01	1
5	62	24	43	2.98947600000000e-01	6.03994505694455e+01	1.80562707890544e+01	1
6	63	25	44	3.24711800000000e-01	6.03986269949800e+01	1.96121468890686e+01	1
7	64	26	45	3.42624400000000e-01	6.03979890123691e+01	2.06938247465696e+01	1
8	65	27	46	3.81526000000000e-01	6.03975164471705e+01	2.30432228600232e+01	1
9	66	28	47	4.11362600000000e-01	6.03971958266152e+01	2.48451475079456e+01	1
10	67	29	48	4.44647000000000e-01	6.03970190440585e+01	2.68553533268835e+01	1
11	68	30	49	4.76095400000000e-01	6.03969825744199e+01	2.87547255775615e+01	1
12	69	31	50	5.09419000000000e-01	6.03970870857993e+01	3.07674237061608e+01	1
13	70	32	51	5.41676600000000e-01	6.03973373711192e+01	3.27158243562408e+01	1
14	71	33	52	5.74754800000000e-01	6.03977425790315e+01	3.47138924564627e+01	1
15	72	34	53	5.92192600000000e-01	6.03983167720601e+01	3.57674362448699e+01	1
16	73	35	54	6.17987400000000e-01	6.03990798957992e+01	3.73258703471972e+01	1
17	74	36	55	6.43509200000000e-01	6.04000593226145e+01	3.88679938546482e+01	1
18	75	37	56	6.65456600000000e-01	6.04012922634016e+01	4.01944385852095e+01	1
19	76	38	57	6.86585200000000e-01	6.04028295698587e+01	4.14716888207873e+01	1
20	77	39	58	7.03779400000000e-01	6.04047418532679e+01	4.25116129786478e+01	1
21	78	40	59	7.20766800000000e-01	6.04071291444922e+01	4.35394531706623e+01	1
1	61	21	41	2.11560000000000e-01	6.35895415591644e+01	1.34530034122568e+01	1
2	62	22	42	2.58327600000000e-01	6.35875535892249e+01	1.64264201085759e+01	1
3	63	23	43	2.85078800000000e-01	6.35859739570793e+01	1.81270131525154e+01	1
4	64	24	44	3.02219800000000e-01	6.35847241461178e+01	1.92165626144949e+01	1
5	65	25	45	3.28478600000000e-01	6.35837501690564e+01	2.08859012382814e+01	1
6	66	26	46	3.56765200000000e-01	6.35830149601683e+01	2.26842070488674e+01	1
7	67	27	47	3.86238600000000e-01	6.35824934934420e+01	2.45580132714162e+01	1
8	68	28	48	4.16740600000000e-01	6.35821698170764e+01	2.64972715988703e+01	1
9	69	29	49	4.47238600000000e-01	6.35820352869958e+01	2.84363404469066e+01	1
10	70	30	50	5.10198200000000e-01	6.35820875962223e+01	3.24394666438350e+01	1
11	71	31	51	5.07429400000000e-01	6.35823303895204e+01	3.22635437601561e+01	1
12	72	32	52	5.30062400000000e-01	6.35827733751676e+01	3.37028374538974e+01	1
13	73	33	53	5.51878000000000e-01	6.35834329389815e+01	3.50902978034993e+01	1
14	74	34	54	5.77268400000000e-01	6.35843333593628e+01	3.67052263834260e+01	1
15	75	35	55	6.01254800000000e-01	6.35855088456003e+01	3.82310924038597e+01	1
16	76	36	56	6.26976200000000e-01	6.35870068161400e+01	3.98675399029576e+01	1
17	77	37	57	6.45818200000000e-01	6.35888931505508e+01	4.10668645144811e+01	1
18	78	38	58	7.42463600000000e-01	6.35912602452939e+01	4.72141960102578e+01	1
1	64	22	43	2.64045200000000e-01	6.67737367122330e+01	1.76312846649289e+01	1
2	65	23	44	2.83486200000000e-01	6.67718251636214e+01	1.89288909826994e+01	1
3	66	24	45	3.08106600000000e-01	6.67703367431896e+01	2.05723814347992e+01	1
4	67	25	46	3.36342200000000e-01	6.67692019143868e+01	2.24573002641291e+01	1
5	68	26	47	3.62561000000000e-01	6.67683736507431e+01	2.42076083191871e+01	1
6	69	27	48	3.89539000000000e-01	6.67678212547752e+01	2.60086703237639e+01	1
7	70	28	49	4.19172400000000e-01	6.67675263605022e+01	2.79871042665950e+01	1
8	71	29	50	4.51510400000000e-01	6.67674806328860e+01	3.01462118875466e+01	1
9	72	30	51	4.70913400000000e-01	6.67676846278865e+01	3.14417973782458e+01	1
10	73	31	52	4.95881600000000e-01	6.67681475413833e+01	3.31090958318572e+01	1
11	74	32	53	5.15421800000000e-01	6.67688877700197e+01	3.44141403184215e+01	1
12	75	33	54	5.41310400000000e-01	6.67699343757487e+01	3.61432598849103e+01	1
13	76	34	55	5.67507400000000e-01	6.67713297417013e+01	3.78932237362556e+01	1
14	77	35	56	5.89320600000000e-01	6.67731339737372e+01	3.93507833772832e+01	1
15	78	36	57	6.08759600000000e-01	6.67754315558733e+01	4.06501850037808e+01	1
1	67	23	45	2.92317400000000e-01	6.99578910207631e+01	2.04499088126728e+01	1
2	68	24	46	3.16166800000000e-01	6.99561380311926e+01	2.21178083016805e+01	1
3	69	25	47	3.40507000000000e-01	6.99548371571848e+01	2.38201117358815e+01	1
4	70	26	48	3.70890800000000e-01	6.99539297277368e+01	2.59452689598641e+01	1
5	71	27	49	3.93737800000000e-01	6.99533786543471e+01	2.75432894139296e+01	1
6	72	28	50	4.19886200000000e-01	6.99531636807050e+01	2.93723680758692e+01	1
7	73	29	51	4.42854200000000e-01	6.99532784969391e+01	3.09791031861392e+01	1
8	74	30	52	4.66060400000000e-01	6.99537295462292e+01	3.26026631738074e+01	1
9	75	31	53	4.85938600000000e-01	6.99545362363230e+01	3.39936094023281e+01	1
10	76	32	54	5.08877800000000e-01	6.99557325664888e+01	3.55989192858232e+01	1
11	77	33	55	5.33313200000000e-01	6.99573704791825e+01	3.73091891138383e+01	1
12	78	34	56	5.55205600000000e-01	6.99595251327418e+01	3.88419201270390e+01	1
1	70	24	47	3.22361800000000e-01	7.31420085272694e+01	2.35781895244659e+01	1
2	71	25	48	3.88796000000000e-01	7.31405460608014e+01	2.84367517462554e+01	1
3	72	26	49	3.68618800000000e-01	7.31395885457080e+01	2.69606273622126e+01	1
4	73	27	50	3.91829200000000e-01	7.31390927635292e+01	2.86580322062594e+01	1
5	74	28	51	4.15086400000000e-01	7.31390380788679e+01	3.03590200156202e+01	1
6	75	29	52	4.37472800000000e-01	7.31394235988651e+01	3.19965084321816e+01	1
7	76	30	53	4.60473800000000e-01	7.31402673243792e+01	3.36791768278727e+01	1
8	77	31	54	4.80744800000000e-01	7.31416075826923e+01	3.51624475090199e+01	1
9	78	32	55	5.03313800000000e-01	7.31435064822567e+01	3.68141361929093e+01	1
1	73	25	49	3.46891000000000e-01	7.63262641011598e+01	2.64768940803154e+01	1
2	74	26	50	3.68441200000000e-01	7.63253100172953e+01	2.81213888131443e+01	1
3	75	27	51	3.91660000000000e-01	7.63249570208035e+01	2.98934326667679e+01	1
4	76	28	52	4.13170200000000e-01	7.63251882378492e+01	3.15352932892698e+01	1
5	77	29	53	4.31799600000000e-01	7.63260148987106e+01	3.29575427028573e+01	1
6	78	30	54	4.53144400000000e-01	7.63274767351182e+01	3.45873686486491e+01	1
1	76	26	51	3.71605000000000e-01	7.95111323328814e+01	2.95467343305604e+01	1
2	77	27	52	3.89903200000000e-01	7.95110631625720e+01	3.10016179624889e+01	1
3	78	28	53	4.07456800000000e-01	7.95117772395324e+01	3.23976143163327e+01	1
0
