144# Number of sensors
#x	z
1.75	-0.1
1.75	-0.2
1.75	-0.3
1.75	-0.4
1.75	-0.5
1.75	-0.6
1.75	-0.7
1.75	-0.8
1.75	-0.9
1.75	-1
1.75	-1.1
1.75	-1.2
1.75	-1.3
1.75	-1.4
1.75	-1.5
1.75	-1.6
2.25	-0.1
2.25	-0.2
2.25	-0.3
2.25	-0.4
2.25	-0.5
2.25	-0.6
2.25	-0.7
2.25	-0.8
2.25	-0.9
2.25	-1
2.25	-1.1
2.25	-1.2
2.25	-1.3
2.25	-1.4
2.25	-1.5
2.25	-1.6
2.75	-0.1
2.75	-0.2
2.75	-0.3
2.75	-0.4
2.75	-0.5
2.75	-0.6
2.75	-0.7
2.75	-0.8
2.75	-0.9
2.75	-1
2.75	-1.1
2.75	-1.2
2.75	-1.3
2.75	-1.4
2.75	-1.5
2.75	-1.6
3.25	-0.1
3.25	-0.2
3.25	-0.3
3.25	-0.4
3.25	-0.5
3.25	-0.6
3.25	-0.7
3.25	-0.8
3.25	-0.9
3.25	-1
3.25	-1.1
3.25	-1.2
3.25	-1.3
3.25	-1.4
3.25	-1.5
3.25	-1.6
3.75	-0.1
3.75	-0.2
3.75	-0.3
3.75	-0.4
3.75	-0.5
3.75	-0.6
3.75	-0.7
3.75	-0.8
3.75	-0.9
3.75	-1
3.75	-1.1
3.75	-1.2
3.75	-1.3
3.75	-1.4
3.75	-1.5
3.75	-1.6
4.25	-0.1
4.25	-0.2
4.25	-0.3
4.25	-0.4
4.25	-0.5
4.25	-0.6
4.25	-0.7
4.25	-0.8
4.25	-0.9
4.25	-1
4.25	-1.1
4.25	-1.2
4.25	-1.3
4.25	-1.4
4.25	-1.5
4.25	-1.6
4.75	-0.1
4.75	-0.2
4.75	-0.3
4.75	-0.4
4.75	-0.5
4.75	-0.6
4.75	-0.7
4.75	-0.8
4.75	-0.9
4.75	-1
4.75	-1.1
4.75	-1.2
4.75	-1.3
4.75	-1.4
4.75	-1.5
4.75	-1.6
5.25	-0.1
5.25	-0.2
5.25	-0.3
5.25	-0.4
5.25	-0.5
5.25	-0.6
5.25	-0.7
5.25	-0.8
5.25	-0.9
5.25	-1
5.25	-1.1
5.25	-1.2
5.25	-1.3
5.25	-1.4
5.25	-1.5
5.25	-1.6
5.75	-0.1
5.75	-0.2
5.75	-0.3
5.75	-0.4
5.75	-0.5
5.75	-0.6
5.75	-0.7
5.75	-0.8
5.75	-0.9
5.75	-1
5.75	-1.1
5.75	-1.2
5.75	-1.3
5.75	-1.4
5.75	-1.5
5.75	-1.6
1256# Number of data
#a	b	m	n	R	err
16	32	15	31	65.13	0.0301535
16	32	31	14	-42.61	0.0302347
16	32	14	30	23.34	0.0304284
16	32	30	13	-19.53	0.030512
16	32	13	29	12.66	0.0307899
16	32	29	12	-11.41	0.0308764
16	32	12	28	8.67	0.0311534
16	32	28	11	-6.91	0.0314472
16	32	11	27	5.34	0.0318727
16	32	27	10	-3.53	0.0328329
16	32	10	26	2.85	0.0335088
16	32	26	9	-2.11	0.0347393
16	32	9	25	1.75	0.0357143
16	32	25	8	-1.39	0.0371942
16	32	8	24	1.18	0.0384746
16	32	24	7	-0.96	0.0404167
15	31	14	30	74.8	0.0301337
15	31	30	13	-60.88	0.0301643
15	31	13	29	36.69	0.0302726
15	31	29	12	-33.42	0.0302992
15	31	12	28	24.86	0.0304023
15	31	28	11	-19.39	0.0305157
15	31	11	27	15.48	0.030646
15	31	27	10	-9.56	0.031046
15	31	10	26	7.05	0.0314184
15	31	26	9	-4.92	0.0320325
15	31	9	25	4.04	0.0324752
15	31	25	8	-3.08	0.0332468
15	31	8	24	2.58	0.033876
15	31	24	7	-2.04	0.034902
15	31	7	23	1.74	0.0357471
15	31	23	6	-1.43	0.036993
14	30	13	29	87.24	0.0301146
14	30	29	12	-78.33	0.0301277
14	30	12	28	54.2	0.0301845
14	30	28	11	-41.95	0.0302384
14	30	11	27	32.74	0.0303054
14	30	27	10	-19.32	0.0305176
14	30	10	26	15.24	0.0306562
14	30	26	9	-10.28	0.0309728
14	30	9	25	7.26	0.0313774
14	30	25	8	-5.33	0.0318762
14	30	8	24	4.45	0.0322472
14	30	24	7	-3.43	0.0329155
14	30	7	23	2.91	0.0334364
14	30	23	6	-2.33	0.0342918
14	30	6	22	2.02	0.0349505
14	30	22	5	-1.67	0.035988
13	29	12	28	92.38	0.0301082
13	29	28	11	-73.16	0.0301367
13	29	11	27	47.17	0.030212
13	29	27	10	-31.56	0.0303169
13	29	10	26	22.14	0.0304517
13	29	26	9	-16.04	0.0306234
13	29	9	25	12.1	0.0308264
13	29	25	8	-9.43	0.0310604
13	29	8	24	6.42	0.0315576
13	29	24	7	-5.16	0.031938
13	29	7	23	4.13	0.0324213
13	29	23	6	-3.43	0.0329155
13	29	6	22	2.81	0.0335587
13	29	22	5	-2.42	0.0341322
13	29	5	21	2.07	0.0348309
13	29	21	4	-1.81	0.0355249
12	28	11	27	84.64	0.0301181
12	28	27	10	-62.08	0.0301611
12	28	10	26	36.23	0.030276
12	28	26	9	-27.84	0.0303592
12	28	9	25	18.96	0.0305274
12	28	25	8	-15.23	0.0306566
12	28	8	24	11.08	0.0309025
12	28	24	7	-9.07	0.0311025
12	28	7	23	6.1	0.0316393
12	28	23	6	-5.17	0.0319342
12	28	6	22	4.03	0.0324814
12	28	22	5	-3.52	0.0328409
12	28	5	21	2.88	0.0334722
12	28	21	4	-2.56	0.0339062
12	28	4	20	2.19	0.0345662
12	28	20	3	-2.04	0.034902
11	27	10	26	86.21	0.030116
11	27	26	9	-63.29	0.030158
11	27	9	25	37.98	0.0302633
11	27	25	8	-29.51	0.0303389
11	27	8	24	20.11	0.0304973
11	27	24	7	-16.15	0.0306192
11	27	7	23	11.72	0.0308532
11	27	23	6	-9.74	0.0310267
11	27	6	22	6.42	0.0315576
11	27	22	5	-5.51	0.0318149
11	27	5	21	4.41	0.0322676
11	27	21	4	-3.86	0.0325907
11	27	4	20	3.24	0.0330864
11	27	20	3	-2.99	0.0333445
11	27	3	19	2.63	0.0338023
11	27	19	2	-2.49	0.0340161
10	26	9	25	96.43	0.0301037
10	26	25	8	-69.21	0.0301445
10	26	8	24	42.48	0.0302354
10	26	24	7	-32.37	0.0303089
10	26	7	23	22.28	0.0304488
10	26	23	6	-17.76	0.0305631
10	26	6	22	13.03	0.0307675
10	26	22	5	-10.8	0.0309259
10	26	5	21	7.41	0.0313495
10	26	21	4	-6.27	0.0315949
10	26	4	20	5.19	0.0319268
10	26	20	3	-4.72	0.0321186
10	26	3	19	4.11	0.0324331
10	26	19	2	-3.86	0.0325907
10	26	2	18	3.65	0.0327397
10	26	18	1	-3.36	0.0329762
9	25	8	24	101.46	0.0300986
9	25	24	7	-72.34	0.0301382
9	25	7	23	44.48	0.0302248
9	25	23	6	-33.96	0.0302945
9	25	6	22	23.44	0.0304266
9	25	22	5	-18.75	0.0305333
9	25	5	21	14.14	0.0307072
9	25	21	4	-11.59	0.0308628
9	25	4	20	8.16	0.0312255
9	25	20	3	-7.29	0.0313717
9	25	3	19	6.24	0.0316026
9	25	19	2	-5.81	0.0317212
9	25	2	18	5.45	0.0318349
9	25	18	1	-4.97	0.0320121
9	25	1	17	4.7	0.0321277
8	24	7	23	105.55	0.0300947
8	24	23	6	-75.42	0.0301326
8	24	6	22	46.68	0.0302142
8	24	22	5	-35.64	0.0302806
8	24	5	21	25.27	0.0303957
8	24	21	4	-19.79	0.0305053
8	24	4	20	15.26	0.0306553
8	24	20	3	-13.37	0.0307479
8	24	3	19	9.67	0.0310341
8	24	19	2	-8.9	0.0311236
8	24	2	18	8.26	0.0312107
8	24	18	1	-7.45	0.0313423
8	24	1	17	6.97	0.0314347
7	23	6	22	112.52	0.0300889
7	23	22	5	-80.51	0.0301242
7	23	5	21	50.95	0.0301963
7	23	21	4	-37.61	0.0302659
7	23	4	20	27.03	0.03037
7	23	20	3	-23.02	0.0304344
7	23	3	19	18.39	0.0305438
7	23	19	2	-16.72	0.0305981
7	23	2	18	13.34	0.0307496
7	23	18	1	-11.85	0.0308439
7	23	1	17	10.94	0.0309141
6	22	1	17	17.35	0.0305764
3	19	2	18	239.76	0.0300417
3	19	18	1	-172.09	0.0300581
3	19	1	17	130.1	0.0300769
2	18	1	17	623.2	0.030016
32	48	31	47	64.01	0.0301562
32	48	47	30	-45.38	0.0302204
32	48	30	46	29.32	0.0303411
32	48	46	29	-22.43	0.0304458
32	48	29	45	13.41	0.0307457
32	48	45	28	-10.64	0.0309398
32	48	28	44	7.07	0.0314144
32	48	44	27	-5.72	0.0317483
32	48	27	43	3.94	0.0325381
32	48	43	26	-3.24	0.0330864
32	48	26	42	2.45	0.0340816
32	48	42	25	-2.1	0.0347619
32	48	25	41	1.63	0.036135
32	48	41	24	-1.43	0.036993
32	48	24	40	1.12	0.0389286
32	48	40	23	-1.01	0.039901
31	47	30	46	88.84	0.0301126
31	47	46	29	-64.43	0.0301552
31	47	29	45	36.13	0.0302768
31	47	45	28	-27.56	0.0303628
31	47	28	44	17.6	0.0305682
31	47	44	27	-13.74	0.0307278
31	47	27	43	9.62	0.0310395
31	47	43	26	-7.67	0.0313038
31	47	26	42	5.08	0.0319685
31	47	42	25	-4.24	0.0323585
31	47	25	41	3.26	0.0330675
31	47	41	24	-2.76	0.0336232
31	47	24	40	2.17	0.0346083
31	47	40	23	-1.87	0.0353476
31	47	23	39	1.51	0.0366225
31	47	39	22	-1.32	0.0375758
30	46	29	45	84.73	0.030118
30	46	45	28	-60.36	0.0301657
30	46	28	44	35.98	0.0302779
30	46	44	27	-26.83	0.0303727
30	46	27	43	18.22	0.0305488
30	46	43	26	-14.05	0.0307117
30	46	26	42	10.24	0.0309766
30	46	42	25	-8.28	0.0312077
30	46	25	41	5.69	0.0317575
30	46	41	24	-4.69	0.0321322
30	46	24	40	3.68	0.0327174
30	46	40	23	-3.08	0.0332468
30	46	23	39	2.49	0.0340161
30	46	39	22	-2.13	0.0346948
30	46	22	38	1.77	0.0356497
30	46	38	21	-1.55	0.0364516
29	45	28	44	91.11	0.0301098
29	45	44	27	-64.76	0.0301544
29	45	27	43	38.33	0.0302609
29	45	43	26	-29.03	0.0303445
29	45	26	42	19.72	0.0305071
29	45	42	25	-15.7	0.0306369
29	45	25	41	11.41	0.0308764
29	45	41	24	-9.28	0.0310776
29	45	24	40	6.35	0.0315748
29	45	40	23	-5.27	0.0318975
29	45	23	39	4.13	0.0324213
29	45	39	22	-3.5	0.0328571
29	45	22	38	2.85	0.0335088
29	45	38	21	-2.49	0.0340161
29	45	21	37	2.06	0.0348544
29	45	37	20	-1.84	0.0354348
28	44	27	43	93.96	0.0301064
28	44	43	26	-67.49	0.0301482
28	44	26	42	40.09	0.0302494
28	44	42	25	-31.13	0.0303212
28	44	25	41	21.01	0.030476
28	44	41	24	-16.8	0.0305952
28	44	24	40	12.12	0.0308251
28	44	40	23	-9.91	0.0310091
28	44	23	39	6.75	0.0314815
28	44	39	22	-5.64	0.031773
28	44	22	38	4.48	0.0322321
28	44	38	21	-3.84	0.0326042
28	44	21	37	3.13	0.0331949
28	44	37	20	-2.79	0.0335842
28	44	20	36	2.4	0.0341667
28	44	36	19	-2.19	0.0345662
27	43	26	42	95.28	0.030105
27	43	42	25	-70.26	0.0301423
27	43	25	41	41.99	0.0302382
27	43	41	24	-32.44	0.0303083
27	43	24	40	21.91	0.0304564
27	43	40	23	-17.47	0.0305724
27	43	23	39	12.66	0.0307899
27	43	39	22	-10.35	0.0309662
27	43	22	38	7.21	0.031387
27	43	38	21	-6.06	0.0316502
27	43	21	37	4.84	0.0320661
27	43	37	20	-4.23	0.0323641
27	43	20	36	3.59	0.0327855
27	43	36	19	-3.25	0.0330769
27	43	19	35	2.8	0.0335714
27	43	35	18	-2.66	0.0337594
26	42	25	41	99.39	0.0301006
26	42	41	24	-72.24	0.0301384
26	42	24	40	43.34	0.0302307
26	42	40	23	-33.15	0.0303017
26	42	23	39	22.58	0.0304429
26	42	39	22	-17.88	0.0305593
26	42	22	38	13.25	0.0307547
26	42	38	21	-10.88	0.0309191
26	42	21	37	7.66	0.0313055
26	42	37	20	-6.54	0.0315291
26	42	20	36	5.44	0.0318382
26	42	36	19	-4.84	0.0320661
26	42	19	35	4.11	0.0324331
26	42	35	18	-3.87	0.032584
26	42	18	34	3.61	0.0327701
26	42	34	17	-3.41	0.0329326
25	41	24	40	102.7	0.0300974
25	41	40	23	-74.35	0.0301345
25	41	23	39	44.69	0.0302238
25	41	39	22	-34.11	0.0302932
25	41	22	38	23.6	0.0304237
25	41	38	21	-18.89	0.0305294
25	41	21	37	14	0.0307143
25	41	37	20	-11.72	0.0308532
25	41	20	36	8.44	0.0311848
25	41	36	19	-7.38	0.031355
25	41	19	35	6.09	0.031642
25	41	35	18	-5.68	0.0317606
25	41	18	34	5.24	0.0319084
25	41	34	17	-4.92	0.0320325
25	41	17	33	4.79	0.0320877
24	40	23	39	105.37	0.0300949
24	40	39	22	-76.26	0.0301311
24	40	22	38	46.64	0.0302144
24	40	38	21	-36.08	0.0302772
24	40	21	37	24.84	0.0304026
24	40	37	20	-20.27	0.0304933
24	40	20	36	15.49	0.0306456
24	40	36	19	-13.27	0.0307536
24	40	19	35	9.4	0.0310638
24	40	35	18	-8.68	0.0311521
24	40	18	34	7.88	0.031269
24	40	34	17	-7.35	0.0313605
24	40	17	33	7.06	0.0314164
23	39	22	38	114.55	0.0300873
23	39	38	21	-84.44	0.0301184
23	39	21	37	50.68	0.0301973
23	39	37	20	-39.95	0.0302503
23	39	20	36	28.2	0.0303546
23	39	36	19	-23.59	0.0304239
23	39	19	35	17.33	0.030577
23	39	35	18	-15.79	0.0306333
23	39	18	34	12.43	0.0308045
23	39	34	17	-11.44	0.0308741
23	39	17	33	10.85	0.0309217
22	38	21	37	122.47	0.0300817
22	38	37	20	-91.45	0.0301093
22	38	20	36	56.78	0.0301761
22	38	36	19	-45.74	0.0302186
22	38	19	35	30.14	0.0303318
22	38	35	18	-27.01	0.0303702
22	38	18	34	23.21	0.0304308
22	38	34	17	-21.06	0.0304748
22	38	17	33	17.35	0.0305764
21	37	20	36	133.39	0.030075
21	37	36	19	-100.8	0.0300992
21	37	19	35	55.16	0.0301813
21	37	35	18	-47.91	0.0302087
21	37	18	34	39.3	0.0302545
21	37	34	17	-34.9	0.0302865
21	37	17	33	31.69	0.0303156
18	34	17	33	349.59	0.0300286
48	64	47	63	60.11	0.0301664
48	64	63	46	-44.56	0.0302244
48	64	46	62	27.36	0.0303655
48	64	62	45	-18.25	0.0305479
48	64	45	61	12.59	0.0307943
48	64	61	44	-9.04	0.0311062
48	64	44	60	6.66	0.0315015
48	64	60	43	-5.12	0.0319531
48	64	43	59	3.71	0.0326954
48	64	59	42	-2.96	0.0333784
48	64	42	58	2.33	0.0342918
48	64	58	41	-1.91	0.0352356
48	64	41	57	1.55	0.0364516
48	64	57	40	-1.3	0.0376923
48	64	40	56	1.07	0.0393458
48	64	56	39	-0.91	0.040989
47	63	46	62	81.61	0.0301225
47	63	62	45	-52.88	0.0301891
47	63	45	61	32.94	0.0303036
47	63	61	44	-22.97	0.0304354
47	63	44	60	16.09	0.0306215
47	63	60	43	-12.06	0.0308292
47	63	43	59	8.82	0.0311338
47	63	59	42	-6.9	0.0314493
47	63	42	58	4.76	0.0321008
47	63	58	41	-3.82	0.0326178
47	63	41	57	3.02	0.0333113
47	63	57	40	-2.5	0.034
47	63	40	56	2.01	0.0349751
47	63	56	39	-1.68	0.0359524
47	63	39	55	1.39	0.0371942
47	63	55	38	-1.19	0.0384034
46	62	45	61	80.2	0.0301247
46	62	61	44	-55.52	0.0301801
46	62	44	60	33.83	0.0302956
46	62	60	43	-25.25	0.030396
46	62	43	59	17.13	0.0305838
46	62	59	42	-13.4	0.0307463
46	62	42	58	9.71	0.0310299
46	62	58	41	-7.81	0.0312804
46	62	41	57	5.4	0.0318519
46	62	57	40	-4.47	0.0322371
46	62	40	56	3.45	0.0328986
46	62	56	39	-2.9	0.0334483
46	62	39	55	2.32	0.0343103
46	62	55	38	-2.01	0.0349751
46	62	38	54	1.63	0.036135
46	62	54	37	-1.46	0.0368493
45	61	44	60	86.66	0.0301154
45	61	60	43	-60.36	0.0301657
45	61	43	59	36.63	0.030273
45	61	59	42	-27.33	0.0303659
45	61	42	58	18.84	0.0305308
45	61	58	41	-14.62	0.030684
45	61	41	57	10.75	0.0309302
45	61	57	40	-8.65	0.0311561
45	61	40	56	6.04	0.0316556
45	61	56	39	-4.94	0.0320243
45	61	39	55	3.9	0.0325641
45	61	55	38	-3.3	0.0330303
45	61	38	54	2.65	0.0337736
45	61	54	37	-2.34	0.0342735
45	61	37	53	1.94	0.0351546
45	61	53	36	-1.74	0.0357471
44	60	43	59	89.73	0.0301114
44	60	59	42	-62.02	0.0301612
44	60	42	58	38.54	0.0302595
44	60	58	41	-28.42	0.0303519
44	60	41	57	19.95	0.0305013
44	60	57	40	-15.45	0.0306472
44	60	40	56	11.3	0.030885
44	60	56	39	-8.98	0.0311136
44	60	39	55	6.46	0.031548
44	60	55	38	-5.33	0.0318762
44	60	38	54	4.22	0.0323697
44	60	54	37	-3.63	0.0327548
44	60	37	53	2.99	0.0333445
44	60	53	36	-2.63	0.0338023
44	60	36	52	2.28	0.034386
44	60	52	35	-2.02	0.0349505
43	59	42	58	92.15	0.0301085
43	59	58	41	-63.91	0.0301565
43	59	41	57	39.98	0.0302501
43	59	57	40	-29.58	0.0303381
43	59	40	56	20.35	0.0304914
43	59	56	39	-15.67	0.0306382
43	59	39	55	11.76	0.0308503
43	59	55	38	-9.48	0.0310549
43	59	38	54	6.72	0.0314881
43	59	54	37	-5.65	0.0317699
43	59	37	53	4.55	0.0321978
43	59	53	36	-3.94	0.0325381
43	59	36	52	3.36	0.0329762
43	59	52	35	-2.95	0.0333898
43	59	35	51	2.55	0.0339216
43	59	51	34	-2.39	0.0341841
42	58	41	57	94.47	0.0301059
42	58	57	40	-65.38	0.030153
42	58	40	56	39.66	0.0302521
42	58	56	39	-29.12	0.0303434
42	58	39	55	21.03	0.0304755
42	58	55	38	-16.48	0.0306068
42	58	38	54	12.11	0.0308258
42	58	54	37	-9.93	0.031007
42	58	37	53	7.07	0.0314144
42	58	53	36	-6	0.0316667
42	58	36	52	5.02	0.031992
42	58	52	35	-4.31	0.0323202
42	58	35	51	3.67	0.0327248
42	58	51	34	-3.42	0.032924
42	58	34	50	3.14	0.0331847
42	58	50	33	-2.87	0.0334843
41	57	40	56	92.91	0.0301076
41	57	56	39	-62.98	0.0301588
41	57	39	55	42.75	0.0302339
41	57	55	38	-32.51	0.0303076
41	57	38	54	21.92	0.0304562
41	57	54	37	-17.33	0.030577
41	57	37	53	12.95	0.0307722
41	57	53	36	-10.7	0.0309346
41	57	36	52	7.84	0.0312755
41	57	52	35	-6.56	0.0315244
41	57	35	51	5.45	0.0318349
41	57	51	34	-5.02	0.031992
41	57	34	50	4.56	0.032193
41	57	50	33	-4.15	0.0324096
41	57	33	49	3.94	0.0325381
40	56	39	55	94.68	0.0301056
40	56	55	38	-64.66	0.0301547
40	56	38	54	42.43	0.0302357
40	56	54	37	-31.44	0.0303181
40	56	37	53	22.85	0.0304376
40	56	53	36	-17.79	0.0305621
40	56	36	52	14.39	0.0306949
40	56	52	35	-11.6	0.0308621
40	56	35	51	8.46	0.031182
40	56	51	34	-7.66	0.0313055
40	56	34	50	6.87	0.0314556
40	56	50	33	-6.21	0.0316103
40	56	33	49	5.86	0.0317065
39	55	38	54	111.36	0.0300898
39	55	54	37	-77.5	0.030129
39	55	37	53	48.39	0.0302067
39	55	53	36	-36.56	0.0302735
39	55	36	52	27.09	0.0303691
39	55	52	35	-20.8	0.0304808
39	55	35	51	15.91	0.0306285
39	55	51	34	-14.11	0.0307087
39	55	34	50	11.04	0.0309058
39	55	50	33	-9.87	0.0310132
39	55	33	49	9.19	0.0310881
38	54	37	53	118.1	0.0300847
38	54	53	36	-83.27	0.0301201
38	54	36	52	55	0.0301818
38	54	52	35	-39.18	0.0302552
38	54	35	51	27.71	0.0303609
38	54	51	34	-23.94	0.0304177
38	54	34	50	20.32	0.0304921
38	54	50	33	-17.97	0.0305565
38	54	33	49	14.61	0.0306845
37	53	36	52	132.98	0.0300752
37	53	52	35	-87.13	0.0301148
37	53	35	51	52.21	0.0301915
37	53	51	34	-43.47	0.03023
37	53	34	50	35.07	0.0302851
37	53	50	33	-30.54	0.0303274
37	53	33	49	27.31	0.0303662
34	50	33	49	273.61	0.0300365
64	80	63	79	45.88	0.030218
64	80	79	62	-28.81	0.0303471
64	80	62	78	18.55	0.0305391
64	80	78	61	-12.95	0.0307722
64	80	61	77	9.03	0.0311074
64	80	77	60	-6.62	0.0315106
64	80	60	76	5.13	0.0319493
64	80	76	59	-3.87	0.032584
64	80	59	75	3.07	0.0332573
64	80	75	58	-2.36	0.0342373
64	80	58	74	1.99	0.0350251
64	80	74	57	-1.56	0.0364103
64	80	57	73	1.34	0.0374627
64	80	73	56	-1.05	0.0395238
64	80	56	72	0.93	0.0407527
64	80	72	55	-0.76	0.0431579
63	79	62	78	77.32	0.0301293
63	79	78	61	-57.38	0.0301743
63	79	61	77	29.12	0.0303434
63	79	77	60	-22.2	0.0304505
63	79	60	76	14.72	0.0306793
63	79	76	59	-11.5	0.0308696
63	79	59	75	8.28	0.0312077
63	79	75	58	-6.61	0.0315129
63	79	58	74	4.5	0.0322222
63	79	74	57	-3.66	0.0327322
63	79	57	73	2.86	0.0334965
63	79	73	56	-2.33	0.0342918
63	79	56	72	1.92	0.0352083
63	79	72	55	-1.6	0.03625
63	79	55	71	1.34	0.0374627
63	79	71	54	-1.14	0.0387719
62	78	61	77	77.8	0.0301285
62	78	77	60	-56.02	0.0301785
62	78	60	76	32.58	0.0303069
62	78	76	59	-24.54	0.0304075
62	78	59	75	16.74	0.0305974
62	78	75	58	-13.03	0.0307675
62	78	58	74	9.58	0.0310438
62	78	74	57	-7.64	0.0313089
62	78	57	73	5.24	0.0319084
62	78	73	56	-4.19	0.0323866
62	78	56	72	3.38	0.0329586
62	78	72	55	-2.78	0.0335971
62	78	55	71	2.3	0.0343478
62	78	71	54	-1.92	0.0352083
62	78	54	70	1.63	0.036135
62	78	70	53	-1.39	0.0371942
61	77	60	76	87.18	0.0301147
61	77	76	59	-63.56	0.0301573
61	77	59	75	35.91	0.0302785
61	77	75	58	-27.37	0.0303654
61	77	58	74	18.52	0.03054
61	77	74	57	-14.92	0.0306702
61	77	57	73	10.57	0.0309461
61	77	73	56	-8.39	0.0311919
61	77	56	72	5.89	0.0316978
61	77	72	55	-4.82	0.0320747
61	77	55	71	3.87	0.032584
61	77	71	54	-3.22	0.0331056
61	77	54	70	2.65	0.0337736
61	77	70	53	-2.26	0.0344248
61	77	53	69	1.89	0.035291
61	77	69	52	-1.65	0.0360606
60	76	59	75	89.04	0.0301123
60	76	75	58	-65.42	0.0301529
60	76	58	74	36.88	0.0302711
60	76	74	57	-28.35	0.0303527
60	76	57	73	19.01	0.030526
60	76	73	56	-14.79	0.0306761
60	76	56	72	10.92	0.0309158
60	76	72	55	-8.85	0.0311299
60	76	55	71	6.22	0.0316077
60	76	71	54	-5.11	0.0319569
60	76	54	70	4.09	0.032445
60	76	70	53	-3.45	0.0328986
60	76	53	69	2.82	0.0335461
60	76	69	52	-2.46	0.034065
60	76	52	68	2.11	0.0347393
60	76	68	51	-1.83	0.0354645
59	75	58	74	91.42	0.0301094
59	75	74	57	-67.31	0.0301486
59	75	57	73	37.62	0.0302658
59	75	73	56	-28.28	0.0303536
59	75	56	72	19.4	0.0305155
59	75	72	55	-15.43	0.0306481
59	75	55	71	11.55	0.0308658
59	75	71	54	-9.32	0.031073
59	75	54	70	6.54	0.0315291
59	75	70	53	-5.44	0.0318382
59	75	53	69	4.33	0.0323095
59	75	69	52	-3.73	0.032681
59	75	52	68	3.14	0.0331847
59	75	68	51	-2.71	0.03369
59	75	51	67	2.36	0.0342373
59	75	67	50	-2.19	0.0345662
58	74	57	73	90.77	0.0301102
58	74	73	56	-64.78	0.0301544
58	74	56	72	37.23	0.0302686
58	74	72	55	-29.08	0.0303439
58	74	55	71	20.35	0.0304914
58	74	71	54	-15.95	0.030627
58	74	54	70	11.83	0.0308453
58	74	70	53	-9.64	0.0310373
58	74	53	69	6.7	0.0314925
58	74	69	52	-5.67	0.0317637
58	74	52	68	4.67	0.0321413
58	74	68	51	-3.96	0.0325253
58	74	51	67	3.4	0.0329412
58	74	67	50	-3.13	0.0331949
58	74	50	66	2.85	0.0335088
58	74	66	49	-2.68	0.0337313
57	73	56	72	90.71	0.0301102
57	73	72	55	-70.32	0.0301422
57	73	55	71	41.28	0.0302422
57	73	71	54	-30.95	0.0303231
57	73	54	70	21.1	0.0304739
57	73	70	53	-16.73	0.0305977
57	73	53	69	12.21	0.030819
57	73	69	52	-10.16	0.0309843
57	73	52	68	7.31	0.031368
57	73	68	51	-6.09	0.031642
57	73	51	67	5.09	0.0319646
57	73	67	50	-4.64	0.0321552
57	73	50	66	4.16	0.0324038
57	73	66	49	-3.88	0.0325773
57	73	49	65	3.7	0.0327027
56	72	55	71	94.6	0.0301057
56	72	71	54	-72.17	0.0301386
56	72	54	70	39.99	0.0302501
56	72	70	53	-31.36	0.0303189
56	72	53	69	20.97	0.0304769
56	72	69	52	-17.17	0.0305824
56	72	52	68	13.01	0.0307686
56	72	68	51	-10.66	0.0309381
56	72	51	67	7.73	0.0312937
56	72	67	50	-6.96	0.0314368
56	72	50	66	6.12	0.031634
56	72	66	49	-5.67	0.0317637
56	72	49	65	5.36	0.0318657
55	71	54	70	105.4	0.0300949
55	71	70	53	-76.18	0.0301313
55	71	53	69	42.62	0.0302346
55	71	69	52	-33.03	0.0303028
55	71	52	68	23.38	0.0304277
55	71	68	51	-18.32	0.0305459
55	71	51	67	14.25	0.0307018
55	71	67	50	-12.53	0.0307981
55	71	50	66	9.65	0.0310363
55	71	66	49	-8.82	0.0311338
55	71	49	65	8.25	0.0312121
54	70	53	69	107.61	0.0300929
54	70	69	52	-78.97	0.0301266
54	70	52	68	46.4	0.0302155
54	70	68	51	-34.69	0.0302883
54	70	51	67	24.89	0.0304018
54	70	67	50	-21.34	0.0304686
54	70	50	66	17.6	0.0305682
54	70	66	49	-15.87	0.0306301
54	70	49	65	13.04	0.0307669
53	69	52	68	119.18	0.0300839
53	69	68	51	-83.77	0.0301194
53	69	51	67	48.46	0.0302064
53	69	67	50	-40.15	0.0302491
53	69	50	66	30.7	0.0303257
53	69	66	49	-27.16	0.0303682
53	69	49	65	24.26	0.0304122
52	68	51	67	113.14	0.0300884
52	68	67	50	-89.13	0.0301122
52	68	50	66	56.69	0.0301764
52	68	66	49	-48.9	0.0302045
52	68	49	65	41.55	0.0302407
80	96	79	95	38.23	0.0302616
80	96	95	78	-28.22	0.0303544
80	96	78	94	15.38	0.0306502
80	96	94	77	-11.65	0.0308584
80	96	77	93	7.36	0.0313587
80	96	93	76	-5.97	0.031675
80	96	76	92	4.1	0.032439
80	96	92	75	-3.42	0.032924
80	96	75	91	2.46	0.034065
80	96	91	74	-2.09	0.0347847
80	96	74	90	1.57	0.0363694
80	96	90	73	-1.36	0.0373529
80	96	73	89	1.05	0.0395238
80	96	89	72	-0.93	0.0407527
80	96	72	88	0.74	0.0435135
80	96	88	71	-0.67	0.0449254
79	95	78	94	83.69	0.0301195
79	95	94	77	-55.32	0.0301808
79	95	77	93	29.61	0.0303377
79	95	93	76	-22.24	0.0304496
79	95	76	92	14.25	0.0307018
79	95	92	75	-11.13	0.0308985
79	95	75	91	7.76	0.0312887
79	95	91	74	-6.24	0.0316026
79	95	74	90	4.08	0.032451
79	95	90	73	-3.34	0.032994
79	95	73	89	2.53	0.0339526
79	95	89	72	-2.13	0.0346948
79	95	72	88	1.68	0.0359524
79	95	88	71	-1.47	0.0368027
79	95	71	87	1.17	0.038547
79	95	87	70	-1.02	0.0398039
78	94	77	93	81.95	0.030122
78	94	93	76	-58.42	0.0301712
78	94	76	92	31.61	0.0303164
78	94	92	75	-23.93	0.0304179
78	94	75	91	15.64	0.0306394
78	94	91	74	-12.29	0.0308137
78	94	74	90	8.67	0.0311534
78	94	90	73	-6.98	0.0314327
78	94	73	89	4.63	0.0321598
78	94	89	72	-3.83	0.032611
78	94	72	88	2.97	0.033367
78	94	88	71	-2.55	0.0339216
78	94	71	87	2	0.035
78	94	87	70	-1.73	0.0357803
78	94	70	86	1.4	0.0371429
78	94	86	69	-1.23	0.0381301
77	93	76	92	88.22	0.0301134
77	93	92	75	-60.4	0.0301656
77	93	75	91	34.17	0.0302927
77	93	91	74	-25.45	0.0303929
77	93	74	90	16.97	0.0305893
77	93	90	73	-13.1	0.0307634
77	93	73	89	9.37	0.0310672
77	93	89	72	-7.52	0.0313298
77	93	72	88	5.16	0.031938
77	93	88	71	-4.31	0.0323202
77	93	71	87	3.35	0.0329851
77	93	87	70	-2.81	0.0335587
77	93	70	86	2.27	0.0344053
77	93	86	69	-1.95	0.0351282
77	93	69	85	1.6	0.03625
77	93	85	68	-1.42	0.0370423
76	92	75	91	90.99	0.0301099
76	92	91	74	-62.31	0.0301605
76	92	74	90	35.11	0.0302848
76	92	90	73	-25.95	0.0303854
76	92	73	89	17.34	0.0305767
76	92	89	72	-13.53	0.0307391
76	92	72	88	9.91	0.0310091
76	92	88	71	-8.11	0.031233
76	92	71	87	5.52	0.0318116
76	92	87	70	-4.55	0.0321978
76	92	70	86	3.6	0.0327778
76	92	86	69	-3.04	0.0332895
76	92	69	85	2.46	0.034065
76	92	85	68	-2.16	0.0346296
76	92	68	84	1.8	0.0355556
76	92	84	67	-1.62	0.0361728
75	91	74	90	91.8	0.0301089
75	91	90	73	-62	0.0301613
75	91	73	89	34.99	0.0302858
75	91	89	72	-26.14	0.0303826
75	91	72	88	17.89	0.030559
75	91	88	71	-14.21	0.0307037
75	91	71	87	10.34	0.0309671
75	91	87	70	-8.32	0.0312019
75	91	70	86	5.81	0.0317212
75	91	86	69	-4.81	0.032079
75	91	69	85	3.8	0.0326316
75	91	85	68	-3.27	0.0330581
75	91	68	84	2.69	0.0337175
75	91	84	67	-2.4	0.0341667
75	91	67	83	2.01	0.0349751
75	91	83	66	-1.84	0.0354348
74	90	73	89	90.25	0.0301108
74	90	89	72	-62.36	0.0301604
74	90	72	88	35.88	0.0302787
74	90	88	71	-27.41	0.0303648
74	90	71	87	18.55	0.0305391
74	90	87	70	-14.5	0.0306897
74	90	70	86	10.7	0.0309346
74	90	86	69	-8.65	0.0311561
74	90	69	85	6.01	0.0316639
74	90	85	68	-5.1	0.0319608
74	90	68	84	4.07	0.032457
74	90	84	67	-3.58	0.0327933
74	90	67	83	2.95	0.0333898
74	90	83	66	-2.67	0.0337453
74	90	66	82	2.37	0.0342194
74	90	82	65	-2.24	0.0344643
73	89	72	88	96.07	0.0301041
73	89	88	71	-66.99	0.0301493
73	89	71	87	38.14	0.0302622
73	89	87	70	-28.38	0.0303524
73	89	70	86	19.45	0.0305141
73	89	86	69	-15.17	0.0306592
73	89	69	85	11.14	0.0308977
73	89	85	68	-9.22	0.0310846
73	89	68	84	6.45	0.0315504
73	89	84	67	-5.56	0.0317986
73	89	67	83	4.45	0.0322472
73	89	83	66	-3.98	0.0325126
73	89	66	82	3.47	0.0328818
73	89	82	65	-3.25	0.0330769
73	89	65	81	3.01	0.0333223
72	88	67	83	6.84	0.031462
72	88	83	66	-6	0.0316667
72	88	66	82	5.13	0.0319493
72	88	82	65	-4.77	0.0320964
72	88	65	81	4.36	0.0322936
71	87	66	82	7.96	0.0312563
71	87	82	65	-7.32	0.0313661
71	87	65	81	6.56	0.0315244
70	86	65	81	10.3	0.0309709
96	112	95	111	40.52	0.0302468
96	112	111	94	-27.46	0.0303642
96	112	94	110	16.79	0.0305956
96	112	110	93	-12.46	0.0308026
96	112	93	109	8.58	0.0311655
96	112	109	92	-6.66	0.0315015
96	112	92	108	4.87	0.0320534
96	112	108	91	-3.9	0.0325641
96	112	91	107	2.94	0.0334014
96	112	107	90	-2.38	0.0342017
96	112	90	106	1.83	0.0354645
96	112	106	89	-1.49	0.0367114
96	112	89	105	1.2	0.0383333
96	112	105	88	-1	0.04
96	112	88	104	0.84	0.0419048
96	112	104	87	-0.7	0.0442857
95	111	94	110	82.93	0.0301206
95	111	110	93	-57.12	0.0301751
95	111	93	109	32.28	0.0303098
95	111	109	92	-24.17	0.0304137
95	111	92	108	15.75	0.0306349
95	111	108	91	-12.31	0.0308123
95	111	91	107	8.59	0.0311641
95	111	107	90	-6.79	0.0314728
95	111	90	106	4.35	0.0322989
95	111	106	89	-3.46	0.0328902
95	111	89	105	2.66	0.0337594
95	111	105	88	-2.14	0.0346729
95	111	88	104	1.74	0.0357471
95	111	104	87	-1.41	0.0370922
95	111	87	103	1.21	0.0382645
95	111	103	86	-0.99	0.040101
94	110	93	109	92.51	0.0301081
94	110	109	92	-65.35	0.030153
94	110	92	108	37.2	0.0302688
94	110	108	91	-28.82	0.030347
94	110	91	107	18.47	0.0305414
94	110	107	90	-14.69	0.0306807
94	110	90	106	9.75	0.0310256
94	110	106	89	-7.83	0.0312771
94	110	89	105	5.11	0.0319569
94	110	105	88	-4.15	0.0324096
94	110	88	104	3.21	0.0331153
94	110	104	87	-2.63	0.0338023
94	110	87	103	2.16	0.0346296
94	110	103	86	-1.8	0.0355556
94	110	86	102	1.52	0.0365789
94	110	102	85	-1.29	0.0377519
93	109	92	108	95.65	0.0301045
93	109	108	91	-69.21	0.0301445
93	109	91	107	39.07	0.030256
93	109	107	90	-30.41	0.0303288
93	109	90	106	18.5	0.0305405
93	109	106	89	-14.67	0.0306817
93	109	89	105	10.13	0.0309872
93	109	105	88	-8.18	0.0312225
93	109	88	104	5.47	0.0318282
93	109	104	87	-4.46	0.0322422
93	109	87	103	3.55	0.0328169
93	109	103	86	-2.94	0.0334014
93	109	86	102	2.43	0.0341152
93	109	102	85	-2.06	0.0348544
93	109	85	101	1.75	0.0357143
93	109	101	84	-1.48	0.0367568
92	108	91	107	97.3	0.0301028
92	108	107	90	-69.76	0.0301433
92	108	90	106	36.76	0.030272
92	108	106	89	-28.07	0.0303563
92	108	89	105	18.18	0.0305501
92	108	105	88	-14.4	0.0306944
92	108	88	104	10.28	0.0309728
92	108	104	87	-8.24	0.0312136
92	108	87	103	5.75	0.0317391
92	108	103	86	-4.7	0.0321277
92	108	86	102	3.78	0.0326455
92	108	102	85	-3.17	0.0331546
92	108	85	101	2.63	0.0338023
92	108	101	84	-2.21	0.0345249
92	108	84	100	1.92	0.0352083
92	108	100	83	-1.63	0.036135
91	107	90	106	91.56	0.0301092
91	107	106	89	-64.29	0.0301555
91	107	89	105	35.9	0.0302786
91	107	105	88	-27.44	0.0303644
91	107	88	104	18.33	0.0305456
91	107	104	87	-14.04	0.0307123
91	107	87	103	10.69	0.0309355
91	107	103	86	-8.7	0.0311494
91	107	86	102	6.03	0.0316584
91	107	102	85	-5	0.032
91	107	85	101	4.03	0.0324814
91	107	101	84	-3.35	0.0329851
91	107	84	100	2.84	0.0335211
91	107	100	83	-2.39	0.0341841
91	107	83	99	2.13	0.0346948
91	107	99	82	-1.88	0.0353191
90	106	89	105	93.43	0.030107
90	106	105	88	-66.59	0.0301502
90	106	88	104	37.18	0.030269
90	106	104	87	-28.31	0.0303532
90	106	87	103	19.4	0.0305155
90	106	103	86	-15.43	0.0306481
90	106	86	102	11.35	0.0308811
90	106	102	85	-9.31	0.0310741
90	106	85	101	6.42	0.0315576
90	106	101	84	-5.29	0.0318904
90	106	84	100	4.31	0.0323202
90	106	100	83	-3.6	0.0327778
90	106	83	99	3.11	0.0332154
90	106	99	82	-2.74	0.0336496
90	106	82	98	2.47	0.0340486
90	106	98	81	-2.26	0.0344248
89	105	88	104	96.28	0.0301039
89	105	104	87	-67.24	0.0301487
89	105	87	103	39.16	0.0302554
89	105	103	86	-30.11	0.0303321
89	105	86	102	20.47	0.0304885
89	105	102	85	-16.46	0.0306075
89	105	85	101	11.93	0.0308382
89	105	101	84	-9.7	0.0310309
89	105	84	100	6.78	0.0314749
89	105	100	83	-5.58	0.0317921
89	105	83	99	4.67	0.0321413
89	105	99	82	-4.05	0.0324691
89	105	82	98	3.59	0.0327855
89	105	98	81	-3.26	0.0330675
89	105	81	97	3	0.0333333
88	104	87	103	101.66	0.0300984
88	104	103	86	-72.67	0.0301376
88	104	86	102	40.92	0.0302444
88	104	102	85	-31.78	0.0303147
88	104	85	101	21.01	0.030476
88	104	101	84	-17.11	0.0305845
88	104	84	100	12.15	0.030823
88	104	100	83	-9.88	0.0310121
88	104	83	99	7.02	0.0314245
88	104	99	82	-6.01	0.0316639
88	104	82	98	5.16	0.031938
88	104	98	81	-4.64	0.0321552
88	104	81	97	4.2	0.032381
87	103	82	98	7.8	0.0312821
87	103	98	81	-6.89	0.0314514
87	103	81	97	6.11	0.0316367
86	102	81	97	9.05	0.031105
112	128	111	127	38.69	0.0302585
112	128	127	110	-27.99	0.0303573
112	128	110	126	16.08	0.0306219
112	128	126	109	-12.24	0.030817
112	128	109	125	8.28	0.0312077
112	128	125	108	-6.53	0.0315314
112	128	108	124	4.71	0.0321231
112	128	124	107	-3.8	0.0326316
112	128	107	123	2.81	0.0335587
112	128	123	106	-2.27	0.0344053
112	128	106	122	1.72	0.035814
112	128	122	105	-1.45	0.0368966
112	128	105	121	1.07	0.0393458
112	128	121	104	-0.93	0.0407527
112	128	104	120	0.71	0.0440845
112	128	120	103	-0.62	0.046129
111	127	110	126	81.18	0.0301232
111	127	126	109	-56.19	0.030178
111	127	109	125	32.07	0.0303118
111	127	125	108	-23.68	0.0304223
111	127	108	124	15.76	0.0306345
111	127	124	107	-12.13	0.0308244
111	127	107	123	8.48	0.0311792
111	127	123	106	-6.61	0.0315129
111	127	106	122	4.25	0.0323529
111	127	122	105	-3.49	0.0328653
111	127	105	121	2.49	0.0340161
111	127	121	104	-2.1	0.0347619
111	127	104	120	1.53	0.0365359
111	127	120	103	-1.33	0.0375188
111	127	103	119	0.95	0.0405263
111	127	119	102	-0.82	0.0421951
110	126	109	125	92.09	0.0301086
110	126	125	108	-63.79	0.0301568
110	126	108	124	37.64	0.0302657
110	126	124	107	-27.41	0.0303648
110	126	107	123	18.43	0.0305426
110	126	123	106	-13.6	0.0307353
110	126	106	122	9.61	0.0310406
110	126	122	105	-7.56	0.0313228
110	126	105	121	4.83	0.0320704
110	126	121	104	-3.91	0.0325575
110	126	104	120	2.87	0.0334843
110	126	120	103	-2.4	0.0341667
110	126	103	119	1.74	0.0357471
110	126	119	102	-1.45	0.0368966
110	126	102	118	1.14	0.0387719
110	126	118	101	-0.94	0.0406383
109	125	108	124	99.13	0.0301009
109	125	124	107	-68.92	0.0301451
109	125	107	123	39.92	0.0302505
109	125	123	106	-28.02	0.0303569
109	125	106	122	18.64	0.0305365
109	125	122	105	-14.21	0.0307037
109	125	105	121	9.78	0.0310225
109	125	121	104	-7.73	0.0312937
109	125	104	120	4.99	0.032004
109	125	120	103	-4.07	0.032457
109	125	103	119	2.92	0.0334247
109	125	119	102	-2.37	0.0342194
109	125	102	118	1.85	0.0354054
109	125	118	101	-1.49	0.0367114
109	125	101	117	1.45	0.0368966
109	125	117	100	-1.21	0.0382645
108	124	107	123	98.77	0.0301012
108	124	123	106	-65.37	0.030153
108	124	106	122	37.16	0.0302691
108	124	122	105	-27.35	0.0303656
108	124	105	121	17.65	0.0305666
108	124	121	104	-13.6	0.0307353
108	124	104	120	9.51	0.0310515
108	124	120	103	-7.61	0.0313141
108	124	103	119	4.76	0.0321008
108	124	119	102	-3.79	0.0326385
108	124	102	118	2.89	0.0334602
108	124	118	101	-2.28	0.034386
108	124	101	117	2.21	0.0345249
108	124	117	100	-1.83	0.0354645
108	124	100	116	1.79	0.0355866
108	124	116	99	-1.59	0.0362893
107	123	106	122	91.54	0.0301092
107	123	122	105	-62.94	0.0301589
107	123	105	121	34.72	0.030288
107	123	121	104	-25.67	0.0303896
107	123	104	120	16.97	0.0305893
107	123	120	103	-13.22	0.0307564
107	123	103	119	8.94	0.0311186
107	123	119	102	-6.92	0.0314451
107	123	102	118	4.62	0.0321645
107	123	118	101	-3.53	0.0328329
107	123	101	117	3.41	0.0329326
107	123	117	100	-2.75	0.0336364
107	123	100	116	2.69	0.0337175
107	123	116	99	-2.36	0.0342373
107	123	99	115	2.28	0.034386
107	123	115	98	-2.11	0.0347393
106	122	105	121	89.13	0.0301122
106	122	121	104	-59.54	0.030168
106	122	104	120	34.28	0.0302917
106	122	120	103	-25.28	0.0303956
106	122	103	119	16.32	0.0306127
106	122	119	102	-12.09	0.0308271
106	122	102	118	8.72	0.0311468
106	122	118	101	-6.35	0.0315748
106	122	101	117	5.5	0.0318182
106	122	117	100	-4.28	0.0323364
106	122	100	116	4.18	0.0323923
106	122	116	99	-3.58	0.0327933
106	122	99	115	3.45	0.0328986
106	122	115	98	-3.16	0.0331646
106	122	98	114	3.22	0.0331056
106	122	114	97	-3.09	0.0332362
105	121	104	120	87.3	0.0301145
105	121	120	103	-58.87	0.0301699
105	121	103	119	33	0.030303
105	121	119	102	-23.18	0.0304314
105	121	102	118	15.19	0.0306583
105	121	118	101	-10.76	0.0309294
105	121	101	117	10.22	0.0309785
105	121	117	100	-7.71	0.031297
105	121	100	116	6.78	0.0314749
105	121	116	99	-5.7	0.0317544
105	121	99	115	5.48	0.0318248
105	121	115	98	-4.99	0.032004
105	121	98	114	5.1	0.0319608
105	121	114	97	-4.88	0.0320492
105	121	97	113	3.66	0.0327322
104	120	103	119	81.98	0.030122
104	120	119	102	-49.7	0.0302012
104	120	102	118	30.03	0.030333
104	120	118	101	-18.82	0.0305313
104	120	101	117	17.38	0.0305754
104	120	117	100	-12.59	0.0307943
104	120	100	116	12.23	0.0308177
104	120	116	99	-9.97	0.031003
104	120	99	115	8.58	0.0311655
104	120	115	98	-7.65	0.0313072
104	120	98	114	7.84	0.0312755
104	120	114	97	-7.45	0.0313423
104	120	97	113	5.46	0.0318315
103	119	102	118	70.05	0.0301428
103	119	118	101	-35.44	0.0302822
103	119	101	117	32.52	0.0303075
103	119	117	100	-21.05	0.0304751
103	119	100	116	20.36	0.0304912
103	119	116	99	-15.89	0.0306293
103	119	99	115	15.2	0.0306579
103	119	115	98	-13.27	0.0307536
103	119	98	114	12.2	0.0308197
103	119	114	97	-11.47	0.0308718
103	119	97	113	8.27	0.0312092
102	118	101	117	70.75	0.0301413
102	118	117	100	-34.86	0.0302869
102	118	100	116	33.3	0.0303003
102	118	116	99	-23	0.0304348
102	118	99	115	22.06	0.0304533
102	118	115	98	-18.1	0.0305525
102	118	98	114	18.49	0.0305408
102	118	114	97	-16.84	0.0305938
102	118	97	113	11.36	0.0308803
128	144	127	143	55.2	0.0301812
128	144	143	126	-42.93	0.0302329
128	144	126	142	20.89	0.0304787
128	144	142	125	-16.78	0.0305959
128	144	125	141	10.32	0.030969
128	144	141	124	-8.47	0.0311806
128	144	124	140	5.66	0.0317668
128	144	140	123	-4.74	0.0321097
128	144	123	139	2.91	0.0334364
128	144	139	122	-2.49	0.0340161
128	144	122	138	1.81	0.0355249
128	144	138	121	-1.59	0.0362893
128	144	121	137	1.2	0.0383333
128	144	137	120	-1.09	0.0391743
128	144	120	136	0.84	0.0419048
128	144	136	119	-0.75	0.0433333
127	143	126	142	84.36	0.0301185
127	143	142	125	-59.82	0.0301672
127	143	125	141	33.1	0.0303021
127	143	141	124	-25.19	0.030397
127	143	124	140	16.27	0.0306146
127	143	140	123	-12.69	0.030788
127	143	123	139	8.8	0.0311364
127	143	139	122	-7.07	0.0314144
127	143	122	138	4.57	0.0321882
127	143	138	121	-3.76	0.0326596
127	143	121	137	2.82	0.0335461
127	143	137	120	-2.41	0.0341494
127	143	120	136	1.88	0.0353191
127	143	136	119	-1.57	0.0363694
127	143	119	135	1.24	0.0380645
127	143	135	118	-1.08	0.0392593
126	142	125	141	92.3	0.0301083
126	142	141	124	-65.71	0.0301522
126	142	124	140	36.54	0.0302737
126	142	140	123	-27.58	0.0303626
126	142	123	139	17.92	0.030558
126	142	139	122	-14.04	0.0307123
126	142	122	138	9.82	0.0310183
126	142	138	121	-7.9	0.0312658
126	142	121	137	5.16	0.031938
126	142	137	120	-4.32	0.0323148
126	142	120	136	3.3	0.0330303
126	142	136	119	-2.7	0.0337037
126	142	119	135	2.1	0.0347619
126	142	135	118	-1.8	0.0355556
126	142	118	134	1.4	0.0371429
126	142	134	117	-1.38	0.0372464
125	141	124	140	97.45	0.0301026
125	141	140	123	-68.08	0.0301469
125	141	123	139	37.89	0.0302639
125	141	139	122	-28.57	0.03035
125	141	122	138	18.7	0.0305348
125	141	138	121	-14.6	0.0306849
125	141	121	137	10.26	0.0309747
125	141	137	120	-8.41	0.0311891
125	141	120	136	5.6	0.0317857
125	141	136	119	-4.49	0.0322272
125	141	119	135	3.41	0.0329326
125	141	135	118	-2.88	0.0334722
125	141	118	134	2.2	0.0345455
125	141	134	117	-2.16	0.0346296
125	141	117	133	1.74	0.0357471
125	141	133	116	-1.72	0.035814
124	140	123	139	96.31	0.0301038
124	140	139	122	-67.73	0.0301476
124	140	122	138	37.78	0.0302647
124	140	138	121	-28.47	0.0303512
124	140	121	137	18.65	0.0305362
124	140	137	120	-14.9	0.0306711
124	140	120	136	10.63	0.0309407
124	140	136	119	-8.4	0.0311905
124	140	119	135	5.51	0.0318149
124	140	135	118	-4.58	0.0321834
124	140	118	134	3.41	0.0329326
124	140	134	117	-3.34	0.032994
124	140	117	133	2.65	0.0337736
124	140	133	116	-2.62	0.0338168
124	140	116	132	2.19	0.0345662
124	140	132	115	-2.14	0.0346729
123	139	122	138	93.34	0.0301071
123	139	138	121	-65.36	0.030153
123	139	121	137	36.54	0.0302737
123	139	137	120	-28.17	0.030355
123	139	120	136	18.81	0.0305316
123	139	136	119	-14.51	0.0306892
123	139	119	135	10.23	0.0309775
123	139	135	118	-8.39	0.0311919
123	139	118	134	5.36	0.0318657
123	139	134	117	-5.23	0.031912
123	139	117	133	4.06	0.0324631
123	139	133	116	-4	0.0325
123	139	116	132	3.31	0.0330211
123	139	132	115	-3.24	0.0330864
123	139	115	131	2.83	0.0335336
123	139	131	114	-2.87	0.0334843
122	138	121	137	89.35	0.0301119
122	138	137	120	-63.92	0.0301564
122	138	120	136	36.39	0.0302748
122	138	136	119	-27.28	0.0303666
122	138	119	135	17.85	0.0305602
122	138	135	118	-14.35	0.0306969
122	138	118	134	9.82	0.0310183
122	138	134	117	-9.56	0.031046
122	138	117	133	6.39	0.0315649
122	138	133	116	-6.28	0.0315924
122	138	116	132	5.1	0.0319608
122	138	132	115	-4.98	0.032008
122	138	115	131	4.31	0.0323202
122	138	131	114	-4.38	0.0322831
122	138	114	130	4.02	0.0324876
122	138	130	113	-3.19	0.0331348
121	137	120	136	90.46	0.0301105
121	137	136	119	-64.19	0.0301558
121	137	119	135	35.43	0.0302822
121	137	135	118	-27.63	0.0303619
121	137	118	134	17.43	0.0305737
121	137	134	117	-16.88	0.0305924
121	137	117	133	12.17	0.0308217
121	137	133	116	-11.96	0.0308361
121	137	116	132	8.43	0.0311862
121	137	132	115	-8.2	0.0312195
121	137	115	131	7.02	0.0314245
121	137	131	114	-7.13	0.0314025
121	137	114	130	6.51	0.0315361
121	137	130	113	-5.09	0.0319646
121	137	113	129	4.69	0.0321322
120	136	119	135	81.44	0.0301228
120	136	135	118	-61.49	0.0301626
120	136	118	134	31.83	0.0303142
120	136	134	117	-30.74	0.0303253
120	136	117	133	20.43	0.0304895
120	136	133	116	-20.07	0.0304983
120	136	116	132	15.3	0.0306536
120	136	132	115	-14.88	0.030672
120	136	115	131	11.07	0.0309033
120	136	131	114	-11.23	0.0308905
120	136	114	130	10.13	0.0309872
120	136	130	113	-7.88	0.031269
120	136	113	129	7.18	0.0313928
119	135	118	134	69.39	0.0301441
119	135	134	117	-66.69	0.0301499
119	135	117	133	35.39	0.0302826
119	135	133	116	-34.97	0.030286
119	135	116	132	24.74	0.0304042
119	135	132	115	-24.09	0.0304151
119	135	115	131	19.49	0.0305131
119	135	131	114	-19.79	0.0305053
119	135	114	130	15.26	0.0306553
119	135	130	113	-11.75	0.0308511
119	135	113	129	10.63	0.0309407
118	134	113	129	13.83	0.0307231
