144# Number of sensors
#x	z
1.75	-0.1
1.75	-0.2
1.75	-0.3
1.75	-0.4
1.75	-0.5
1.75	-0.6
1.75	-0.7
1.75	-0.8
1.75	-0.9
1.75	-1
1.75	-1.1
1.75	-1.2
1.75	-1.3
1.75	-1.4
1.75	-1.5
1.75	-1.6
2.25	-0.1
2.25	-0.2
2.25	-0.3
2.25	-0.4
2.25	-0.5
2.25	-0.6
2.25	-0.7
2.25	-0.8
2.25	-0.9
2.25	-1
2.25	-1.1
2.25	-1.2
2.25	-1.3
2.25	-1.4
2.25	-1.5
2.25	-1.6
2.75	-0.1
2.75	-0.2
2.75	-0.3
2.75	-0.4
2.75	-0.5
2.75	-0.6
2.75	-0.7
2.75	-0.8
2.75	-0.9
2.75	-1
2.75	-1.1
2.75	-1.2
2.75	-1.3
2.75	-1.4
2.75	-1.5
2.75	-1.6
3.25	-0.1
3.25	-0.2
3.25	-0.3
3.25	-0.4
3.25	-0.5
3.25	-0.6
3.25	-0.7
3.25	-0.8
3.25	-0.9
3.25	-1
3.25	-1.1
3.25	-1.2
3.25	-1.3
3.25	-1.4
3.25	-1.5
3.25	-1.6
3.75	-0.1
3.75	-0.2
3.75	-0.3
3.75	-0.4
3.75	-0.5
3.75	-0.6
3.75	-0.7
3.75	-0.8
3.75	-0.9
3.75	-1
3.75	-1.1
3.75	-1.2
3.75	-1.3
3.75	-1.4
3.75	-1.5
3.75	-1.6
4.25	-0.1
4.25	-0.2
4.25	-0.3
4.25	-0.4
4.25	-0.5
4.25	-0.6
4.25	-0.7
4.25	-0.8
4.25	-0.9
4.25	-1
4.25	-1.1
4.25	-1.2
4.25	-1.3
4.25	-1.4
4.25	-1.5
4.25	-1.6
4.75	-0.1
4.75	-0.2
4.75	-0.3
4.75	-0.4
4.75	-0.5
4.75	-0.6
4.75	-0.7
4.75	-0.8
4.75	-0.9
4.75	-1
4.75	-1.1
4.75	-1.2
4.75	-1.3
4.75	-1.4
4.75	-1.5
4.75	-1.6
5.25	-0.1
5.25	-0.2
5.25	-0.3
5.25	-0.4
5.25	-0.5
5.25	-0.6
5.25	-0.7
5.25	-0.8
5.25	-0.9
5.25	-1
5.25	-1.1
5.25	-1.2
5.25	-1.3
5.25	-1.4
5.25	-1.5
5.25	-1.6
5.75	-0.1
5.75	-0.2
5.75	-0.3
5.75	-0.4
5.75	-0.5
5.75	-0.6
5.75	-0.7
5.75	-0.8
5.75	-0.9
5.75	-1
5.75	-1.1
5.75	-1.2
5.75	-1.3
5.75	-1.4
5.75	-1.5
5.75	-1.6
1256# Number of data
#a	b	m	n	R	err
16	32	15	31	65.03	0.0301538
16	32	31	14	-42.67	0.0302344
16	32	14	30	23.23	0.0304305
16	32	30	13	-19.43	0.0305147
16	32	13	29	12.6	0.0307937
16	32	29	12	-11.35	0.0308811
16	32	12	28	8.63	0.0311587
16	32	28	11	-6.88	0.0314535
16	32	11	27	5.32	0.0318797
16	32	27	10	-3.51	0.032849
16	32	10	26	2.84	0.0335211
16	32	26	9	-2.1	0.0347619
16	32	9	25	1.74	0.0357471
16	32	25	8	-1.38	0.0372464
16	32	8	24	1.17	0.038547
16	32	24	7	-0.96	0.0404167
15	31	14	30	74.2	0.0301348
15	31	30	13	-60.82	0.0301644
15	31	13	29	36.68	0.0302726
15	31	29	12	-33.38	0.0302996
15	31	12	28	24.85	0.0304024
15	31	28	11	-19.39	0.0305157
15	31	11	27	15.49	0.0306456
15	31	27	10	-9.55	0.0310471
15	31	10	26	7.04	0.0314205
15	31	26	9	-4.92	0.0320325
15	31	9	25	4.04	0.0324752
15	31	25	8	-3.07	0.0332573
15	31	8	24	2.58	0.033876
15	31	24	7	-2.04	0.034902
15	31	7	23	1.74	0.0357471
15	31	23	6	-1.43	0.036993
14	30	13	29	87.32	0.0301145
14	30	29	12	-78.35	0.0301276
14	30	12	28	54.16	0.0301846
14	30	28	11	-41.96	0.0302383
14	30	11	27	32.72	0.0303056
14	30	27	10	-19.31	0.0305179
14	30	10	26	15.22	0.030657
14	30	26	9	-10.28	0.0309728
14	30	9	25	7.21	0.031387
14	30	25	8	-5.34	0.0318727
14	30	8	24	4.45	0.0322472
14	30	24	7	-3.43	0.0329155
14	30	7	23	2.91	0.0334364
14	30	23	6	-2.33	0.0342918
14	30	6	22	2.02	0.0349505
14	30	22	5	-1.67	0.035988
13	29	12	28	92.37	0.0301083
13	29	28	11	-73.17	0.0301367
13	29	11	27	47.14	0.0302121
13	29	27	10	-31.55	0.030317
13	29	10	26	22.12	0.0304521
13	29	26	9	-16.1	0.0306211
13	29	9	25	12.09	0.0308271
13	29	25	8	-9.43	0.0310604
13	29	8	24	6.39	0.0315649
13	29	24	7	-5.14	0.0319455
13	29	7	23	4.12	0.0324272
13	29	23	6	-3.42	0.032924
13	29	6	22	2.8	0.0335714
13	29	22	5	-2.41	0.0341494
13	29	5	21	2.06	0.0348544
13	29	21	4	-1.8	0.0355556
12	28	11	27	84.58	0.0301182
12	28	27	10	-62.04	0.0301612
12	28	10	26	36.19	0.0302763
12	28	26	9	-27.82	0.0303595
12	28	9	25	18.94	0.030528
12	28	25	8	-15.22	0.030657
12	28	8	24	11.07	0.0309033
12	28	24	7	-9.13	0.0310953
12	28	7	23	6.09	0.031642
12	28	23	6	-5.16	0.031938
12	28	6	22	4.02	0.0324876
12	28	22	5	-3.52	0.0328409
12	28	5	21	2.88	0.0334722
12	28	21	4	-2.56	0.0339062
12	28	4	20	2.18	0.0345872
12	28	20	3	-2.03	0.0349261
11	27	10	26	86.15	0.0301161
11	27	26	9	-62.63	0.0301597
11	27	9	25	37.95	0.0302635
11	27	25	8	-29.5	0.030339
11	27	8	24	20.09	0.0304978
11	27	24	7	-16.14	0.0306196
11	27	7	23	11.72	0.0308532
11	27	23	6	-9.73	0.0310277
11	27	6	22	6.42	0.0315576
11	27	22	5	-5.51	0.0318149
11	27	5	21	4.4	0.0322727
11	27	21	4	-3.86	0.0325907
11	27	4	20	3.23	0.033096
11	27	20	3	-2.99	0.0333445
11	27	3	19	2.62	0.0338168
11	27	19	2	-2.48	0.0340323
10	26	9	25	96.43	0.0301037
10	26	25	8	-69.23	0.0301444
10	26	8	24	42.47	0.0302355
10	26	24	7	-32.37	0.0303089
10	26	7	23	22.23	0.0304498
10	26	23	6	-17.76	0.0305631
10	26	6	22	13.03	0.0307675
10	26	22	5	-10.8	0.0309259
10	26	5	21	7.39	0.0313532
10	26	21	4	-6.26	0.0315974
10	26	4	20	5.18	0.0319305
10	26	20	3	-4.7	0.0321277
10	26	3	19	4.09	0.032445
10	26	19	2	-3.84	0.0326042
10	26	2	18	3.62	0.0327624
10	26	18	1	-3.35	0.0329851
9	25	8	24	101.25	0.0300988
9	25	24	7	-72.22	0.0301385
9	25	7	23	44.41	0.0302252
9	25	23	6	-33.91	0.0302949
9	25	6	22	23.41	0.0304272
9	25	22	5	-18.71	0.0305345
9	25	5	21	14.11	0.0307087
9	25	21	4	-11.57	0.0308643
9	25	4	20	8.14	0.0312285
9	25	20	3	-7.26	0.0313774
9	25	3	19	6.21	0.0316103
9	25	19	2	-5.78	0.0317301
9	25	2	18	5.41	0.0318484
9	25	18	1	-4.94	0.0320243
9	25	1	17	4.67	0.0321413
8	24	7	23	105.5	0.0300948
8	24	23	6	-75.42	0.0301326
8	24	6	22	46.69	0.0302142
8	24	22	5	-35.63	0.0302807
8	24	5	21	25.26	0.0303959
8	24	21	4	-19.79	0.0305053
8	24	4	20	15.25	0.0306557
8	24	20	3	-13.34	0.0307496
8	24	3	19	9.61	0.0310406
8	24	19	2	-8.85	0.0311299
8	24	2	18	8.2	0.0312195
8	24	18	1	-7.4	0.0313514
8	24	1	17	6.92	0.0314451
7	23	6	22	112.49	0.0300889
7	23	22	5	-80.45	0.0301243
7	23	5	21	50.92	0.0301964
7	23	21	4	-37.61	0.0302659
7	23	4	20	26.93	0.0303713
7	23	20	3	-22.97	0.0304354
7	23	3	19	18.32	0.0305459
7	23	19	2	-16.67	0.0305999
7	23	2	18	13.24	0.0307553
7	23	18	1	-11.73	0.0308525
7	23	1	17	10.85	0.0309217
6	22	1	17	17.21	0.0305811
3	19	2	18	237.9	0.030042
3	19	18	1	-170.42	0.0300587
3	19	1	17	128.66	0.0300777
2	18	1	17	591.78	0.0300169
32	48	31	47	64.2	0.0301558
32	48	47	30	-45.2	0.0302212
32	48	30	46	29.18	0.0303427
32	48	46	29	-22.33	0.0304478
32	48	29	45	13.36	0.0307485
32	48	45	28	-10.6	0.0309434
32	48	28	44	7.05	0.0314184
32	48	44	27	-5.7	0.0317544
32	48	27	43	3.93	0.0325445
32	48	43	26	-3.24	0.0330864
32	48	26	42	2.45	0.0340816
32	48	42	25	-2.1	0.0347619
32	48	25	41	1.64	0.0360976
32	48	41	24	-1.43	0.036993
32	48	24	40	1.14	0.0387719
32	48	40	23	-1.01	0.039901
31	47	30	46	88.76	0.0301127
31	47	46	29	-64.41	0.0301553
31	47	29	45	36.08	0.0302772
31	47	45	28	-27.54	0.0303631
31	47	28	44	17.59	0.0305685
31	47	44	27	-13.73	0.0307283
31	47	27	43	9.62	0.0310395
31	47	43	26	-7.67	0.0313038
31	47	26	42	5.09	0.0319646
31	47	42	25	-4.23	0.0323641
31	47	25	41	3.26	0.0330675
31	47	41	24	-2.76	0.0336232
31	47	24	40	2.17	0.0346083
31	47	40	23	-1.87	0.0353476
31	47	23	39	1.51	0.0366225
31	47	39	22	-1.32	0.0375758
30	46	29	45	84.91	0.0301178
30	46	45	28	-60.49	0.0301653
30	46	28	44	36.05	0.0302774
30	46	44	27	-26.88	0.030372
30	46	27	43	18.25	0.0305479
30	46	43	26	-14.07	0.0307107
30	46	26	42	10.26	0.0309747
30	46	42	25	-8.29	0.0312063
30	46	25	41	5.7	0.0317544
30	46	41	24	-4.69	0.0321322
30	46	24	40	3.68	0.0327174
30	46	40	23	-3.08	0.0332468
30	46	23	39	2.49	0.0340161
30	46	39	22	-2.13	0.0346948
30	46	22	38	1.78	0.035618
30	46	38	21	-1.55	0.0364516
29	45	28	44	91.12	0.0301097
29	45	44	27	-64.77	0.0301544
29	45	27	43	38.66	0.0302587
29	45	43	26	-29.04	0.0303444
29	45	26	42	19.73	0.0305068
29	45	42	25	-15.7	0.0306369
29	45	25	41	11.41	0.0308764
29	45	41	24	-9.21	0.0310858
29	45	24	40	6.35	0.0315748
29	45	40	23	-5.26	0.0319011
29	45	23	39	4.13	0.0324213
29	45	39	22	-3.49	0.0328653
29	45	22	38	2.85	0.0335088
29	45	38	21	-2.47	0.0340486
29	45	21	37	2.06	0.0348544
29	45	37	20	-1.84	0.0354348
28	44	27	43	93.96	0.0301064
28	44	43	26	-67.51	0.0301481
28	44	26	42	40.1	0.0302494
28	44	42	25	-31.13	0.0303212
28	44	25	41	21.01	0.030476
28	44	41	24	-16.8	0.0305952
28	44	24	40	12.12	0.0308251
28	44	40	23	-9.91	0.0310091
28	44	23	39	6.76	0.0314793
28	44	39	22	-5.64	0.031773
28	44	22	38	4.48	0.0322321
28	44	38	21	-3.84	0.0326042
28	44	21	37	3.14	0.0331847
28	44	37	20	-2.79	0.0335842
28	44	20	36	2.4	0.0341667
28	44	36	19	-2.19	0.0345662
27	43	26	42	95.29	0.0301049
27	43	42	25	-70.26	0.0301423
27	43	25	41	41.99	0.0302382
27	43	41	24	-32.44	0.0303083
27	43	24	40	21.91	0.0304564
27	43	40	23	-17.47	0.0305724
27	43	23	39	12.66	0.0307899
27	43	39	22	-10.35	0.0309662
27	43	22	38	7.22	0.031385
27	43	38	21	-6.08	0.0316447
27	43	21	37	4.86	0.0320576
27	43	37	20	-4.24	0.0323585
27	43	20	36	3.6	0.0327778
27	43	36	19	-3.26	0.0330675
27	43	19	35	2.81	0.0335587
27	43	35	18	-2.67	0.0337453
26	42	25	41	99.46	0.0301005
26	42	41	24	-72.31	0.0301383
26	42	24	40	43.36	0.0302306
26	42	40	23	-33.17	0.0303015
26	42	23	39	22.59	0.0304427
26	42	39	22	-17.89	0.030559
26	42	22	38	13.26	0.0307541
26	42	38	21	-10.89	0.0309183
26	42	21	37	7.65	0.0313072
26	42	37	20	-6.53	0.0315314
26	42	20	36	5.43	0.0318416
26	42	36	19	-4.83	0.0320704
26	42	19	35	4.1	0.032439
26	42	35	18	-3.87	0.032584
26	42	18	34	3.6	0.0327778
26	42	34	17	-3.4	0.0329412
25	41	24	40	102.67	0.0300974
25	41	40	23	-74.35	0.0301345
25	41	23	39	44.67	0.0302239
25	41	39	22	-34.1	0.0302933
25	41	22	38	23.61	0.0304235
25	41	38	21	-18.9	0.0305291
25	41	21	37	14.01	0.0307138
25	41	37	20	-11.73	0.0308525
25	41	20	36	8.45	0.0311834
25	41	36	19	-7.39	0.0313532
25	41	19	35	6.09	0.031642
25	41	35	18	-5.69	0.0317575
25	41	18	34	5.24	0.0319084
25	41	34	17	-4.92	0.0320325
25	41	17	33	4.79	0.0320877
24	40	23	39	105.3	0.030095
24	40	39	22	-76.22	0.0301312
24	40	22	38	46.65	0.0302144
24	40	38	21	-36.11	0.0302769
24	40	21	37	24.86	0.0304023
24	40	37	20	-20.29	0.0304929
24	40	20	36	15.5	0.0306452
24	40	36	19	-13.28	0.030753
24	40	19	35	9.39	0.031065
24	40	35	18	-8.67	0.0311534
24	40	18	34	7.86	0.0312723
24	40	34	17	-7.33	0.0313643
24	40	17	33	7.04	0.0314205
23	39	22	38	114.57	0.0300873
23	39	38	21	-84.48	0.0301184
23	39	21	37	50.75	0.030197
23	39	37	20	-40	0.03025
23	39	20	36	28.24	0.0303541
23	39	36	19	-23.62	0.0304234
23	39	19	35	17.34	0.0305767
23	39	35	18	-15.79	0.0306333
23	39	18	34	12.43	0.0308045
23	39	34	17	-11.43	0.0308749
23	39	17	33	10.84	0.0309225
22	38	21	37	122.36	0.0300817
22	38	37	20	-91.38	0.0301094
22	38	20	36	56.75	0.0301762
22	38	36	19	-45.71	0.0302188
22	38	19	35	30.09	0.0303323
22	38	35	18	-26.94	0.0303712
22	38	18	34	23.15	0.030432
22	38	34	17	-21	0.0304762
22	38	17	33	17.3	0.030578
21	37	20	36	133.73	0.0300748
21	37	36	19	-101.06	0.030099
21	37	19	35	55.21	0.0301811
21	37	35	18	-47.89	0.0302088
21	37	18	34	39.28	0.0302546
21	37	34	17	-34.72	0.030288
21	37	17	33	31.63	0.0303162
18	34	17	33	348.29	0.0300287
48	64	47	63	60.03	0.0301666
48	64	63	46	-44.47	0.0302249
48	64	46	62	27.27	0.0303667
48	64	62	45	-18.23	0.0305485
48	64	45	61	12.56	0.0307962
48	64	61	44	-9.02	0.0311086
48	64	44	60	6.66	0.0315015
48	64	60	43	-5.11	0.0319569
48	64	43	59	3.7	0.0327027
48	64	59	42	-2.96	0.0333784
48	64	42	58	2.33	0.0342918
48	64	58	41	-1.9	0.0352632
48	64	41	57	1.54	0.0364935
48	64	57	40	-1.3	0.0376923
48	64	40	56	1.07	0.0393458
48	64	56	39	-0.91	0.040989
47	63	46	62	81.67	0.0301224
47	63	62	45	-52.96	0.0301888
47	63	45	61	32.97	0.0303033
47	63	61	44	-23	0.0304348
47	63	44	60	16.1	0.0306211
47	63	60	43	-12.08	0.0308278
47	63	43	59	8.82	0.0311338
47	63	59	42	-6.91	0.0314472
47	63	42	58	4.77	0.0320964
47	63	58	41	-3.82	0.0326178
47	63	41	57	3.01	0.0333223
47	63	57	40	-2.5	0.034
47	63	40	56	2.01	0.0349751
47	63	56	39	-1.68	0.0359524
47	63	39	55	1.39	0.0371942
47	63	55	38	-1.19	0.0384034
46	62	45	61	80.33	0.0301245
46	62	61	44	-55.59	0.0301799
46	62	44	60	33.88	0.0302952
46	62	60	43	-25.28	0.0303956
46	62	43	59	17.42	0.0305741
46	62	59	42	-13.41	0.0307457
46	62	42	58	9.72	0.0310288
46	62	58	41	-7.81	0.0312804
46	62	41	57	5.4	0.0318519
46	62	57	40	-4.47	0.0322371
46	62	40	56	3.45	0.0328986
46	62	56	39	-2.9	0.0334483
46	62	39	55	2.32	0.0343103
46	62	55	38	-2.01	0.0349751
46	62	38	54	1.63	0.036135
46	62	54	37	-1.46	0.0368493
45	61	44	60	86.75	0.0301153
45	61	60	43	-60.7	0.0301647
45	61	43	59	36.67	0.0302727
45	61	59	42	-27.36	0.0303655
45	61	42	58	18.86	0.0305302
45	61	58	41	-14.65	0.0306826
45	61	41	57	10.76	0.0309294
45	61	57	40	-8.66	0.0311547
45	61	40	56	6.04	0.0316556
45	61	56	39	-4.95	0.0320202
45	61	39	55	3.9	0.0325641
45	61	55	38	-3.3	0.0330303
45	61	38	54	2.66	0.0337594
45	61	54	37	-2.34	0.0342735
45	61	37	53	1.94	0.0351546
45	61	53	36	-1.74	0.0357471
44	60	43	59	89.76	0.0301114
44	60	59	42	-62.05	0.0301612
44	60	42	58	38.56	0.0302593
44	60	58	41	-28.44	0.0303516
44	60	41	57	19.96	0.030501
44	60	57	40	-15.46	0.0306468
44	60	40	56	11.31	0.0308842
44	60	56	39	-8.99	0.0311123
44	60	39	55	6.46	0.031548
44	60	55	38	-5.33	0.0318762
44	60	38	54	4.22	0.0323697
44	60	54	37	-3.63	0.0327548
44	60	37	53	2.97	0.033367
44	60	53	36	-2.63	0.0338023
44	60	36	52	2.28	0.034386
44	60	52	35	-2.02	0.0349505
43	59	42	58	92.48	0.0301081
43	59	58	41	-63.93	0.0301564
43	59	41	57	40	0.03025
43	59	57	40	-29.59	0.030338
43	59	40	56	20.35	0.0304914
43	59	56	39	-15.67	0.0306382
43	59	39	55	11.76	0.0308503
43	59	55	38	-9.49	0.0310537
43	59	38	54	6.73	0.0314859
43	59	54	37	-5.66	0.0317668
43	59	37	53	4.56	0.032193
43	59	53	36	-3.95	0.0325316
43	59	36	52	3.37	0.0329674
43	59	52	35	-2.95	0.0333898
43	59	35	51	2.56	0.0339062
43	59	51	34	-2.4	0.0341667
42	58	41	57	94.58	0.0301057
42	58	57	40	-65.44	0.0301528
42	58	40	56	39.7	0.0302519
42	58	56	39	-29.14	0.0303432
42	58	39	55	21.05	0.0304751
42	58	55	38	-16.5	0.0306061
42	58	38	54	12.13	0.0308244
42	58	54	37	-9.95	0.031005
42	58	37	53	7.07	0.0314144
42	58	53	36	-6	0.0316667
42	58	36	52	5.02	0.031992
42	58	52	35	-4.31	0.0323202
42	58	35	51	3.67	0.0327248
42	58	51	34	-3.42	0.032924
42	58	34	50	3.16	0.0331646
42	58	50	33	-2.88	0.0334722
41	57	40	56	92.95	0.0301076
41	57	56	39	-62.99	0.0301588
41	57	39	55	42.75	0.0302339
41	57	55	38	-32.22	0.0303104
41	57	38	54	21.93	0.030456
41	57	54	37	-17.34	0.0305767
41	57	37	53	12.96	0.0307716
41	57	53	36	-10.71	0.0309337
41	57	36	52	7.85	0.0312739
41	57	52	35	-6.56	0.0315244
41	57	35	51	5.44	0.0318382
41	57	51	34	-5.01	0.031996
41	57	34	50	4.56	0.032193
41	57	50	33	-4.15	0.0324096
41	57	33	49	3.94	0.0325381
40	56	39	55	94.76	0.0301055
40	56	55	38	-64.76	0.0301544
40	56	38	54	42.51	0.0302352
40	56	54	37	-31.5	0.0303175
40	56	37	53	22.9	0.0304367
40	56	53	36	-18.17	0.0305504
40	56	36	52	14.43	0.030693
40	56	52	35	-11.62	0.0308606
40	56	35	51	8.44	0.0311848
40	56	51	34	-7.65	0.0313072
40	56	34	50	6.88	0.0314535
40	56	50	33	-6.22	0.0316077
40	56	33	49	5.86	0.0317065
39	55	38	54	111.36	0.0300898
39	55	54	37	-77.56	0.0301289
39	55	37	53	48.43	0.0302065
39	55	53	36	-36.6	0.0302732
39	55	36	52	27.14	0.0303685
39	55	52	35	-20.83	0.0304801
39	55	35	51	15.55	0.0306431
39	55	51	34	-14.12	0.0307082
39	55	34	50	11.08	0.0309025
39	55	50	33	-9.9	0.0310101
39	55	33	49	9.21	0.0310858
38	54	37	53	118.2	0.0300846
38	54	53	36	-83.37	0.0301199
38	54	36	52	55.13	0.0301814
38	54	52	35	-39.23	0.0302549
38	54	35	51	27.67	0.0303614
38	54	51	34	-23.94	0.0304177
38	54	34	50	20.37	0.0304909
38	54	50	33	-18	0.0305556
38	54	33	49	14.64	0.0306831
37	53	36	52	133.44	0.0300749
37	53	52	35	-87.7	0.030114
37	53	35	51	52.1	0.0301919
37	53	51	34	-43.41	0.0302304
37	53	34	50	35.13	0.0302847
37	53	50	33	-30.57	0.0303271
37	53	33	49	27.32	0.030366
34	50	33	49	274.74	0.0300364
64	80	63	79	45.91	0.0302178
64	80	79	62	-28.83	0.0303469
64	80	62	78	18.56	0.0305388
64	80	78	61	-12.96	0.0307716
64	80	61	77	9.03	0.0311074
64	80	77	60	-6.62	0.0315106
64	80	60	76	5.13	0.0319493
64	80	76	59	-3.87	0.032584
64	80	59	75	3.07	0.0332573
64	80	75	58	-2.36	0.0342373
64	80	58	74	2.01	0.0349751
64	80	74	57	-1.56	0.0364103
64	80	57	73	1.33	0.0375188
64	80	73	56	-1.05	0.0395238
64	80	56	72	0.95	0.0405263
64	80	72	55	-0.76	0.0431579
63	79	62	78	77.37	0.0301292
63	79	78	61	-57.4	0.0301742
63	79	61	77	29.13	0.0303433
63	79	77	60	-22.21	0.0304502
63	79	60	76	14.72	0.0306793
63	79	76	59	-11.5	0.0308696
63	79	59	75	8.29	0.0312063
63	79	75	58	-6.61	0.0315129
63	79	58	74	4.49	0.0322272
63	79	74	57	-3.65	0.0327397
63	79	57	73	2.86	0.0334965
63	79	73	56	-2.33	0.0342918
63	79	56	72	1.91	0.0352356
63	79	72	55	-1.6	0.03625
63	79	55	71	1.35	0.0374074
63	79	71	54	-1.13	0.0388496
62	78	61	77	77.93	0.0301283
62	78	77	60	-55.97	0.0301787
62	78	60	76	32.61	0.0303067
62	78	76	59	-24.56	0.0304072
62	78	59	75	16.75	0.030597
62	78	75	58	-13.04	0.0307669
62	78	58	74	9.59	0.0310428
62	78	74	57	-7.66	0.0313055
62	78	57	73	5.24	0.0319084
62	78	73	56	-4.19	0.0323866
62	78	56	72	3.38	0.0329586
62	78	72	55	-2.77	0.0336101
62	78	55	71	2.3	0.0343478
62	78	71	54	-1.92	0.0352083
62	78	54	70	1.63	0.036135
62	78	70	53	-1.38	0.0372464
61	77	60	76	87.28	0.0301146
61	77	76	59	-63.64	0.0301571
61	77	59	75	35.95	0.0302782
61	77	75	58	-27.4	0.030365
61	77	58	74	18.55	0.0305391
61	77	74	57	-14.64	0.0306831
61	77	57	73	10.59	0.0309443
61	77	73	56	-8.4	0.0311905
61	77	56	72	5.9	0.0316949
61	77	72	55	-4.83	0.0320704
61	77	55	71	3.87	0.032584
61	77	71	54	-3.22	0.0331056
61	77	54	70	2.65	0.0337736
61	77	70	53	-2.26	0.0344248
61	77	53	69	1.89	0.035291
61	77	69	52	-1.65	0.0360606
60	76	59	75	89.08	0.0301123
60	76	75	58	-65.44	0.0301528
60	76	58	74	36.91	0.0302709
60	76	74	57	-28.36	0.0303526
60	76	57	73	19.03	0.0305255
60	76	73	56	-14.81	0.0306752
60	76	56	72	10.93	0.0309149
60	76	72	55	-8.85	0.0311299
60	76	55	71	6.23	0.0316051
60	76	71	54	-5.11	0.0319569
60	76	54	70	4.1	0.032439
60	76	70	53	-3.46	0.0328902
60	76	53	69	2.83	0.0335336
60	76	69	52	-2.46	0.034065
60	76	52	68	2.12	0.034717
60	76	68	51	-1.84	0.0354348
59	75	58	74	91.4	0.0301094
59	75	74	57	-67.29	0.0301486
59	75	57	73	37.63	0.0302657
59	75	73	56	-28.28	0.0303536
59	75	56	72	19.41	0.0305152
59	75	72	55	-15.45	0.0306472
59	75	55	71	11.55	0.0308658
59	75	71	54	-9.31	0.0310741
59	75	54	70	6.55	0.0315267
59	75	70	53	-5.45	0.0318349
59	75	53	69	4.34	0.0323041
59	75	69	52	-3.74	0.0326738
59	75	52	68	3.15	0.0331746
59	75	68	51	-2.72	0.0336765
59	75	51	67	2.36	0.0342373
59	75	67	50	-2.18	0.0345872
58	74	57	73	90.78	0.0301102
58	74	73	56	-64.76	0.0301544
58	74	56	72	37.29	0.0302682
58	74	72	55	-29.13	0.0303433
58	74	55	71	20.37	0.0304909
58	74	71	54	-15.95	0.030627
58	74	54	70	11.85	0.0308439
58	74	70	53	-9.66	0.0310352
58	74	53	69	6.7	0.0314925
58	74	69	52	-5.68	0.0317606
58	74	52	68	4.68	0.0321368
58	74	68	51	-3.97	0.0325189
58	74	51	67	3.4	0.0329412
58	74	67	50	-3.13	0.0331949
58	74	50	66	2.85	0.0335088
58	74	66	49	-2.67	0.0337453
57	73	56	72	90.95	0.03011
57	73	72	55	-70.53	0.0301418
57	73	55	71	41.34	0.0302419
57	73	71	54	-30.99	0.0303227
57	73	54	70	21.16	0.0304726
57	73	70	53	-16.78	0.0305959
57	73	53	69	12.24	0.030817
57	73	69	52	-10.18	0.0309823
57	73	52	68	7.32	0.0313661
57	73	68	51	-6.1	0.0316393
57	73	51	67	5.08	0.0319685
57	73	67	50	-4.63	0.0321598
57	73	50	66	4.15	0.0324096
57	73	66	49	-3.87	0.032584
57	73	49	65	3.69	0.03271
56	72	55	71	94.57	0.0301057
56	72	71	54	-72.13	0.0301386
56	72	54	70	40.06	0.0302496
56	72	70	53	-31.43	0.0303182
56	72	53	69	20.98	0.0304766
56	72	69	52	-17.19	0.0305817
56	72	52	68	13.04	0.0307669
56	72	68	51	-10.67	0.0309372
56	72	51	67	7.72	0.0312953
56	72	67	50	-6.94	0.0314409
56	72	50	66	6.1	0.0316393
56	72	66	49	-5.65	0.0317699
56	72	49	65	5.34	0.0318727
55	71	54	70	105.93	0.0300944
55	71	70	53	-76.71	0.0301304
55	71	53	69	42.7	0.0302342
55	71	69	52	-33.13	0.0303018
55	71	52	68	23.46	0.0304263
55	71	68	51	-18.35	0.030545
55	71	51	67	14.24	0.0307022
55	71	67	50	-12.52	0.0307987
55	71	50	66	9.62	0.0310395
55	71	66	49	-8.78	0.031139
55	71	49	65	8.23	0.0312151
54	70	53	69	107.67	0.0300929
54	70	69	52	-79.1	0.0301264
54	70	52	68	46.49	0.0302151
54	70	68	51	-34.67	0.0302884
54	70	51	67	24.84	0.0304026
54	70	67	50	-21.15	0.0304728
54	70	50	66	17.55	0.0305698
54	70	66	49	-15.8	0.0306329
54	70	49	65	12.98	0.0307704
53	69	52	68	119.55	0.0300836
53	69	68	51	-83.74	0.0301194
53	69	51	67	48.42	0.0302065
53	69	67	50	-40.18	0.0302489
53	69	50	66	30.63	0.0303265
53	69	66	49	-27.07	0.0303694
53	69	49	65	24.22	0.0304129
52	68	51	67	112.89	0.0300886
52	68	67	50	-89.24	0.0301121
52	68	50	66	56.46	0.0301771
52	68	66	49	-48.65	0.0302055
52	68	49	65	41.43	0.0302414
80	96	79	95	38.29	0.0302612
80	96	95	78	-28.27	0.0303537
80	96	78	94	15.39	0.0306498
80	96	94	77	-11.67	0.0308569
80	96	77	93	7.37	0.0313569
80	96	93	76	-5.97	0.031675
80	96	76	92	4.1	0.032439
80	96	92	75	-3.4	0.0329412
80	96	75	91	2.46	0.034065
80	96	91	74	-2.09	0.0347847
80	96	74	90	1.57	0.0363694
80	96	90	73	-1.36	0.0373529
80	96	73	89	1.05	0.0395238
80	96	89	72	-0.92	0.0408696
80	96	72	88	0.74	0.0435135
80	96	88	71	-0.67	0.0449254
79	95	78	94	83.86	0.0301192
79	95	94	77	-55.44	0.0301804
79	95	77	93	29.67	0.030337
79	95	93	76	-22.29	0.0304486
79	95	76	92	14.27	0.0307008
79	95	92	75	-11.14	0.0308977
79	95	75	91	7.77	0.031287
79	95	91	74	-6.25	0.0316
79	95	74	90	4.08	0.032451
79	95	90	73	-3.34	0.032994
79	95	73	89	2.53	0.0339526
79	95	89	72	-2.13	0.0346948
79	95	72	88	1.68	0.0359524
79	95	88	71	-1.47	0.0368027
79	95	71	87	1.17	0.038547
79	95	87	70	-1.02	0.0398039
78	94	77	93	82.1	0.0301218
78	94	93	76	-58.52	0.0301709
78	94	76	92	31.66	0.0303159
78	94	92	75	-23.97	0.0304172
78	94	75	91	15.66	0.0306386
78	94	91	74	-12.3	0.030813
78	94	74	90	8.66	0.0311547
78	94	90	73	-6.98	0.0314327
78	94	73	89	4.62	0.0321645
78	94	89	72	-3.82	0.0326178
78	94	72	88	2.96	0.0333784
78	94	88	71	-2.54	0.033937
78	94	71	87	1.99	0.0350251
78	94	87	70	-1.72	0.035814
78	94	70	86	1.4	0.0371429
78	94	86	69	-1.23	0.0381301
77	93	76	92	88.29	0.0301133
77	93	92	75	-60.45	0.0301654
77	93	75	91	34.19	0.0302925
77	93	91	74	-25.46	0.0303928
77	93	74	90	16.95	0.03059
77	93	90	73	-13.09	0.0307639
77	93	73	89	9.36	0.0310684
77	93	89	72	-7.51	0.0313316
77	93	72	88	5.15	0.0319417
77	93	88	71	-4.31	0.0323202
77	93	71	87	3.34	0.032994
77	93	87	70	-2.8	0.0335714
77	93	70	86	2.27	0.0344053
77	93	86	69	-1.95	0.0351282
77	93	69	85	1.6	0.03625
77	93	85	68	-1.41	0.0370922
76	92	75	91	91.03	0.0301099
76	92	91	74	-62.33	0.0301604
76	92	74	90	35.09	0.030285
76	92	90	73	-25.94	0.0303855
76	92	73	89	17.33	0.030577
76	92	89	72	-13.51	0.0307402
76	92	72	88	9.9	0.0310101
76	92	88	71	-8.1	0.0312346
76	92	71	87	5.51	0.0318149
76	92	87	70	-4.54	0.0322026
76	92	70	86	3.6	0.0327778
76	92	86	69	-3.03	0.0333003
76	92	69	85	2.45	0.0340816
76	92	85	68	-2.15	0.0346512
76	92	68	84	1.79	0.0355866
76	92	84	67	-1.62	0.0361728
75	91	74	90	91.77	0.030109
75	91	90	73	-62.03	0.0301612
75	91	73	89	34.97	0.030286
75	91	89	72	-26.14	0.0303826
75	91	72	88	17.87	0.0305596
75	91	88	71	-14.19	0.0307047
75	91	71	87	10.31	0.0309699
75	91	87	70	-8.31	0.0312034
75	91	70	86	5.79	0.0317271
75	91	86	69	-4.78	0.0320921
75	91	69	85	3.78	0.0326455
75	91	85	68	-3.26	0.0330675
75	91	68	84	2.67	0.0337453
75	91	84	67	-2.39	0.0341841
75	91	67	83	2.01	0.0349751
75	91	83	66	-1.83	0.0354645
74	90	73	89	90.19	0.0301109
74	90	89	72	-62.41	0.0301602
74	90	72	88	35.88	0.0302787
74	90	88	71	-27.39	0.0303651
74	90	71	87	18.51	0.0305402
74	90	87	70	-14.48	0.0306906
74	90	70	86	10.68	0.0309363
74	90	86	69	-8.62	0.0311601
74	90	69	85	5.98	0.0316722
74	90	85	68	-5.07	0.0319724
74	90	68	84	4.04	0.0324752
74	90	84	67	-3.57	0.0328011
74	90	67	83	2.93	0.033413
74	90	83	66	-2.65	0.0337736
74	90	66	82	2.36	0.0342373
74	90	82	65	-2.22	0.0345045
73	89	72	88	96.32	0.0301038
73	89	88	71	-67.11	0.030149
73	89	71	87	38.14	0.0302622
73	89	87	70	-28.4	0.0303521
73	89	70	86	19.47	0.0305136
73	89	86	69	-15.16	0.0306596
73	89	69	85	11.12	0.0308993
73	89	85	68	-9.19	0.0310881
73	89	68	84	6.42	0.0315576
73	89	84	67	-5.54	0.0318051
73	89	67	83	4.44	0.0322523
73	89	83	66	-3.95	0.0325316
73	89	66	82	3.46	0.0328902
73	89	82	65	-3.24	0.0330864
73	89	65	81	3	0.0333333
72	88	67	83	6.81	0.0314684
72	88	83	66	-5.95	0.0316807
72	88	66	82	5.1	0.0319608
72	88	82	65	-4.73	0.0321142
72	88	65	81	4.32	0.0323148
71	87	66	82	7.92	0.0312626
71	87	82	65	-7.28	0.0313736
71	87	65	81	6.52	0.0315337
70	86	65	81	10.25	0.0309756
96	112	95	111	40.6	0.0302463
96	112	111	94	-27.53	0.0303632
96	112	94	110	16.82	0.0305945
96	112	110	93	-12.48	0.0308013
96	112	93	109	8.59	0.0311641
96	112	109	92	-6.67	0.0314993
96	112	92	108	4.87	0.0320534
96	112	108	91	-3.9	0.0325641
96	112	91	107	2.94	0.0334014
96	112	107	90	-2.38	0.0342017
96	112	90	106	1.81	0.0355249
96	112	106	89	-1.48	0.0367568
96	112	89	105	1.19	0.0384034
96	112	105	88	-0.98	0.0402041
96	112	88	104	0.83	0.0420482
96	112	104	87	-0.69	0.0444928
95	111	94	110	82.81	0.0301208
95	111	110	93	-56.97	0.0301755
95	111	93	109	32.23	0.0303103
95	111	109	92	-24.12	0.0304146
95	111	92	108	15.72	0.0306361
95	111	108	91	-12.27	0.030815
95	111	91	107	8.56	0.0311682
95	111	107	90	-6.76	0.0314793
95	111	90	106	4.31	0.0323202
95	111	106	89	-3.42	0.032924
95	111	89	105	2.61	0.0338314
95	111	105	88	-2.09	0.0347847
95	111	88	104	1.71	0.035848
95	111	104	87	-1.37	0.0372993
95	111	87	103	1.19	0.0384034
95	111	103	86	-0.97	0.0403093
94	110	93	109	92.65	0.0301079
94	110	109	92	-65.44	0.0301528
94	110	92	108	37.24	0.0302685
94	110	108	91	-28.84	0.0303467
94	110	91	107	18.46	0.0305417
94	110	107	90	-14.67	0.0306817
94	110	90	106	9.69	0.031032
94	110	106	89	-7.75	0.0312903
94	110	89	105	5.01	0.031996
94	110	105	88	-4.05	0.0324691
94	110	88	104	3.12	0.0332051
94	110	104	87	-2.53	0.0339526
94	110	87	103	2.1	0.0347619
94	110	103	86	-1.73	0.0357803
94	110	86	102	1.51	0.0366225
94	110	102	85	-1.27	0.037874
93	109	92	108	95.71	0.0301045
93	109	108	91	-69.24	0.0301444
93	109	91	107	39.03	0.0302562
93	109	107	90	-30.36	0.0303294
93	109	90	106	18.38	0.0305441
93	109	106	89	-14.54	0.0306878
93	109	89	105	9.93	0.031007
93	109	105	88	-7.98	0.0312531
93	109	88	104	5.3	0.0318868
93	109	104	87	-4.27	0.0323419
93	109	87	103	3.42	0.032924
93	109	103	86	-2.8	0.0335714
93	109	86	102	2.38	0.0342017
93	109	102	85	-2	0.035
93	109	85	101	1.82	0.0354945
93	109	101	84	-1.55	0.0364516
92	108	91	107	97.34	0.0301027
92	108	107	90	-69.76	0.0301433
92	108	90	106	36.59	0.0302733
92	108	106	89	-27.87	0.0303588
92	108	89	105	17.85	0.0305602
92	108	105	88	-14.06	0.0307112
92	108	88	104	9.95	0.031005
92	108	104	87	-7.89	0.0312674
92	108	87	103	5.51	0.0318149
92	108	103	86	-4.44	0.0322523
92	108	86	102	3.67	0.0327248
92	108	102	85	-3.05	0.0332787
92	108	85	101	2.72	0.0336765
92	108	101	84	-2.29	0.0343668
92	108	84	100	2.14	0.0346729
92	108	100	83	-1.85	0.0354054
91	107	90	106	91.21	0.0301096
91	107	106	89	-63.92	0.0301564
91	107	89	105	35.24	0.0302838
91	107	105	88	-26.79	0.0303733
91	107	88	104	17.69	0.0305653
91	107	104	87	-13.74	0.0307278
91	107	87	103	10.18	0.0309823
91	107	103	86	-8.1	0.0312346
91	107	86	102	5.79	0.0317271
91	107	102	85	-4.73	0.0321142
91	107	85	101	4.1	0.032439
91	107	101	84	-3.4	0.0329412
91	107	84	100	3.15	0.0331746
91	107	100	83	-2.69	0.0337175
91	107	83	99	2.52	0.0339683
91	107	99	82	-2.24	0.0344643
90	106	89	105	92.16	0.0301085
90	106	105	88	-65.28	0.0301532
90	106	88	104	35.84	0.030279
90	106	104	87	-26.92	0.0303715
90	106	87	103	18.36	0.0305447
90	106	103	86	-14.35	0.0306969
90	106	86	102	10.74	0.0309311
90	106	102	85	-8.66	0.0311547
90	106	85	101	6.43	0.0315552
90	106	101	84	-5.27	0.0318975
90	106	84	100	4.75	0.0321053
90	106	100	83	-4.01	0.0324938
90	106	83	99	3.71	0.0326954
90	106	99	82	-3.3	0.0330303
90	106	82	98	3.02	0.0333113
90	106	98	81	-2.81	0.0335587
89	105	88	104	93.41	0.0301071
89	105	104	87	-64.26	0.0301556
89	105	87	103	36.95	0.0302706
89	105	103	86	-27.84	0.0303592
89	105	86	102	19.05	0.0305249
89	105	102	85	-14.98	0.0306676
89	105	85	101	11.63	0.0308598
89	105	101	84	-9.32	0.031073
89	105	84	100	7.3	0.0313699
89	105	100	83	-6.05	0.0316529
89	105	83	99	5.51	0.0318149
89	105	99	82	-4.84	0.0320661
89	105	82	98	4.41	0.0322676
89	105	98	81	-4.07	0.032457
89	105	81	97	3.73	0.032681
88	104	87	103	97.55	0.0301025
88	104	103	86	-68.45	0.0301461
88	104	86	102	37.73	0.030265
88	104	102	85	-28.49	0.030351
88	104	85	101	19.71	0.0305074
88	104	101	84	-15.29	0.030654
88	104	84	100	12.47	0.0308019
88	104	100	83	-10.04	0.030996
88	104	83	99	8	0.03125
88	104	99	82	-6.9	0.0314493
88	104	82	98	6.22	0.0316077
88	104	98	81	-5.68	0.0317606
88	104	81	97	5.18	0.0319305
87	103	82	98	8.9	0.0311236
87	103	98	81	-7.97	0.0312547
87	103	81	97	7.23	0.0313831
86	102	81	97	10.06	0.030994
112	128	111	127	38.74	0.0302581
112	128	127	110	-28.01	0.030357
112	128	110	126	16.1	0.0306211
112	128	126	109	-12.25	0.0308163
112	128	109	125	8.28	0.0312077
112	128	125	108	-6.53	0.0315314
112	128	108	124	4.7	0.0321277
112	128	124	107	-3.79	0.0326385
112	128	107	123	2.8	0.0335714
112	128	123	106	-2.26	0.0344248
112	128	106	122	1.7	0.0358824
112	128	122	105	-1.42	0.0370423
112	128	105	121	1.08	0.0392593
112	128	121	104	-0.92	0.0408696
112	128	104	120	0.66	0.0451515
112	128	120	103	-0.56	0.0478571
111	127	110	126	81.15	0.0301232
111	127	126	109	-56.22	0.0301779
111	127	109	125	32.06	0.0303119
111	127	125	108	-23.68	0.0304223
111	127	108	124	15.74	0.0306353
111	127	124	107	-12.11	0.0308258
111	127	107	123	8.45	0.0311834
111	127	123	106	-6.57	0.0315221
111	127	106	122	4.21	0.0323753
111	127	122	105	-3.4	0.0329412
111	127	105	121	2.49	0.0340161
111	127	121	104	-2.09	0.0347847
111	127	104	120	1.42	0.0370423
111	127	120	103	-1.2	0.0383333
111	127	103	119	0.82	0.0421951
111	127	119	102	-0.67	0.0449254
110	126	109	125	92.13	0.0301085
110	126	125	108	-63.81	0.0301567
110	126	108	124	37.63	0.0302657
110	126	124	107	-27.38	0.0303652
110	126	107	123	18.39	0.0305438
110	126	123	106	-13.52	0.0307396
110	126	106	122	9.53	0.0310493
110	126	122	105	-7.41	0.0313495
110	126	105	121	4.84	0.0320661
110	126	121	104	-3.89	0.0325707
110	126	104	120	2.65	0.0337736
110	126	120	103	-2.16	0.0346296
110	126	103	119	1.5	0.0366667
110	126	119	102	-1.17	0.038547
110	126	102	118	0.72	0.0438889
110	126	118	101	-0.52	0.0492308
109	125	108	124	99.16	0.0301008
109	125	124	107	-68.89	0.0301452
109	125	107	123	39.85	0.0302509
109	125	123	106	-27.88	0.0303587
109	125	106	122	18.5	0.0305405
109	125	122	105	-13.94	0.0307174
109	125	105	121	9.81	0.0310194
109	125	121	104	-7.69	0.0313004
109	125	104	120	4.6	0.0321739
109	125	120	103	-3.66	0.0327322
109	125	103	119	2.51	0.0339841
109	125	119	102	-1.92	0.0352083
109	125	102	118	1.15	0.0386957
109	125	118	101	-0.81	0.0423457
109	125	101	117	0.78	0.0428205
109	125	117	100	-0.61	0.0463934
108	124	107	123	98.72	0.0301013
108	124	123	106	-65.17	0.0301534
108	124	106	122	36.95	0.0302706
108	124	122	105	-26.9	0.0303717
108	124	105	121	17.77	0.0305627
108	124	121	104	-13.62	0.0307342
108	124	104	120	8.75	0.0311429
108	124	120	103	-6.84	0.031462
108	124	103	119	4.08	0.032451
108	124	119	102	-3.06	0.033268
108	124	102	118	1.78	0.035618
108	124	118	101	-1.21	0.0382645
108	124	101	117	1.16	0.0386207
108	124	117	100	-0.89	0.041236
108	124	100	116	0.86	0.0416279
108	124	116	99	-0.78	0.0428205
107	123	106	122	91.26	0.0301096
107	123	122	105	-62.2	0.0301608
107	123	105	121	35.19	0.0302842
107	123	121	104	-25.99	0.0303848
107	123	104	120	15.57	0.0306423
107	123	120	103	-11.84	0.0308446
107	123	103	119	7.62	0.0313123
107	123	119	102	-5.57	0.0317953
107	123	102	118	2.8	0.0335714
107	123	118	101	-1.82	0.0354945
107	123	101	117	1.74	0.0357471
107	123	117	100	-1.29	0.0377519
107	123	100	116	1.24	0.0380645
107	123	116	99	-1.11	0.039009
107	123	99	115	1.05	0.0395238
107	123	115	98	-1.05	0.0395238
106	122	105	121	91.77	0.030109
106	122	121	104	-61.99	0.0301613
106	122	104	120	31.38	0.0303187
106	122	120	103	-22.6	0.0304425
106	122	103	119	13.68	0.030731
106	122	119	102	-9.58	0.0310438
106	122	102	118	5.13	0.0319493
106	122	118	101	-3.12	0.0332051
106	122	101	117	2.65	0.0337736
106	122	117	100	-1.86	0.0353763
106	122	100	116	1.79	0.0355866
106	122	116	99	-1.53	0.0365359
106	122	99	115	1.45	0.0368966
106	122	115	98	-1.42	0.0370423
106	122	98	114	1.45	0.0368966
106	122	114	97	-1.48	0.0367568
105	121	104	120	79.17	0.0301263
105	121	120	103	-51.53	0.0301941
105	121	103	119	27.39	0.0303651
105	121	119	102	-17.99	0.0305559
105	121	102	118	8.82	0.0311338
105	121	118	101	-4.86	0.0320576
105	121	101	117	4.58	0.0321834
105	121	117	100	-3	0.0333333
105	121	100	116	2.56	0.0339062
105	121	116	99	-2.09	0.0347847
105	121	99	115	1.97	0.0350761
105	121	115	98	-1.88	0.0353191
105	121	98	114	1.93	0.0351813
105	121	114	97	-1.95	0.0351282
105	121	97	113	1.59	0.0362893
104	120	103	119	79.14	0.0301264
104	120	119	102	-47.38	0.0302111
104	120	102	118	18.25	0.0305479
104	120	118	101	-8.79	0.0311377
104	120	101	117	8.08	0.0312376
104	120	117	100	-4.92	0.0320325
104	120	100	116	4.64	0.0321552
104	120	116	99	-3.67	0.0327248
104	120	99	115	2.94	0.0334014
104	120	115	98	-2.79	0.0335842
104	120	98	114	2.9	0.0334483
104	120	114	97	-2.93	0.033413
104	120	97	113	2.16	0.0346296
103	119	102	118	49.51	0.030202
103	119	118	101	-17.97	0.0305565
103	119	101	117	15.92	0.0306281
103	119	117	100	-8.2	0.0312195
103	119	100	116	7.6	0.0313158
103	119	116	99	-5.52	0.0318116
103	119	99	115	5.05	0.0319802
103	119	115	98	-4.57	0.0321882
103	119	98	114	4.06	0.0324631
103	119	114	97	-4.03	0.0324814
103	119	97	113	2.84	0.0335211
102	118	101	117	45.6	0.0302193
102	118	117	100	-16.06	0.0306227
102	118	100	116	14.59	0.0306854
102	118	116	99	-8.81	0.0311351
102	118	99	115	8.07	0.0312392
102	118	115	98	-6.56	0.0315244
102	118	98	114	6.88	0.0314535
102	118	114	97	-6.57	0.0315221
102	118	97	113	3.88	0.0325773
128	144	127	143	55.27	0.0301809
128	144	143	126	-42.99	0.0302326
128	144	126	142	20.92	0.030478
128	144	142	125	-16.8	0.0305952
128	144	125	141	10.33	0.0309681
128	144	141	124	-8.48	0.0311792
128	144	124	140	5.67	0.0317637
128	144	140	123	-4.74	0.0321097
128	144	123	139	2.9	0.0334483
128	144	139	122	-2.48	0.0340323
128	144	122	138	1.8	0.0355556
128	144	138	121	-1.59	0.0362893
128	144	121	137	1.19	0.0384034
128	144	137	120	-1.08	0.0392593
128	144	120	136	0.83	0.0420482
128	144	136	119	-0.78	0.0428205
127	143	126	142	84.43	0.0301184
127	143	142	125	-59.86	0.0301671
127	143	125	141	33.11	0.030302
127	143	141	124	-25.12	0.0303981
127	143	124	140	16.26	0.030615
127	143	140	123	-12.68	0.0307886
127	143	123	139	8.79	0.0311377
127	143	139	122	-6.99	0.0314306
127	143	122	138	4.56	0.032193
127	143	138	121	-3.77	0.0326525
127	143	121	137	2.84	0.0335211
127	143	137	120	-2.38	0.0342017
127	143	120	136	1.85	0.0354054
127	143	136	119	-1.61	0.0362112
127	143	119	135	1.29	0.0377519
127	143	135	118	-1.2	0.0383333
126	142	125	141	92.35	0.0301083
126	142	141	124	-65.72	0.0301522
126	142	124	140	36.54	0.0302737
126	142	140	123	-27.57	0.0303627
126	142	123	139	17.91	0.0305583
126	142	139	122	-14.03	0.0307128
126	142	122	138	9.81	0.0310194
126	142	138	121	-7.96	0.0312563
126	142	121	137	5.21	0.0319194
126	142	137	120	-4.27	0.0323419
126	142	120	136	3.25	0.0330769
126	142	136	119	-2.78	0.0335971
126	142	119	135	2.18	0.0345872
126	142	135	118	-1.98	0.0350505
126	142	118	134	1.58	0.0363291
126	142	134	117	-1.56	0.0364103
125	141	124	140	97.58	0.0301025
125	141	140	123	-68.14	0.0301468
125	141	123	139	37.91	0.0302638
125	141	139	122	-28.61	0.0303495
125	141	122	138	18.72	0.0305342
125	141	138	121	-14.77	0.030677
125	141	121	137	10.43	0.0309588
125	141	137	120	-8.33	0.0312005
125	141	120	136	5.52	0.0318116
125	141	136	119	-4.62	0.0321645
125	141	119	135	3.54	0.0328249
125	141	135	118	-3.14	0.0331847
125	141	118	134	2.46	0.034065
125	141	134	117	-2.42	0.0341322
125	141	117	133	2	0.035
125	141	133	116	-1.99	0.0350251
124	140	123	139	96.37	0.0301038
124	140	139	122	-67.82	0.0301474
124	140	122	138	37.83	0.0302643
124	140	138	121	-28.87	0.0303464
124	140	121	137	19.05	0.0305249
124	140	137	120	-14.75	0.030678
124	140	120	136	10.48	0.0309542
124	140	136	119	-8.58	0.0311655
124	140	119	135	5.64	0.031773
124	140	135	118	-4.9	0.0320408
124	140	118	134	3.74	0.0326738
124	140	134	117	-3.68	0.0327174
124	140	117	133	3	0.0333333
124	140	133	116	-2.97	0.033367
124	140	116	132	2.55	0.0339216
124	140	132	115	-2.46	0.034065
123	139	122	138	93.56	0.0301069
123	139	138	121	-66.42	0.0301506
123	139	121	137	37.6	0.030266
123	139	137	120	-27.9	0.0303584
123	139	120	136	18.53	0.0305397
123	139	136	119	-14.77	0.030677
123	139	119	135	10.49	0.0309533
123	139	135	118	-8.81	0.0311351
123	139	118	134	5.73	0.0317452
123	139	134	117	-5.65	0.0317699
123	139	117	133	4.49	0.0322272
123	139	133	116	-4.44	0.0322523
123	139	116	132	3.74	0.0326738
123	139	132	115	-3.62	0.0327624
123	139	115	131	3.22	0.0331056
123	139	131	114	-3.31	0.0330211
122	138	121	137	93.52	0.0301069
122	138	137	120	-63.55	0.0301574
122	138	120	136	35.97	0.030278
122	138	136	119	-27.67	0.0303614
122	138	119	135	18.25	0.0305479
122	138	135	118	-14.72	0.0306793
122	138	118	134	10.22	0.0309785
122	138	134	117	-10.05	0.030995
122	138	117	133	6.85	0.0314599
122	138	133	116	-6.76	0.0314793
122	138	116	132	5.59	0.0317889
122	138	132	115	-5.4	0.0318519
122	138	115	131	4.73	0.0321142
122	138	131	114	-4.87	0.0320534
122	138	114	130	4.49	0.0322272
122	138	130	113	-3.46	0.0328902
121	137	120	136	87.39	0.0301144
121	137	136	119	-63.7	0.030157
121	137	119	135	35.06	0.0302852
121	137	135	118	-26.99	0.0303705
121	137	118	134	16.96	0.0305896
121	137	134	117	-16.63	0.0306013
121	137	117	133	12.07	0.0308285
121	137	133	116	-11.91	0.0308396
121	137	116	132	8.47	0.0311806
121	137	132	115	-8.16	0.0312255
121	137	115	131	7	0.0314286
121	137	131	114	-7.21	0.031387
121	137	114	130	6.56	0.0315244
121	137	130	113	-5.04	0.0319841
121	137	113	129	4.62	0.0321645
120	136	119	135	89.06	0.0301123
120	136	135	118	-60.58	0.0301651
120	136	118	134	31.09	0.0303216
120	136	134	117	-30.37	0.0303293
120	136	117	133	20.27	0.0304933
120	136	133	116	-19.99	0.0305003
120	136	116	132	15.35	0.0306515
120	136	132	115	-14.79	0.0306761
120	136	115	131	11.06	0.0309042
120	136	131	114	-11.4	0.0308772
120	136	114	130	10.24	0.0309766
120	136	130	113	-7.82	0.0312788
120	136	113	129	7.11	0.0314065
119	135	118	134	66.84	0.0301496
119	135	134	117	-64.7	0.0301546
119	135	117	133	34.11	0.0302932
119	135	133	116	-33.47	0.0302988
119	135	116	132	23.52	0.0304252
119	135	132	115	-22.63	0.0304419
119	135	115	131	18.15	0.030551
119	135	131	114	-18.71	0.0305345
119	135	114	130	14.39	0.0306949
119	135	130	113	-11	0.0309091
119	135	113	129	9.83	0.0310173
118	134	113	129	13.61	0.0307348
