144# Number of sensors
#x	z
1.75	-0.1
1.75	-0.2
1.75	-0.3
1.75	-0.4
1.75	-0.5
1.75	-0.6
1.75	-0.7
1.75	-0.8
1.75	-0.9
1.75	-1
1.75	-1.1
1.75	-1.2
1.75	-1.3
1.75	-1.4
1.75	-1.5
1.75	-1.6
2.25	-0.1
2.25	-0.2
2.25	-0.3
2.25	-0.4
2.25	-0.5
2.25	-0.6
2.25	-0.7
2.25	-0.8
2.25	-0.9
2.25	-1
2.25	-1.1
2.25	-1.2
2.25	-1.3
2.25	-1.4
2.25	-1.5
2.25	-1.6
2.75	-0.1
2.75	-0.2
2.75	-0.3
2.75	-0.4
2.75	-0.5
2.75	-0.6
2.75	-0.7
2.75	-0.8
2.75	-0.9
2.75	-1
2.75	-1.1
2.75	-1.2
2.75	-1.3
2.75	-1.4
2.75	-1.5
2.75	-1.6
3.25	-0.1
3.25	-0.2
3.25	-0.3
3.25	-0.4
3.25	-0.5
3.25	-0.6
3.25	-0.7
3.25	-0.8
3.25	-0.9
3.25	-1
3.25	-1.1
3.25	-1.2
3.25	-1.3
3.25	-1.4
3.25	-1.5
3.25	-1.6
3.75	-0.1
3.75	-0.2
3.75	-0.3
3.75	-0.4
3.75	-0.5
3.75	-0.6
3.75	-0.7
3.75	-0.8
3.75	-0.9
3.75	-1
3.75	-1.1
3.75	-1.2
3.75	-1.3
3.75	-1.4
3.75	-1.5
3.75	-1.6
4.25	-0.1
4.25	-0.2
4.25	-0.3
4.25	-0.4
4.25	-0.5
4.25	-0.6
4.25	-0.7
4.25	-0.8
4.25	-0.9
4.25	-1
4.25	-1.1
4.25	-1.2
4.25	-1.3
4.25	-1.4
4.25	-1.5
4.25	-1.6
4.75	-0.1
4.75	-0.2
4.75	-0.3
4.75	-0.4
4.75	-0.5
4.75	-0.6
4.75	-0.7
4.75	-0.8
4.75	-0.9
4.75	-1
4.75	-1.1
4.75	-1.2
4.75	-1.3
4.75	-1.4
4.75	-1.5
4.75	-1.6
5.25	-0.1
5.25	-0.2
5.25	-0.3
5.25	-0.4
5.25	-0.5
5.25	-0.6
5.25	-0.7
5.25	-0.8
5.25	-0.9
5.25	-1
5.25	-1.1
5.25	-1.2
5.25	-1.3
5.25	-1.4
5.25	-1.5
5.25	-1.6
5.75	-0.1
5.75	-0.2
5.75	-0.3
5.75	-0.4
5.75	-0.5
5.75	-0.6
5.75	-0.7
5.75	-0.8
5.75	-0.9
5.75	-1
5.75	-1.1
5.75	-1.2
5.75	-1.3
5.75	-1.4
5.75	-1.5
5.75	-1.6
1256# Number of data
#a	b	m	n	R	err
16	32	15	31	64.99	0.0301539
16	32	31	14	-42.69	0.0302342
16	32	14	30	23.2	0.030431
16	32	30	13	-19.41	0.0305152
16	32	13	29	12.59	0.0307943
16	32	29	12	-11.34	0.0308818
16	32	12	28	8.61	0.0311614
16	32	28	11	-6.88	0.0314535
16	32	11	27	5.32	0.0318797
16	32	27	10	-3.51	0.032849
16	32	10	26	2.84	0.0335211
16	32	26	9	-2.1	0.0347619
16	32	9	25	1.74	0.0357471
16	32	25	8	-1.38	0.0372464
16	32	8	24	1.17	0.038547
16	32	24	7	-0.96	0.0404167
15	31	14	30	74.94	0.0301334
15	31	30	13	-60.93	0.0301641
15	31	13	29	36.77	0.030272
15	31	29	12	-33.46	0.0302989
15	31	12	28	24.91	0.0304014
15	31	28	11	-19.43	0.0305147
15	31	11	27	15.53	0.0306439
15	31	27	10	-9.58	0.0310438
15	31	10	26	7.03	0.0314225
15	31	26	9	-4.9	0.0320408
15	31	9	25	4.03	0.0324814
15	31	25	8	-3.07	0.0332573
15	31	8	24	2.57	0.0338911
15	31	24	7	-2.04	0.034902
15	31	7	23	1.74	0.0357471
15	31	23	6	-1.42	0.0370423
14	30	13	29	87	0.0301149
14	30	29	12	-78.06	0.0301281
14	30	12	28	53.96	0.0301853
14	30	28	11	-41.8	0.0302392
14	30	11	27	32.66	0.0303062
14	30	27	10	-19.24	0.0305198
14	30	10	26	15.17	0.0306592
14	30	26	9	-10.24	0.0309766
14	30	9	25	7.21	0.031387
14	30	25	8	-5.33	0.0318762
14	30	8	24	4.44	0.0322523
14	30	24	7	-3.43	0.0329155
14	30	7	23	2.91	0.0334364
14	30	23	6	-2.32	0.0343103
14	30	6	22	2.01	0.0349751
14	30	22	5	-1.67	0.035988
13	29	12	28	92.31	0.0301083
13	29	28	11	-73.12	0.0301368
13	29	11	27	47.11	0.0302123
13	29	27	10	-31.53	0.0303172
13	29	10	26	22.1	0.0304525
13	29	26	9	-16.09	0.0306215
13	29	9	25	12.08	0.0308278
13	29	25	8	-9.42	0.0310616
13	29	8	24	6.39	0.0315649
13	29	24	7	-5.14	0.0319455
13	29	7	23	4.12	0.0324272
13	29	23	6	-3.42	0.032924
13	29	6	22	2.81	0.0335587
13	29	22	5	-2.41	0.0341494
13	29	5	21	2.06	0.0348544
13	29	21	4	-1.8	0.0355556
12	28	11	27	84.59	0.0301182
12	28	27	10	-62.03	0.0301612
12	28	10	26	36.19	0.0302763
12	28	26	9	-27.82	0.0303595
12	28	9	25	18.93	0.0305283
12	28	25	8	-15.21	0.0306575
12	28	8	24	11.06	0.0309042
12	28	24	7	-9.12	0.0310965
12	28	7	23	6.09	0.031642
12	28	23	6	-5.16	0.031938
12	28	6	22	4.02	0.0324876
12	28	22	5	-3.52	0.0328409
12	28	5	21	2.88	0.0334722
12	28	21	4	-2.56	0.0339062
12	28	4	20	2.18	0.0345872
12	28	20	3	-2.03	0.0349261
11	27	10	26	86.11	0.0301161
11	27	26	9	-62.62	0.0301597
11	27	9	25	37.94	0.0302636
11	27	25	8	-29.49	0.0303391
11	27	8	24	20.09	0.0304978
11	27	24	7	-16.14	0.0306196
11	27	7	23	11.72	0.0308532
11	27	23	6	-9.73	0.0310277
11	27	6	22	6.42	0.0315576
11	27	22	5	-5.51	0.0318149
11	27	5	21	4.4	0.0322727
11	27	21	4	-3.86	0.0325907
11	27	4	20	3.23	0.033096
11	27	20	3	-2.98	0.0333557
11	27	3	19	2.62	0.0338168
11	27	19	2	-2.48	0.0340323
10	26	9	25	96.33	0.0301038
10	26	25	8	-69.16	0.0301446
10	26	8	24	42.43	0.0302357
10	26	24	7	-32.35	0.0303091
10	26	7	23	22.27	0.030449
10	26	23	6	-17.75	0.0305634
10	26	6	22	13.02	0.030768
10	26	22	5	-10.79	0.0309268
10	26	5	21	7.4	0.0313514
10	26	21	4	-6.26	0.0315974
10	26	4	20	5.21	0.0319194
10	26	20	3	-4.7	0.0321277
10	26	3	19	4.1	0.032439
10	26	19	2	-3.84	0.0326042
10	26	2	18	3.63	0.0327548
10	26	18	1	-3.35	0.0329851
9	25	8	24	101.22	0.0300988
9	25	24	7	-72.21	0.0301385
9	25	7	23	44.41	0.0302252
9	25	23	6	-33.92	0.0302948
9	25	6	22	23.42	0.030427
9	25	22	5	-18.72	0.0305342
9	25	5	21	14.11	0.0307087
9	25	21	4	-11.57	0.0308643
9	25	4	20	8.14	0.0312285
9	25	20	3	-7.26	0.0313774
9	25	3	19	6.21	0.0316103
9	25	19	2	-5.78	0.0317301
9	25	2	18	5.41	0.0318484
9	25	18	1	-4.94	0.0320243
9	25	1	17	4.67	0.0321413
8	24	7	23	105.36	0.0300949
8	24	23	6	-75.35	0.0301327
8	24	6	22	46.66	0.0302143
8	24	22	5	-35.61	0.0302808
8	24	5	21	25.25	0.030396
8	24	21	4	-19.78	0.0305056
8	24	4	20	15.22	0.030657
8	24	20	3	-13.31	0.0307513
8	24	3	19	9.61	0.0310406
8	24	19	2	-8.84	0.0311312
8	24	2	18	8.2	0.0312195
8	24	18	1	-7.39	0.0313532
8	24	1	17	6.92	0.0314451
7	23	6	22	112.48	0.0300889
7	23	22	5	-80.45	0.0301243
7	23	5	21	50.93	0.0301963
7	23	21	4	-37.62	0.0302658
7	23	4	20	26.96	0.0303709
7	23	20	3	-22.92	0.0304363
7	23	3	19	18.31	0.0305461
7	23	19	2	-16.66	0.0306002
7	23	2	18	13.21	0.030757
7	23	18	1	-11.71	0.030854
7	23	1	17	10.83	0.0309234
6	22	1	17	17.16	0.0305828
3	19	2	18	237.3	0.0300421
3	19	18	1	-170.06	0.0300588
3	19	1	17	128.39	0.0300779
2	18	1	17	586.84	0.030017
32	48	31	47	64.06	0.0301561
32	48	47	30	-45.06	0.0302219
32	48	30	46	29.08	0.0303439
32	48	46	29	-22.25	0.0304494
32	48	29	45	13.32	0.0307508
32	48	45	28	-10.57	0.0309461
32	48	28	44	7.03	0.0314225
32	48	44	27	-5.69	0.0317575
32	48	27	43	3.92	0.032551
32	48	43	26	-3.23	0.033096
32	48	26	42	2.45	0.0340816
32	48	42	25	-2.1	0.0347619
32	48	25	41	1.64	0.0360976
32	48	41	24	-1.43	0.036993
32	48	24	40	1.12	0.0389286
32	48	40	23	-1	0.04
31	47	30	46	88.67	0.0301128
31	47	46	29	-64.37	0.0301554
31	47	29	45	36.05	0.0302774
31	47	45	28	-27.53	0.0303632
31	47	28	44	17.58	0.0305688
31	47	44	27	-13.73	0.0307283
31	47	27	43	9.61	0.0310406
31	47	43	26	-7.67	0.0313038
31	47	26	42	5.1	0.0319608
31	47	42	25	-4.24	0.0323585
31	47	25	41	3.26	0.0330675
31	47	41	24	-2.76	0.0336232
31	47	24	40	2.17	0.0346083
31	47	40	23	-1.87	0.0353476
31	47	23	39	1.51	0.0366225
31	47	39	22	-1.32	0.0375758
30	46	29	45	84.95	0.0301177
30	46	45	28	-60.53	0.0301652
30	46	28	44	36.07	0.0302772
30	46	44	27	-26.9	0.0303717
30	46	27	43	18.26	0.0305476
30	46	43	26	-14.08	0.0307102
30	46	26	42	10.26	0.0309747
30	46	42	25	-8.3	0.0312048
30	46	25	41	5.69	0.0317575
30	46	41	24	-4.69	0.0321322
30	46	24	40	3.68	0.0327174
30	46	40	23	-3.08	0.0332468
30	46	23	39	2.49	0.0340161
30	46	39	22	-2.13	0.0346948
30	46	22	38	1.78	0.035618
30	46	38	21	-1.55	0.0364516
29	45	28	44	91.14	0.0301097
29	45	44	27	-64.79	0.0301543
29	45	27	43	38.67	0.0302586
29	45	43	26	-29.04	0.0303444
29	45	26	42	19.73	0.0305068
29	45	42	25	-15.7	0.0306369
29	45	25	41	11.41	0.0308764
29	45	41	24	-9.28	0.0310776
29	45	24	40	6.35	0.0315748
29	45	40	23	-5.27	0.0318975
29	45	23	39	4.13	0.0324213
29	45	39	22	-3.5	0.0328571
29	45	22	38	2.86	0.0334965
29	45	38	21	-2.48	0.0340323
29	45	21	37	2.07	0.0348309
29	45	37	20	-1.84	0.0354348
28	44	27	43	93.97	0.0301064
28	44	43	26	-67.51	0.0301481
28	44	26	42	40.1	0.0302494
28	44	42	25	-31.14	0.0303211
28	44	25	41	21.02	0.0304757
28	44	41	24	-16.8	0.0305952
28	44	24	40	12.12	0.0308251
28	44	40	23	-9.91	0.0310091
28	44	23	39	6.75	0.0314815
28	44	39	22	-5.64	0.031773
28	44	22	38	4.48	0.0322321
28	44	38	21	-3.84	0.0326042
28	44	21	37	3.14	0.0331847
28	44	37	20	-2.79	0.0335842
28	44	20	36	2.4	0.0341667
28	44	36	19	-2.2	0.0345455
27	43	26	42	95.3	0.0301049
27	43	42	25	-70.27	0.0301423
27	43	25	41	42	0.0302381
27	43	41	24	-32.44	0.0303083
27	43	24	40	21.91	0.0304564
27	43	40	23	-17.47	0.0305724
27	43	23	39	12.66	0.0307899
27	43	39	22	-10.35	0.0309662
27	43	22	38	7.21	0.031387
27	43	38	21	-6.06	0.0316502
27	43	21	37	4.85	0.0320619
27	43	37	20	-4.23	0.0323641
27	43	20	36	3.59	0.0327855
27	43	36	19	-3.25	0.0330769
27	43	19	35	2.81	0.0335587
27	43	35	18	-2.66	0.0337594
26	42	25	41	99.48	0.0301005
26	42	41	24	-72.65	0.0301376
26	42	24	40	43.36	0.0302306
26	42	40	23	-33.18	0.0303014
26	42	23	39	22.59	0.0304427
26	42	39	22	-17.89	0.030559
26	42	22	38	13.27	0.0307536
26	42	38	21	-10.89	0.0309183
26	42	21	37	7.66	0.0313055
26	42	37	20	-6.54	0.0315291
26	42	20	36	5.43	0.0318416
26	42	36	19	-4.84	0.0320661
26	42	19	35	4.11	0.0324331
26	42	35	18	-3.87	0.032584
26	42	18	34	3.6	0.0327778
26	42	34	17	-3.4	0.0329412
25	41	24	40	102.68	0.0300974
25	41	40	23	-74.36	0.0301345
25	41	23	39	44.32	0.0302256
25	41	39	22	-34.1	0.0302933
25	41	22	38	23.61	0.0304235
25	41	38	21	-18.91	0.0305288
25	41	21	37	14.02	0.0307133
25	41	37	20	-11.73	0.0308525
25	41	20	36	8.45	0.0311834
25	41	36	19	-7.39	0.0313532
25	41	19	35	6.09	0.031642
25	41	35	18	-5.69	0.0317575
25	41	18	34	5.24	0.0319084
25	41	34	17	-4.92	0.0320325
25	41	17	33	4.79	0.0320877
24	40	23	39	105.35	0.0300949
24	40	39	22	-76.27	0.0301311
24	40	22	38	46.69	0.0302142
24	40	38	21	-36.15	0.0302766
24	40	21	37	24.89	0.0304018
24	40	37	20	-20.3	0.0304926
24	40	20	36	15.51	0.0306447
24	40	36	19	-13.3	0.0307519
24	40	19	35	9.38	0.0310661
24	40	35	18	-8.67	0.0311534
24	40	18	34	7.85	0.0312739
24	40	34	17	-7.32	0.0313661
24	40	17	33	7.03	0.0314225
23	39	22	38	114.57	0.0300873
23	39	38	21	-84.5	0.0301183
23	39	21	37	50.79	0.0301969
23	39	37	20	-40	0.03025
23	39	20	36	28.22	0.0303544
23	39	36	19	-23.62	0.0304234
23	39	19	35	17.34	0.0305767
23	39	35	18	-15.78	0.0306337
23	39	18	34	12.4	0.0308065
23	39	34	17	-11.41	0.0308764
23	39	17	33	10.82	0.0309242
22	38	21	37	122.43	0.0300817
22	38	37	20	-91.34	0.0301095
22	38	20	36	56.68	0.0301764
22	38	36	19	-45.72	0.0302187
22	38	19	35	30.09	0.0303323
22	38	35	18	-26.92	0.0303715
22	38	18	34	23.14	0.0304322
22	38	34	17	-21	0.0304762
22	38	17	33	17.27	0.030579
21	37	20	36	133.51	0.0300749
21	37	36	19	-101.11	0.0300989
21	37	19	35	55.19	0.0301812
21	37	35	18	-47.83	0.0302091
21	37	18	34	39.25	0.0302548
21	37	34	17	-34.86	0.0302869
21	37	17	33	31.6	0.0303165
18	34	17	33	348.09	0.0300287
48	64	47	63	59.95	0.0301668
48	64	63	46	-44.41	0.0302252
48	64	46	62	27.21	0.0303675
48	64	62	45	-18.21	0.0305491
48	64	45	61	12.54	0.0307974
48	64	61	44	-9.01	0.0311099
48	64	44	60	6.65	0.0315038
48	64	60	43	-5.11	0.0319569
48	64	43	59	3.7	0.0327027
48	64	59	42	-2.95	0.0333898
48	64	42	58	2.33	0.0342918
48	64	58	41	-1.9	0.0352632
48	64	41	57	1.54	0.0364935
48	64	57	40	-1.3	0.0376923
48	64	40	56	1.07	0.0393458
48	64	56	39	-0.91	0.040989
47	63	46	62	81.67	0.0301224
47	63	62	45	-52.97	0.0301888
47	63	45	61	32.98	0.0303032
47	63	61	44	-23.01	0.0304346
47	63	44	60	16.1	0.0306211
47	63	60	43	-12.09	0.0308271
47	63	43	59	8.83	0.0311325
47	63	59	42	-6.91	0.0314472
47	63	42	58	4.77	0.0320964
47	63	58	41	-3.83	0.032611
47	63	41	57	3.03	0.0333003
47	63	57	40	-2.5	0.034
47	63	40	56	2.01	0.0349751
47	63	56	39	-1.68	0.0359524
47	63	39	55	1.39	0.0371942
47	63	55	38	-1.19	0.0384034
46	62	45	61	80.32	0.0301245
46	62	61	44	-55.58	0.0301799
46	62	44	60	33.87	0.0302952
46	62	60	43	-25.27	0.0303957
46	62	43	59	17.15	0.0305831
46	62	59	42	-13.41	0.0307457
46	62	42	58	9.72	0.0310288
46	62	58	41	-7.81	0.0312804
46	62	41	57	5.41	0.0318484
46	62	57	40	-4.48	0.0322321
46	62	40	56	3.46	0.0328902
46	62	56	39	-2.91	0.0334364
46	62	39	55	2.32	0.0343103
46	62	55	38	-2.01	0.0349751
46	62	38	54	1.63	0.036135
46	62	54	37	-1.46	0.0368493
45	61	44	60	86.77	0.0301152
45	61	60	43	-60.43	0.0301655
45	61	43	59	36.68	0.0302726
45	61	59	42	-27.36	0.0303655
45	61	42	58	18.87	0.0305299
45	61	58	41	-14.65	0.0306826
45	61	41	57	10.77	0.0309285
45	61	57	40	-8.66	0.0311547
45	61	40	56	6.05	0.0316529
45	61	56	39	-4.95	0.0320202
45	61	39	55	3.9	0.0325641
45	61	55	38	-3.3	0.0330303
45	61	38	54	2.66	0.0337594
45	61	54	37	-2.34	0.0342735
45	61	37	53	1.95	0.0351282
45	61	53	36	-1.74	0.0357471
44	60	43	59	89.76	0.0301114
44	60	59	42	-62.06	0.0301611
44	60	42	58	38.57	0.0302593
44	60	58	41	-28.44	0.0303516
44	60	41	57	19.97	0.0305008
44	60	57	40	-15.46	0.0306468
44	60	40	56	11.31	0.0308842
44	60	56	39	-8.99	0.0311123
44	60	39	55	6.46	0.031548
44	60	55	38	-5.33	0.0318762
44	60	38	54	4.22	0.0323697
44	60	54	37	-3.63	0.0327548
44	60	37	53	2.99	0.0333445
44	60	53	36	-2.63	0.0338023
44	60	36	52	2.28	0.034386
44	60	52	35	-2.02	0.0349505
43	59	42	58	92.57	0.030108
43	59	58	41	-63.99	0.0301563
43	59	41	57	40.04	0.0302498
43	59	57	40	-29.63	0.0303375
43	59	40	56	20.38	0.0304907
43	59	56	39	-15.69	0.0306373
43	59	39	55	11.77	0.0308496
43	59	55	38	-9.49	0.0310537
43	59	38	54	6.71	0.0314903
43	59	54	37	-5.64	0.031773
43	59	37	53	4.55	0.0321978
43	59	53	36	-3.94	0.0325381
43	59	36	52	3.36	0.0329762
43	59	52	35	-2.94	0.0334014
43	59	35	51	2.55	0.0339216
43	59	51	34	-2.39	0.0341841
42	58	41	57	94.54	0.0301058
42	58	57	40	-65.43	0.0301528
42	58	40	56	39.69	0.030252
42	58	56	39	-29.14	0.0303432
42	58	39	55	21.04	0.0304753
42	58	55	38	-16.5	0.0306061
42	58	38	54	12.13	0.0308244
42	58	54	37	-9.88	0.0310121
42	58	37	53	7.07	0.0314144
42	58	53	36	-6	0.0316667
42	58	36	52	5.02	0.031992
42	58	52	35	-4.31	0.0323202
42	58	35	51	3.67	0.0327248
42	58	51	34	-3.42	0.032924
42	58	34	50	3.15	0.0331746
42	58	50	33	-2.88	0.0334722
41	57	40	56	92.98	0.0301076
41	57	56	39	-63	0.0301587
41	57	39	55	42.77	0.0302338
41	57	55	38	-32.24	0.0303102
41	57	38	54	21.93	0.030456
41	57	54	37	-17.35	0.0305764
41	57	37	53	12.96	0.0307716
41	57	53	36	-10.71	0.0309337
41	57	36	52	7.85	0.0312739
41	57	52	35	-6.56	0.0315244
41	57	35	51	5.44	0.0318382
41	57	51	34	-5.01	0.031996
41	57	34	50	4.57	0.0321882
41	57	50	33	-4.15	0.0324096
41	57	33	49	3.95	0.0325316
40	56	39	55	94.7	0.0301056
40	56	55	38	-64.74	0.0301545
40	56	38	54	42.5	0.0302353
40	56	54	37	-31.51	0.0303174
40	56	37	53	22.9	0.0304367
40	56	53	36	-18.17	0.0305504
40	56	36	52	14.43	0.030693
40	56	52	35	-11.63	0.0308598
40	56	35	51	8.45	0.0311834
40	56	51	34	-7.66	0.0313055
40	56	34	50	6.9	0.0314493
40	56	50	33	-6.23	0.0316051
40	56	33	49	5.87	0.0317036
39	55	38	54	111.41	0.0300898
39	55	54	37	-77.62	0.0301288
39	55	37	53	48.46	0.0302064
39	55	53	36	-36.63	0.030273
39	55	36	52	27.16	0.0303682
39	55	52	35	-20.84	0.0304798
39	55	35	51	15.89	0.0306293
39	55	51	34	-13.78	0.0307257
39	55	34	50	11.07	0.0309033
39	55	50	33	-9.9	0.0310101
39	55	33	49	9.21	0.0310858
38	54	37	53	118.27	0.0300846
38	54	53	36	-83.44	0.0301198
38	54	36	52	55.18	0.0301812
38	54	52	35	-39.26	0.0302547
38	54	35	51	27.66	0.0303615
38	54	51	34	-23.94	0.0304177
38	54	34	50	20.38	0.0304907
38	54	50	33	-18	0.0305556
38	54	33	49	14.6	0.0306849
37	53	36	52	133.63	0.0300748
37	53	52	35	-87.42	0.0301144
37	53	35	51	52.05	0.0301921
37	53	51	34	-43.41	0.0302304
37	53	34	50	35.15	0.0302845
37	53	50	33	-30.56	0.0303272
37	53	33	49	27.32	0.030366
34	50	33	49	275.36	0.0300363
64	80	63	79	45.9	0.0302179
64	80	79	62	-28.84	0.0303467
64	80	62	78	18.56	0.0305388
64	80	78	61	-12.96	0.0307716
64	80	61	77	9.03	0.0311074
64	80	77	60	-6.62	0.0315106
64	80	60	76	5.13	0.0319493
64	80	76	59	-3.87	0.032584
64	80	59	75	3.07	0.0332573
64	80	75	58	-2.36	0.0342373
64	80	58	74	1.99	0.0350251
64	80	74	57	-1.56	0.0364103
64	80	57	73	1.35	0.0374074
64	80	73	56	-1.06	0.039434
64	80	56	72	0.95	0.0405263
64	80	72	55	-0.76	0.0431579
63	79	62	78	77.4	0.0301292
63	79	78	61	-57.42	0.0301742
63	79	61	77	29.15	0.0303431
63	79	77	60	-22.21	0.0304502
63	79	60	76	14.73	0.0306789
63	79	76	59	-11.5	0.0308696
63	79	59	75	8.29	0.0312063
63	79	75	58	-6.61	0.0315129
63	79	58	74	4.5	0.0322222
63	79	74	57	-3.66	0.0327322
63	79	57	73	2.87	0.0334843
63	79	73	56	-2.33	0.0342918
63	79	56	72	1.92	0.0352083
63	79	72	55	-1.6	0.03625
63	79	55	71	1.34	0.0374627
63	79	71	54	-1.13	0.0388496
62	78	61	77	77.96	0.0301283
62	78	77	60	-56.11	0.0301782
62	78	60	76	32.62	0.0303066
62	78	76	59	-24.57	0.030407
62	78	59	75	16.76	0.0305967
62	78	75	58	-13.04	0.0307669
62	78	58	74	9.6	0.0310417
62	78	74	57	-7.66	0.0313055
62	78	57	73	5.25	0.0319048
62	78	73	56	-4.19	0.0323866
62	78	56	72	3.38	0.0329586
62	78	72	55	-2.78	0.0335971
62	78	55	71	2.3	0.0343478
62	78	71	54	-1.92	0.0352083
62	78	54	70	1.63	0.036135
62	78	70	53	-1.38	0.0372464
61	77	60	76	87.3	0.0301145
61	77	76	59	-63.66	0.0301571
61	77	59	75	35.84	0.030279
61	77	75	58	-27.4	0.030365
61	77	58	74	18.55	0.0305391
61	77	74	57	-14.64	0.0306831
61	77	57	73	10.59	0.0309443
61	77	73	56	-8.4	0.0311905
61	77	56	72	5.89	0.0316978
61	77	72	55	-4.82	0.0320747
61	77	55	71	3.87	0.032584
61	77	71	54	-3.22	0.0331056
61	77	54	70	2.63	0.0338023
61	77	70	53	-2.26	0.0344248
61	77	53	69	1.88	0.0353191
61	77	69	52	-1.67	0.035988
60	76	59	75	89.11	0.0301122
60	76	75	58	-65.47	0.0301527
60	76	58	74	36.92	0.0302709
60	76	74	57	-28.37	0.0303525
60	76	57	73	19.04	0.0305252
60	76	73	56	-14.81	0.0306752
60	76	56	72	10.93	0.0309149
60	76	72	55	-8.85	0.0311299
60	76	55	71	6.22	0.0316077
60	76	71	54	-5.11	0.0319569
60	76	54	70	4.09	0.032445
60	76	70	53	-3.45	0.0328986
60	76	53	69	2.82	0.0335461
60	76	69	52	-2.46	0.034065
60	76	52	68	2.11	0.0347393
60	76	68	51	-1.83	0.0354645
59	75	58	74	91.44	0.0301094
59	75	74	57	-67.33	0.0301485
59	75	57	73	37.65	0.0302656
59	75	73	56	-28.29	0.0303535
59	75	56	72	19.41	0.0305152
59	75	72	55	-15.45	0.0306472
59	75	55	71	11.55	0.0308658
59	75	71	54	-9.32	0.031073
59	75	54	70	6.54	0.0315291
59	75	70	53	-5.44	0.0318382
59	75	53	69	4.33	0.0323095
59	75	69	52	-3.73	0.032681
59	75	52	68	3.15	0.0331746
59	75	68	51	-2.71	0.03369
59	75	51	67	2.35	0.0342553
59	75	67	50	-2.18	0.0345872
58	74	57	73	90.75	0.0301102
58	74	73	56	-64.75	0.0301544
58	74	56	72	37.27	0.0302683
58	74	72	55	-29.12	0.0303434
58	74	55	71	20.36	0.0304912
58	74	71	54	-15.95	0.030627
58	74	54	70	11.84	0.0308446
58	74	70	53	-9.65	0.0310363
58	74	53	69	6.69	0.0314948
58	74	69	52	-5.67	0.0317637
58	74	52	68	4.68	0.0321368
58	74	68	51	-3.96	0.0325253
58	74	51	67	3.39	0.0329499
58	74	67	50	-3.12	0.0332051
58	74	50	66	2.83	0.0335336
58	74	66	49	-2.66	0.0337594
57	73	56	72	91.01	0.0301099
57	73	72	55	-70.54	0.0301418
57	73	55	71	41.34	0.0302419
57	73	71	54	-31	0.0303226
57	73	54	70	21.16	0.0304726
57	73	70	53	-16.78	0.0305959
57	73	53	69	12.24	0.030817
57	73	69	52	-10.18	0.0309823
57	73	52	68	7.32	0.0313661
57	73	68	51	-6.1	0.0316393
57	73	51	67	5.08	0.0319685
57	73	67	50	-4.62	0.0321645
57	73	50	66	4.14	0.0324155
57	73	66	49	-3.86	0.0325907
57	73	49	65	3.68	0.0327174
56	72	55	71	94.57	0.0301057
56	72	71	54	-72.16	0.0301386
56	72	54	70	40.05	0.0302497
56	72	70	53	-31.42	0.0303183
56	72	53	69	20.97	0.0304769
56	72	69	52	-17.19	0.0305817
56	72	52	68	13.04	0.0307669
56	72	68	51	-10.66	0.0309381
56	72	51	67	7.71	0.031297
56	72	67	50	-6.93	0.031443
56	72	50	66	6.09	0.031642
56	72	66	49	-5.64	0.031773
56	72	49	65	5.33	0.0318762
55	71	54	70	105.63	0.0300947
55	71	70	53	-76.74	0.0301303
55	71	53	69	42.73	0.030234
55	71	69	52	-33.15	0.0303017
55	71	52	68	23.49	0.0304257
55	71	68	51	-18.36	0.0305447
55	71	51	67	14.23	0.0307027
55	71	67	50	-12.52	0.0307987
55	71	50	66	9.62	0.0310395
55	71	66	49	-8.77	0.0311403
55	71	49	65	8.22	0.0312165
54	70	53	69	107.68	0.0300929
54	70	69	52	-79.12	0.0301264
54	70	52	68	46.56	0.0302148
54	70	68	51	-34.71	0.0302881
54	70	51	67	24.83	0.0304027
54	70	67	50	-21.29	0.0304697
54	70	50	66	17.53	0.0305705
54	70	66	49	-15.77	0.0306341
54	70	49	65	12.97	0.030771
53	69	52	68	119.87	0.0300834
53	69	68	51	-83.95	0.0301191
53	69	51	67	48.38	0.0302067
53	69	67	50	-40.14	0.0302491
53	69	50	66	30.59	0.0303269
53	69	66	49	-27.01	0.0303702
53	69	49	65	24.17	0.0304137
52	68	51	67	112.7	0.0300887
52	68	67	50	-89.07	0.0301123
52	68	50	66	56.3	0.0301776
52	68	66	49	-48.48	0.0302063
52	68	49	65	41.29	0.0302422
80	96	79	95	38.3	0.0302611
80	96	95	78	-28.27	0.0303537
80	96	78	94	15.4	0.0306494
80	96	94	77	-11.67	0.0308569
80	96	77	93	7.37	0.0313569
80	96	93	76	-5.97	0.031675
80	96	76	92	4.1	0.032439
80	96	92	75	-3.4	0.0329412
80	96	75	91	2.46	0.034065
80	96	91	74	-2.08	0.0348077
80	96	74	90	1.57	0.0363694
80	96	90	73	-1.35	0.0374074
80	96	73	89	1.04	0.0396154
80	96	89	72	-0.92	0.0408696
80	96	72	88	0.74	0.0435135
80	96	88	71	-0.67	0.0449254
79	95	78	94	83.81	0.0301193
79	95	94	77	-55.41	0.0301805
79	95	77	93	29.65	0.0303373
79	95	93	76	-22.27	0.030449
79	95	76	92	14.25	0.0307018
79	95	92	75	-11.14	0.0308977
79	95	75	91	7.76	0.0312887
79	95	91	74	-6.24	0.0316026
79	95	74	90	4.07	0.032457
79	95	90	73	-3.34	0.032994
79	95	73	89	2.52	0.0339683
79	95	89	72	-2.12	0.034717
79	95	72	88	1.67	0.035988
79	95	88	71	-1.46	0.0368493
79	95	71	87	1.16	0.0386207
79	95	87	70	-1.01	0.039901
78	94	77	93	82.14	0.0301217
78	94	93	76	-58.55	0.0301708
78	94	76	92	31.67	0.0303158
78	94	92	75	-23.97	0.0304172
78	94	75	91	15.66	0.0306386
78	94	91	74	-12.3	0.030813
78	94	74	90	8.66	0.0311547
78	94	90	73	-6.97	0.0314347
78	94	73	89	4.61	0.0321692
78	94	89	72	-3.81	0.0326247
78	94	72	88	2.95	0.0333898
78	94	88	71	-2.53	0.0339526
78	94	71	87	1.99	0.0350251
78	94	87	70	-1.71	0.035848
78	94	70	86	1.39	0.0371942
78	94	86	69	-1.22	0.0381967
77	93	76	92	88.31	0.0301132
77	93	92	75	-60.47	0.0301654
77	93	75	91	34.19	0.0302925
77	93	91	74	-25.46	0.0303928
77	93	74	90	16.94	0.0305903
77	93	90	73	-13.08	0.0307645
77	93	73	89	9.35	0.0310695
77	93	89	72	-7.5	0.0313333
77	93	72	88	5.14	0.0319455
77	93	88	71	-4.29	0.032331
77	93	71	87	3.33	0.033003
77	93	87	70	-2.79	0.0335842
77	93	70	86	2.26	0.0344248
77	93	86	69	-1.94	0.0351546
77	93	69	85	1.59	0.0362893
77	93	85	68	-1.41	0.0370922
76	92	75	91	91.04	0.0301098
76	92	91	74	-62.34	0.0301604
76	92	74	90	35.08	0.0302851
76	92	90	73	-25.93	0.0303857
76	92	73	89	17.31	0.0305777
76	92	89	72	-13.49	0.0307413
76	92	72	88	9.88	0.0310121
76	92	88	71	-8.07	0.0312392
76	92	71	87	5.48	0.0318248
76	92	87	70	-4.52	0.0322124
76	92	70	86	3.58	0.0327933
76	92	86	69	-3.02	0.0333113
76	92	69	85	2.44	0.0340984
76	92	85	68	-2.14	0.0346729
76	92	68	84	1.79	0.0355866
76	92	84	67	-1.61	0.0362112
75	91	74	90	91.85	0.0301089
75	91	90	73	-62.08	0.0301611
75	91	73	89	34.99	0.0302858
75	91	89	72	-26.15	0.0303824
75	91	72	88	17.87	0.0305596
75	91	88	71	-14.18	0.0307052
75	91	71	87	10.3	0.0309709
75	91	87	70	-8.29	0.0312063
75	91	70	86	5.78	0.0317301
75	91	86	69	-4.77	0.0320964
75	91	69	85	3.77	0.0326525
75	91	85	68	-3.26	0.0330675
75	91	68	84	2.67	0.0337453
75	91	84	67	-2.39	0.0341841
75	91	67	83	2.01	0.0349751
75	91	83	66	-1.83	0.0354645
74	90	73	89	90.2	0.0301109
74	90	89	72	-62.4	0.0301603
74	90	72	88	35.85	0.0302789
74	90	88	71	-27.36	0.0303655
74	90	71	87	18.49	0.0305408
74	90	87	70	-14.45	0.030692
74	90	70	86	10.66	0.0309381
74	90	86	69	-8.59	0.0311641
74	90	69	85	5.96	0.0316779
74	90	85	68	-5.05	0.0319802
74	90	68	84	4.03	0.0324814
74	90	84	67	-3.55	0.0328169
74	90	67	83	2.93	0.033413
74	90	83	66	-2.65	0.0337736
74	90	66	82	2.36	0.0342373
74	90	82	65	-2.22	0.0345045
73	89	72	88	96.17	0.030104
73	89	88	71	-66.99	0.0301493
73	89	71	87	38.07	0.0302627
73	89	87	70	-28.33	0.030353
73	89	70	86	19.41	0.0305152
73	89	86	69	-15.09	0.0306627
73	89	69	85	11.08	0.0309025
73	89	85	68	-9.16	0.0310917
73	89	68	84	6.41	0.0315601
73	89	84	67	-5.52	0.0318116
73	89	67	83	4.43	0.0322573
73	89	83	66	-3.94	0.0325381
73	89	66	82	3.45	0.0328986
73	89	82	65	-3.23	0.033096
73	89	65	81	2.99	0.0333445
72	88	67	83	6.79	0.0314728
72	88	83	66	-5.92	0.0316892
72	88	66	82	5.08	0.0319685
72	88	82	65	-4.71	0.0321231
72	88	65	81	4.31	0.0323202
71	87	66	82	7.88	0.031269
71	87	82	65	-7.24	0.0313812
71	87	65	81	6.49	0.0315408
70	86	65	81	10.19	0.0309814
96	112	95	111	40.61	0.0302462
96	112	111	94	-27.52	0.0303634
96	112	94	110	16.83	0.0305942
96	112	110	93	-12.51	0.0307994
96	112	93	109	8.59	0.0311641
96	112	109	92	-6.67	0.0314993
96	112	92	108	4.87	0.0320534
96	112	108	91	-3.91	0.0325575
96	112	91	107	2.93	0.033413
96	112	107	90	-2.37	0.0342194
96	112	90	106	1.8	0.0355556
96	112	106	89	-1.47	0.0368027
96	112	89	105	1.16	0.0386207
96	112	105	88	-0.95	0.0405263
96	112	88	104	0.84	0.0419048
96	112	104	87	-0.7	0.0442857
95	111	94	110	82.96	0.0301205
95	111	110	93	-57.11	0.0301751
95	111	93	109	32.28	0.0303098
95	111	109	92	-24.17	0.0304137
95	111	92	108	15.73	0.0306357
95	111	108	91	-12.29	0.0308137
95	111	91	107	8.56	0.0311682
95	111	107	90	-6.76	0.0314793
95	111	90	106	4.29	0.032331
95	111	106	89	-3.39	0.0329499
95	111	89	105	2.54	0.033937
95	111	105	88	-2.02	0.0349505
95	111	88	104	1.72	0.035814
95	111	104	87	-1.39	0.0371942
95	111	87	103	1.21	0.0382645
95	111	103	86	-0.98	0.0402041
94	110	93	109	92.71	0.0301079
94	110	109	92	-65.49	0.0301527
94	110	92	108	37.25	0.0302685
94	110	108	91	-28.84	0.0303467
94	110	91	107	18.44	0.0305423
94	110	107	90	-14.65	0.0306826
94	110	90	106	9.62	0.0310395
94	110	106	89	-7.62	0.0313123
94	110	89	105	4.8	0.0320833
94	110	105	88	-3.84	0.0326042
94	110	88	104	3.11	0.0332154
94	110	104	87	-2.52	0.0339683
94	110	87	103	2.09	0.0347847
94	110	103	86	-1.72	0.035814
94	110	86	102	1.58	0.0363291
94	110	102	85	-1.36	0.0373529
93	109	92	108	95.74	0.0301044
93	109	108	91	-69.24	0.0301444
93	109	91	107	38.99	0.0302565
93	109	107	90	-30.31	0.0303299
93	109	90	106	18.25	0.0305479
93	109	106	89	-14.4	0.0306944
93	109	89	105	9.43	0.0310604
93	109	105	88	-7.48	0.0313369
93	109	88	104	5.23	0.031912
93	109	104	87	-4.2	0.032381
93	109	87	103	3.37	0.0329674
93	109	103	86	-2.74	0.0336496
93	109	86	102	2.46	0.034065
93	109	102	85	-2.08	0.0348077
93	109	85	101	1.96	0.035102
93	109	101	84	-1.69	0.0359172
92	108	91	107	97.27	0.0301028
92	108	107	90	-69.67	0.0301435
92	108	90	106	36.33	0.0302753
92	108	106	89	-27.6	0.0303623
92	108	89	105	16.83	0.0305942
92	108	105	88	-13.02	0.030768
92	108	88	104	9.76	0.0310246
92	108	104	87	-7.69	0.0313004
92	108	87	103	5.4	0.0318519
92	108	103	86	-4.32	0.0323148
92	108	86	102	3.78	0.0326455
92	108	102	85	-3.14	0.0331847
92	108	85	101	2.95	0.0333898
92	108	101	84	-2.51	0.0339841
92	108	84	100	2.4	0.0341667
92	108	100	83	-2.09	0.0347847
91	107	90	106	90.7	0.0301103
91	107	106	89	-63.38	0.0301578
91	107	89	105	32.91	0.0303039
91	107	105	88	-24.44	0.0304092
91	107	88	104	17.24	0.03058
91	107	104	87	-13.26	0.0307541
91	107	87	103	9.85	0.0310152
91	107	103	86	-7.75	0.0312903
91	107	86	102	5.88	0.0317007
91	107	102	85	-4.81	0.032079
91	107	85	101	4.45	0.0322472
91	107	101	84	-3.74	0.0326738
91	107	84	100	3.56	0.032809
91	107	100	83	-3.08	0.0332468
91	107	83	99	2.94	0.0334014
91	107	99	82	-2.67	0.0337453
90	106	89	105	84.75	0.030118
90	106	105	88	-57.81	0.030173
90	106	88	104	34.73	0.0302879
90	106	104	87	-25.75	0.0303883
90	106	87	103	17.57	0.0305692
90	106	103	86	-13.5	0.0307407
90	106	86	102	10.76	0.0309294
90	106	102	85	-8.64	0.0311574
90	106	85	101	7.04	0.0314205
90	106	101	84	-5.84	0.0317123
90	106	84	100	5.51	0.0318149
90	106	100	83	-4.73	0.0321142
90	106	83	99	4.52	0.0322124
90	106	99	82	-4.08	0.032451
90	106	82	98	3.6	0.0327778
90	106	98	81	-3.37	0.0329674
89	105	88	104	92.05	0.0301086
89	105	104	87	-62.89	0.030159
89	105	87	103	35.19	0.0302842
89	105	103	86	-26.28	0.0303805
89	105	86	102	19.23	0.03052
89	105	102	85	-15.03	0.0306653
89	105	85	101	13.27	0.0307536
89	105	101	84	-10.86	0.0309208
89	105	84	100	9.1	0.0310989
89	105	100	83	-7.76	0.0312887
89	105	83	99	7.35	0.0313605
89	105	99	82	-6.64	0.031506
89	105	82	98	5.81	0.0317212
89	105	98	81	-5.45	0.0318349
89	105	81	97	4.76	0.0321008
88	104	87	103	82.52	0.0301212
88	104	103	86	-53.18	0.030188
88	104	86	102	33.81	0.0302958
88	104	102	85	-24.33	0.030411
88	104	85	101	20.96	0.0304771
88	104	101	84	-16.34	0.030612
88	104	84	100	15.1	0.0306623
88	104	100	83	-12.47	0.0308019
88	104	83	99	10.68	0.0309363
88	104	99	82	-9.48	0.0310549
88	104	82	98	8.29	0.0312063
88	104	98	81	-7.7	0.0312987
88	104	81	97	6.71	0.0314903
87	103	82	98	11.46	0.0308726
87	103	98	81	-10.45	0.0309569
87	103	81	97	9.14	0.0310941
86	102	81	97	12.26	0.0308157
112	128	111	127	38.72	0.0302583
112	128	127	110	-28	0.0303571
112	128	110	126	16.09	0.0306215
112	128	126	109	-12.25	0.0308163
112	128	109	125	8.28	0.0312077
112	128	125	108	-6.53	0.0315314
112	128	108	124	4.7	0.0321277
112	128	124	107	-3.79	0.0326385
112	128	107	123	2.79	0.0335842
112	128	123	106	-2.24	0.0344643
112	128	106	122	1.69	0.0359172
112	128	122	105	-1.35	0.0374074
112	128	105	121	1.02	0.0398039
112	128	121	104	-0.86	0.0416279
112	128	104	120	0.61	0.0463934
112	128	120	103	-0.51	0.0496078
111	127	110	126	81.3	0.030123
111	127	126	109	-56.29	0.0301777
111	127	109	125	32.11	0.0303114
111	127	125	108	-23.7	0.0304219
111	127	108	124	15.76	0.0306345
111	127	124	107	-12.13	0.0308244
111	127	107	123	8.45	0.0311834
111	127	123	106	-6.54	0.0315291
111	127	106	122	4.19	0.0323866
111	127	122	105	-3.27	0.0330581
111	127	105	121	2.37	0.0342194
111	127	121	104	-1.99	0.0350251
111	127	104	120	1.33	0.0375188
111	127	120	103	-1.12	0.0389286
111	127	103	119	0.75	0.0433333
111	127	119	102	-0.6	0.0466667
110	126	109	125	92.28	0.0301084
110	126	125	108	-63.89	0.0301565
110	126	108	124	37.68	0.0302654
110	126	124	107	-27.39	0.0303651
110	126	107	123	18.39	0.0305438
110	126	123	106	-13.45	0.0307435
110	126	106	122	9.48	0.0310549
110	126	122	105	-7.05	0.0314184
110	126	105	121	4.54	0.0322026
110	126	121	104	-3.69	0.03271
110	126	104	120	2.47	0.0340486
110	126	120	103	-2	0.035
110	126	103	119	1.34	0.0374627
110	126	119	102	-1.04	0.0396154
110	126	102	118	0.34	0.0594118
110	126	118	101	-0.28	0.0657143
109	125	108	124	99.28	0.0301007
109	125	124	107	-68.93	0.0301451
109	125	107	123	39.87	0.0302508
109	125	123	106	-27.76	0.0303602
109	125	106	122	18.41	0.0305432
109	125	122	105	-13.27	0.0307536
109	125	105	121	9.2	0.031087
109	125	121	104	-7.35	0.0313605
109	125	104	120	4.3	0.0323256
109	125	120	103	-3.39	0.0329499
109	125	103	119	2.23	0.0344843
109	125	119	102	-1.7	0.0358824
109	125	102	118	0.55	0.0481818
109	125	118	101	-0.44	0.0527273
109	125	101	117	0.35	0.0585714
109	125	117	100	-0.3	0.0633333
108	124	107	123	98.78	0.0301012
108	124	123	106	-64.99	0.0301539
108	124	106	122	36.8	0.0302717
108	124	122	105	-25.65	0.0303899
108	124	105	121	16.64	0.030601
108	124	121	104	-13.1	0.0307634
108	124	104	120	8.26	0.0312107
108	124	120	103	-6.4	0.0315625
108	124	103	119	3.66	0.0327322
108	124	119	102	-2.76	0.0336232
108	124	102	118	0.85	0.0417647
108	124	118	101	-0.67	0.0449254
108	124	101	117	0.52	0.0492308
108	124	117	100	-0.44	0.0527273
108	124	100	116	0.4	0.055
108	124	116	99	-0.37	0.057027
107	123	106	122	90.92	0.03011
107	123	122	105	-59.61	0.0301678
107	123	105	121	32.82	0.0303047
107	123	121	104	-25.24	0.0303962
107	123	104	120	14.83	0.0306743
107	123	120	103	-11.2	0.0308929
107	123	103	119	6.89	0.0314514
107	123	119	102	-5.13	0.0319493
107	123	102	118	1.34	0.0374627
107	123	118	101	-1.01	0.039901
107	123	101	117	0.77	0.042987
107	123	117	100	-0.62	0.046129
107	123	100	116	0.57	0.0475439
107	123	116	99	-0.5	0.05
107	123	99	115	0.51	0.0496078
107	123	115	98	-0.59	0.0469492
106	122	105	121	84.61	0.0301182
106	122	121	104	-61.14	0.0301636
106	122	104	120	30.33	0.0303297
106	122	120	103	-21.66	0.0304617
106	122	103	119	12.59	0.0307943
106	122	119	102	-9.08	0.0311013
106	122	102	118	2.51	0.0339841
106	122	118	101	-1.75	0.0357143
106	122	101	117	1.15	0.0386957
106	122	117	100	-0.86	0.0416279
106	122	100	116	0.78	0.0428205
106	122	116	99	-0.64	0.045625
106	122	99	115	0.69	0.0444928
106	122	115	98	-0.73	0.0436986
106	122	98	114	0.64	0.045625
106	122	114	97	-0.67	0.0449254
105	121	104	120	79.25	0.0301262
105	121	120	103	-50.6	0.0301976
105	121	103	119	25.75	0.0303883
105	121	119	102	-17.68	0.0305656
105	121	102	118	4.39	0.0322779
105	121	118	101	-2.73	0.033663
105	121	101	117	1.91	0.0352356
105	121	117	100	-1.25	0.038
105	121	100	116	0.92	0.0408696
105	121	116	99	-0.65	0.0453846
105	121	99	115	0.83	0.0420482
105	121	115	98	-0.72	0.0438889
105	121	98	114	0.48	0.0508333
105	121	114	97	-0.39	0.055641
105	121	97	113	0.9	0.0411111
104	120	103	119	66.34	0.0301507
104	120	119	102	-46.86	0.0302134
104	120	102	118	7.67	0.0313038
104	120	118	101	-4.66	0.0321459
104	120	101	117	2.85	0.0335088
104	120	117	100	-1.83	0.0354645
104	120	100	116	1.53	0.0365359
104	120	116	99	-1.08	0.0392593
104	120	99	115	0.97	0.0403093
104	120	115	98	-0.83	0.0420482
104	120	98	114	0.63	0.045873
104	120	114	97	-0.53	0.0488679
104	120	97	113	0.95	0.0405263
103	119	102	118	20.08	0.030498
103	119	118	101	-10.79	0.0309268
103	119	101	117	5.33	0.0318762
103	119	117	100	-3.17	0.0331546
103	119	100	116	2.46	0.034065
103	119	116	99	-1.71	0.035848
103	119	99	115	1.61	0.0362112
103	119	115	98	-1.33	0.0375188
103	119	98	114	1.15	0.0386957
103	119	114	97	-0.96	0.0404167
103	119	97	113	1.36	0.0373529
102	118	101	117	15.01	0.0306662
102	118	117	100	-6.92	0.0314451
102	118	100	116	4.78	0.0320921
102	118	116	99	-3.27	0.0330581
102	118	99	115	2.13	0.0346948
102	118	115	98	-1.91	0.0352356
102	118	98	114	2.39	0.0341841
102	118	114	97	-2.35	0.0342553
102	118	97	113	1.38	0.0372464
128	144	127	143	55.29	0.0301809
128	144	143	126	-43.01	0.0302325
128	144	126	142	20.93	0.0304778
128	144	142	125	-16.81	0.0305949
128	144	125	141	10.33	0.0309681
128	144	141	124	-8.49	0.0311779
128	144	124	140	5.67	0.0317637
128	144	140	123	-4.77	0.0320964
128	144	123	139	2.9	0.0334483
128	144	139	122	-2.49	0.0340161
128	144	122	138	1.81	0.0355249
128	144	138	121	-1.6	0.03625
128	144	121	137	1.2	0.0383333
128	144	137	120	-1.09	0.0391743
128	144	120	136	0.84	0.0419048
128	144	136	119	-0.79	0.0426582
127	143	126	142	84.48	0.0301184
127	143	142	125	-59.9	0.0301669
127	143	125	141	33.14	0.0303018
127	143	141	124	-25.08	0.0303987
127	143	124	140	16.28	0.0306143
127	143	140	123	-12.7	0.0307874
127	143	123	139	8.8	0.0311364
127	143	139	122	-7.09	0.0314104
127	143	122	138	4.58	0.0321834
127	143	138	121	-3.8	0.0326316
127	143	121	137	2.87	0.0334843
127	143	137	120	-2.41	0.0341494
127	143	120	136	1.88	0.0353191
127	143	136	119	-1.66	0.0360241
127	143	119	135	1.33	0.0375188
127	143	135	118	-1.24	0.0380645
126	142	125	141	92.53	0.0301081
126	142	141	124	-65.87	0.0301518
126	142	124	140	36.62	0.0302731
126	142	140	123	-27.64	0.0303618
126	142	123	139	17.96	0.0305568
126	142	139	122	-14.1	0.0307092
126	142	122	138	9.8	0.0310204
126	142	138	121	-8.04	0.0312438
126	142	121	137	5.27	0.0318975
126	142	137	120	-4.33	0.0323095
126	142	120	136	3.31	0.0330211
126	142	136	119	-2.86	0.0334965
126	142	119	135	2.26	0.0344248
126	142	135	118	-2.04	0.034902
126	142	118	134	1.65	0.0360606
126	142	134	117	-1.64	0.0360976
125	141	124	140	97.67	0.0301024
125	141	140	123	-68.23	0.0301466
125	141	123	139	37.97	0.0302634
125	141	139	122	-28.69	0.0303486
125	141	122	138	18.8	0.0305319
125	141	138	121	-14.9	0.0306711
125	141	121	137	10.56	0.030947
125	141	137	120	-8.45	0.0311834
125	141	120	136	5.64	0.031773
125	141	136	119	-4.75	0.0321053
125	141	119	135	3.68	0.0327174
125	141	135	118	-3.22	0.0331056
125	141	118	134	2.54	0.033937
125	141	134	117	-2.51	0.0339841
125	141	117	133	2.11	0.0347393
125	141	133	116	-2.09	0.0347847
124	140	123	139	96.5	0.0301036
124	140	139	122	-68	0.0301471
124	140	122	138	37.99	0.0302632
124	140	138	121	-29.11	0.0303435
124	140	121	137	19.31	0.0305179
124	140	137	120	-14.98	0.0306676
124	140	120	136	10.72	0.0309328
124	140	136	119	-8.85	0.0311299
124	140	119	135	5.93	0.0316863
124	140	135	118	-5	0.032
124	140	118	134	3.84	0.0326042
124	140	134	117	-3.78	0.0326455
124	140	117	133	3.1	0.0332258
124	140	133	116	-3.08	0.0332468
124	140	116	132	2.66	0.0337594
124	140	132	115	-2.36	0.0342373
123	139	122	138	93.94	0.0301065
123	139	138	121	-66.96	0.0301493
123	139	121	137	38.15	0.0302621
123	139	137	120	-28.39	0.0303522
123	139	120	136	19.03	0.0305255
123	139	136	119	-15.27	0.0306549
123	139	119	135	11.02	0.0309074
123	139	135	118	-8.91	0.0311223
123	139	118	134	5.85	0.0317094
123	139	134	117	-5.72	0.0317483
123	139	117	133	4.58	0.0321834
123	139	133	116	-4.53	0.0322075
123	139	116	132	3.86	0.0325907
123	139	132	115	-3.41	0.0329326
123	139	115	131	3.01	0.0333223
123	139	131	114	-3.41	0.0329326
122	138	121	137	94.71	0.0301056
122	138	137	120	-64.56	0.0301549
122	138	120	136	37.02	0.0302701
122	138	136	119	-28.63	0.0303493
122	138	119	135	19.25	0.0305195
122	138	135	118	-14.78	0.0306766
122	138	118	134	10.33	0.0309681
122	138	134	117	-10.02	0.030998
122	138	117	133	6.86	0.0314577
122	138	133	116	-6.78	0.0314749
122	138	116	132	5.63	0.0317762
122	138	132	115	-4.98	0.032008
122	138	115	131	4.33	0.0323095
122	138	131	114	-4.92	0.0320325
122	138	114	130	4.53	0.0322075
122	138	130	113	-3.25	0.0330769
121	137	120	136	89.89	0.0301112
121	137	136	119	-65.64	0.0301523
121	137	119	135	37.07	0.0302698
121	137	135	118	-26.95	0.0303711
121	137	118	134	17.02	0.0305875
121	137	134	117	-16.34	0.030612
121	137	117	133	11.86	0.0308432
121	137	133	116	-11.69	0.0308554
121	137	116	132	8.32	0.0312019
121	137	132	115	-7.37	0.0313569
121	137	115	131	6.25	0.0316
121	137	131	114	-7.09	0.0314104
121	137	114	130	6.44	0.0315528
121	137	130	113	-4.62	0.0321645
121	137	113	129	4.21	0.0323753
120	136	119	135	95.05	0.0301052
120	136	135	118	-60.48	0.0301653
120	136	118	134	31.15	0.030321
120	136	134	117	-29.43	0.0303398
120	136	117	133	19.51	0.0305126
120	136	133	116	-19.18	0.0305214
120	136	116	132	14.69	0.0306807
120	136	132	115	-13.05	0.0307663
120	136	115	131	9.57	0.0310449
120	136	131	114	-10.86	0.0309208
120	136	114	130	9.73	0.0310277
120	136	130	113	-6.94	0.0314409
120	136	113	129	6.26	0.0315974
119	135	118	134	69.44	0.030144
119	135	134	117	-63.31	0.030158
119	135	117	133	32.93	0.0303037
119	135	133	116	-32.16	0.0303109
119	135	116	132	22.42	0.030446
119	135	132	115	-20.01	0.0304998
119	135	115	131	15.66	0.0306386
119	135	131	114	-17.7	0.030565
119	135	114	130	13.56	0.0307375
119	135	130	113	-9.71	0.0310299
119	135	113	129	8.58	0.0311655
118	134	113	129	13.05	0.0307663
