144# Number of sensors
#x	z
1.75	-0.1
1.75	-0.2
1.75	-0.3
1.75	-0.4
1.75	-0.5
1.75	-0.6
1.75	-0.7
1.75	-0.8
1.75	-0.9
1.75	-1
1.75	-1.1
1.75	-1.2
1.75	-1.3
1.75	-1.4
1.75	-1.5
1.75	-1.6
2.25	-0.1
2.25	-0.2
2.25	-0.3
2.25	-0.4
2.25	-0.5
2.25	-0.6
2.25	-0.7
2.25	-0.8
2.25	-0.9
2.25	-1
2.25	-1.1
2.25	-1.2
2.25	-1.3
2.25	-1.4
2.25	-1.5
2.25	-1.6
2.75	-0.1
2.75	-0.2
2.75	-0.3
2.75	-0.4
2.75	-0.5
2.75	-0.6
2.75	-0.7
2.75	-0.8
2.75	-0.9
2.75	-1
2.75	-1.1
2.75	-1.2
2.75	-1.3
2.75	-1.4
2.75	-1.5
2.75	-1.6
3.25	-0.1
3.25	-0.2
3.25	-0.3
3.25	-0.4
3.25	-0.5
3.25	-0.6
3.25	-0.7
3.25	-0.8
3.25	-0.9
3.25	-1
3.25	-1.1
3.25	-1.2
3.25	-1.3
3.25	-1.4
3.25	-1.5
3.25	-1.6
3.75	-0.1
3.75	-0.2
3.75	-0.3
3.75	-0.4
3.75	-0.5
3.75	-0.6
3.75	-0.7
3.75	-0.8
3.75	-0.9
3.75	-1
3.75	-1.1
3.75	-1.2
3.75	-1.3
3.75	-1.4
3.75	-1.5
3.75	-1.6
4.25	-0.1
4.25	-0.2
4.25	-0.3
4.25	-0.4
4.25	-0.5
4.25	-0.6
4.25	-0.7
4.25	-0.8
4.25	-0.9
4.25	-1
4.25	-1.1
4.25	-1.2
4.25	-1.3
4.25	-1.4
4.25	-1.5
4.25	-1.6
4.75	-0.1
4.75	-0.2
4.75	-0.3
4.75	-0.4
4.75	-0.5
4.75	-0.6
4.75	-0.7
4.75	-0.8
4.75	-0.9
4.75	-1
4.75	-1.1
4.75	-1.2
4.75	-1.3
4.75	-1.4
4.75	-1.5
4.75	-1.6
5.25	-0.1
5.25	-0.2
5.25	-0.3
5.25	-0.4
5.25	-0.5
5.25	-0.6
5.25	-0.7
5.25	-0.8
5.25	-0.9
5.25	-1
5.25	-1.1
5.25	-1.2
5.25	-1.3
5.25	-1.4
5.25	-1.5
5.25	-1.6
5.75	-0.1
5.75	-0.2
5.75	-0.3
5.75	-0.4
5.75	-0.5
5.75	-0.6
5.75	-0.7
5.75	-0.8
5.75	-0.9
5.75	-1
5.75	-1.1
5.75	-1.2
5.75	-1.3
5.75	-1.4
5.75	-1.5
5.75	-1.6
1256# Number of data
#a	b	m	n	R	err
16	32	15	31	64.96	0.0301539
16	32	31	14	-42.72	0.0302341
16	32	14	30	23.17	0.0304316
16	32	30	13	-19.37	0.0305163
16	32	13	29	12.56	0.0307962
16	32	29	12	-11.32	0.0308834
16	32	12	28	8.55	0.0311696
16	32	28	11	-6.87	0.0314556
16	32	11	27	5.32	0.0318797
16	32	27	10	-3.51	0.032849
16	32	10	26	2.84	0.0335211
16	32	26	9	-2.1	0.0347619
16	32	9	25	1.74	0.0357471
16	32	25	8	-1.38	0.0372464
16	32	8	24	1.17	0.038547
16	32	24	7	-0.96	0.0404167
15	31	14	30	74.67	0.0301339
15	31	30	13	-60.68	0.0301648
15	31	13	29	36.64	0.0302729
15	31	29	12	-33.35	0.0302999
15	31	12	28	24.84	0.0304026
15	31	28	11	-19.39	0.0305157
15	31	11	27	15.5	0.0306452
15	31	27	10	-9.55	0.0310471
15	31	10	26	7.03	0.0314225
15	31	26	9	-4.9	0.0320408
15	31	9	25	4.03	0.0324814
15	31	25	8	-3.07	0.0332573
15	31	8	24	2.58	0.033876
15	31	24	7	-2.04	0.034902
15	31	7	23	1.74	0.0357471
15	31	23	6	-1.42	0.0370423
14	30	13	29	87.22	0.0301147
14	30	29	12	-78.28	0.0301277
14	30	12	28	54.1	0.0301848
14	30	28	11	-41.95	0.0302384
14	30	11	27	32.71	0.0303057
14	30	27	10	-19.3	0.0305181
14	30	10	26	15.21	0.0306575
14	30	26	9	-10.27	0.0309737
14	30	9	25	7.24	0.0313812
14	30	25	8	-5.35	0.0318692
14	30	8	24	4.45	0.0322472
14	30	24	7	-3.44	0.032907
14	30	7	23	2.92	0.0334247
14	30	23	6	-2.33	0.0342918
14	30	6	22	2.02	0.0349505
14	30	22	5	-1.68	0.0359524
13	29	12	28	92.39	0.0301082
13	29	28	11	-73.19	0.0301366
13	29	11	27	47.16	0.030212
13	29	27	10	-31.55	0.030317
13	29	10	26	22.12	0.0304521
13	29	26	9	-16.1	0.0306211
13	29	9	25	12.09	0.0308271
13	29	25	8	-9.42	0.0310616
13	29	8	24	6.39	0.0315649
13	29	24	7	-5.14	0.0319455
13	29	7	23	4.12	0.0324272
13	29	23	6	-3.42	0.032924
13	29	6	22	2.81	0.0335587
13	29	22	5	-2.41	0.0341494
13	29	5	21	2.06	0.0348544
13	29	21	4	-1.8	0.0355556
12	28	11	27	84.6	0.0301182
12	28	27	10	-62.05	0.0301612
12	28	10	26	36.19	0.0302763
12	28	26	9	-27.82	0.0303595
12	28	9	25	18.93	0.0305283
12	28	25	8	-15.21	0.0306575
12	28	8	24	11.06	0.0309042
12	28	24	7	-9.13	0.0310953
12	28	7	23	6.09	0.031642
12	28	23	6	-5.16	0.031938
12	28	6	22	4.03	0.0324814
12	28	22	5	-3.52	0.0328409
12	28	5	21	2.88	0.0334722
12	28	21	4	-2.56	0.0339062
12	28	4	20	2.18	0.0345872
12	28	20	3	-2.03	0.0349261
11	27	10	26	86.09	0.0301162
11	27	26	9	-62.61	0.0301597
11	27	9	25	37.93	0.0302636
11	27	25	8	-29.49	0.0303391
11	27	8	24	20.08	0.030498
11	27	24	7	-16.14	0.0306196
11	27	7	23	11.72	0.0308532
11	27	23	6	-9.73	0.0310277
11	27	6	22	6.41	0.0315601
11	27	22	5	-5.5	0.0318182
11	27	5	21	4.37	0.0322883
11	27	21	4	-3.85	0.0325974
11	27	4	20	3.22	0.0331056
11	27	20	3	-2.98	0.0333557
11	27	3	19	2.62	0.0338168
11	27	19	2	-2.47	0.0340486
10	26	9	25	96.31	0.0301038
10	26	25	8	-69.15	0.0301446
10	26	8	24	42.42	0.0302357
10	26	24	7	-32.35	0.0303091
10	26	7	23	22.27	0.030449
10	26	23	6	-17.75	0.0305634
10	26	6	22	13.03	0.0307675
10	26	22	5	-10.79	0.0309268
10	26	5	21	7.39	0.0313532
10	26	21	4	-6.25	0.0316
10	26	4	20	5.17	0.0319342
10	26	20	3	-4.69	0.0321322
10	26	3	19	4.09	0.032445
10	26	19	2	-3.83	0.032611
10	26	2	18	3.62	0.0327624
10	26	18	1	-3.34	0.032994
9	25	8	24	101.28	0.0300987
9	25	24	7	-72.28	0.0301384
9	25	7	23	44.44	0.030225
9	25	23	6	-33.95	0.0302946
9	25	6	22	23.44	0.0304266
9	25	22	5	-18.73	0.0305339
9	25	5	21	14.13	0.0307077
9	25	21	4	-11.58	0.0308636
9	25	4	20	8.12	0.0312315
9	25	20	3	-7.25	0.0313793
9	25	3	19	6.2	0.0316129
9	25	19	2	-5.77	0.0317331
9	25	2	18	5.4	0.0318519
9	25	18	1	-4.93	0.0320284
9	25	1	17	4.66	0.0321459
8	24	7	23	105.33	0.0300949
8	24	23	6	-75.34	0.0301327
8	24	6	22	46.67	0.0302143
8	24	22	5	-35.61	0.0302808
8	24	5	21	25.25	0.030396
8	24	21	4	-19.78	0.0305056
8	24	4	20	15.21	0.0306575
8	24	20	3	-13.3	0.0307519
8	24	3	19	9.58	0.0310438
8	24	19	2	-8.82	0.0311338
8	24	2	18	8.17	0.031224
8	24	18	1	-7.37	0.0313569
8	24	1	17	6.9	0.0314493
7	23	6	22	112.42	0.030089
7	23	22	5	-80.4	0.0301244
7	23	5	21	50.91	0.0301964
7	23	21	4	-37.61	0.0302659
7	23	4	20	26.93	0.0303713
7	23	20	3	-22.96	0.0304355
7	23	3	19	18.29	0.0305467
7	23	19	2	-16.64	0.030601
7	23	2	18	13.16	0.0307599
7	23	18	1	-11.69	0.0308554
7	23	1	17	10.81	0.0309251
6	22	1	17	17.11	0.0305845
3	19	2	18	236.36	0.0300423
3	19	18	1	-170.17	0.0300588
3	19	1	17	128.17	0.030078
2	18	1	17	582.64	0.0300172
32	48	31	47	64.06	0.0301561
32	48	47	30	-44.99	0.0302223
32	48	30	46	29.02	0.0303446
32	48	46	29	-22.2	0.0304505
32	48	29	45	13.31	0.0307513
32	48	45	28	-10.55	0.0309479
32	48	28	44	7.03	0.0314225
32	48	44	27	-5.69	0.0317575
32	48	27	43	3.92	0.032551
32	48	43	26	-3.23	0.033096
32	48	26	42	2.45	0.0340816
32	48	42	25	-2.1	0.0347619
32	48	25	41	1.64	0.0360976
32	48	41	24	-1.43	0.036993
32	48	24	40	1.14	0.0387719
32	48	40	23	-1	0.04
31	47	30	46	88.49	0.030113
31	47	46	29	-64.26	0.0301556
31	47	29	45	36	0.0302778
31	47	45	28	-27.5	0.0303636
31	47	28	44	17.55	0.0305698
31	47	44	27	-13.46	0.0307429
31	47	27	43	9.6	0.0310417
31	47	43	26	-7.66	0.0313055
31	47	26	42	5.09	0.0319646
31	47	42	25	-4.24	0.0323585
31	47	25	41	3.26	0.0330675
31	47	41	24	-2.76	0.0336232
31	47	24	40	2.17	0.0346083
31	47	40	23	-1.87	0.0353476
31	47	23	39	1.51	0.0366225
31	47	39	22	-1.32	0.0375758
30	46	29	45	85.02	0.0301176
30	46	45	28	-60.57	0.0301651
30	46	28	44	36.1	0.030277
30	46	44	27	-26.92	0.0303715
30	46	27	43	18.27	0.0305473
30	46	43	26	-14.09	0.0307097
30	46	26	42	10.27	0.0309737
30	46	42	25	-8.3	0.0312048
30	46	25	41	5.71	0.0317513
30	46	41	24	-4.7	0.0321277
30	46	24	40	3.68	0.0327174
30	46	40	23	-3.09	0.0332362
30	46	23	39	2.49	0.0340161
30	46	39	22	-2.13	0.0346948
30	46	22	38	1.78	0.035618
30	46	38	21	-1.55	0.0364516
29	45	28	44	91.15	0.0301097
29	45	44	27	-64.8	0.0301543
29	45	27	43	38.68	0.0302585
29	45	43	26	-29.05	0.0303442
29	45	26	42	19.74	0.0305066
29	45	42	25	-15.71	0.0306365
29	45	25	41	11.41	0.0308764
29	45	41	24	-9.28	0.0310776
29	45	24	40	6.36	0.0315723
29	45	40	23	-5.27	0.0318975
29	45	23	39	4.14	0.0324155
29	45	39	22	-3.5	0.0328571
29	45	22	38	2.86	0.0334965
29	45	38	21	-2.48	0.0340323
29	45	21	37	2.07	0.0348309
29	45	37	20	-1.85	0.0354054
28	44	27	43	93.98	0.0301064
28	44	43	26	-67.52	0.0301481
28	44	26	42	40.11	0.0302493
28	44	42	25	-31.15	0.030321
28	44	25	41	21.02	0.0304757
28	44	41	24	-16.81	0.0305949
28	44	24	40	12.12	0.0308251
28	44	40	23	-9.91	0.0310091
28	44	23	39	6.75	0.0314815
28	44	39	22	-5.64	0.031773
28	44	22	38	4.48	0.0322321
28	44	38	21	-3.84	0.0326042
28	44	21	37	3.14	0.0331847
28	44	37	20	-2.79	0.0335842
28	44	20	36	2.39	0.0341841
28	44	36	19	-2.19	0.0345662
27	43	26	42	95.31	0.0301049
27	43	42	25	-70.29	0.0301423
27	43	25	41	42	0.0302381
27	43	41	24	-32.45	0.0303082
27	43	24	40	21.91	0.0304564
27	43	40	23	-17.48	0.0305721
27	43	23	39	12.66	0.0307899
27	43	39	22	-10.35	0.0309662
27	43	22	38	7.23	0.0313831
27	43	38	21	-6.08	0.0316447
27	43	21	37	4.86	0.0320576
27	43	37	20	-4.24	0.0323585
27	43	20	36	3.59	0.0327855
27	43	36	19	-3.26	0.0330675
27	43	19	35	2.81	0.0335587
27	43	35	18	-2.66	0.0337594
26	42	25	41	99.51	0.0301005
26	42	41	24	-72.34	0.0301382
26	42	24	40	43.38	0.0302305
26	42	40	23	-33.19	0.0303013
26	42	23	39	22.6	0.0304425
26	42	39	22	-17.9	0.0305587
26	42	22	38	13.27	0.0307536
26	42	38	21	-10.9	0.0309174
26	42	21	37	7.66	0.0313055
26	42	37	20	-6.54	0.0315291
26	42	20	36	5.43	0.0318416
26	42	36	19	-4.84	0.0320661
26	42	19	35	4.11	0.0324331
26	42	35	18	-3.87	0.032584
26	42	18	34	3.6	0.0327778
26	42	34	17	-3.4	0.0329412
25	41	24	40	102.43	0.0300976
25	41	40	23	-74.44	0.0301343
25	41	23	39	44.7	0.0302237
25	41	39	22	-34.14	0.0302929
25	41	22	38	23.64	0.030423
25	41	38	21	-18.93	0.0305283
25	41	21	37	13.97	0.0307158
25	41	37	20	-11.74	0.0308518
25	41	20	36	8.43	0.0311862
25	41	36	19	-7.38	0.031355
25	41	19	35	6.08	0.0316447
25	41	35	18	-5.67	0.0317637
25	41	18	34	5.23	0.031912
25	41	34	17	-4.91	0.0320367
25	41	17	33	4.78	0.0320921
24	40	23	39	105.24	0.030095
24	40	39	22	-76.2	0.0301312
24	40	22	38	46.66	0.0302143
24	40	38	21	-36.13	0.0302768
24	40	21	37	24.88	0.0304019
24	40	37	20	-20.28	0.0304931
24	40	20	36	15.48	0.030646
24	40	36	19	-13.29	0.0307524
24	40	19	35	9.37	0.0310672
24	40	35	18	-8.64	0.0311574
24	40	18	34	7.84	0.0312755
24	40	34	17	-7.31	0.031368
24	40	17	33	7.02	0.0314245
23	39	22	38	114.54	0.0300873
23	39	38	21	-84.5	0.0301183
23	39	21	37	50.8	0.0301969
23	39	37	20	-39.98	0.0302501
23	39	20	36	28.19	0.0303547
23	39	36	19	-23.61	0.0304235
23	39	19	35	17.33	0.030577
23	39	35	18	-15.77	0.0306341
23	39	18	34	12.44	0.0308039
23	39	34	17	-11.45	0.0308734
23	39	17	33	10.85	0.0309217
22	38	21	37	122.63	0.0300815
22	38	37	20	-91.37	0.0301094
22	38	20	36	56.65	0.0301765
22	38	36	19	-45.74	0.0302186
22	38	19	35	30.11	0.0303321
22	38	35	18	-26.91	0.0303716
22	38	18	34	23.14	0.0304322
22	38	34	17	-21.01	0.030476
22	38	17	33	17.25	0.0305797
21	37	20	36	133.1	0.0300751
21	37	36	19	-100.99	0.030099
21	37	19	35	55.08	0.0301816
21	37	35	18	-47.71	0.0302096
21	37	18	34	39.16	0.0302554
21	37	34	17	-34.65	0.0302886
21	37	17	33	31.53	0.0303172
18	34	17	33	348.46	0.0300287
48	64	47	63	59.84	0.0301671
48	64	63	46	-44.28	0.0302258
48	64	46	62	27.16	0.0303682
48	64	62	45	-18.18	0.0305501
48	64	45	61	12.53	0.0307981
48	64	61	44	-9.01	0.0311099
48	64	44	60	6.64	0.031506
48	64	60	43	-5.11	0.0319569
48	64	43	59	3.7	0.0327027
48	64	59	42	-2.95	0.0333898
48	64	42	58	2.32	0.0343103
48	64	58	41	-1.9	0.0352632
48	64	41	57	1.54	0.0364935
48	64	57	40	-1.3	0.0376923
48	64	40	56	1.07	0.0393458
48	64	56	39	-0.91	0.040989
47	63	46	62	81.59	0.0301226
47	63	62	45	-52.9	0.030189
47	63	45	61	32.97	0.0303033
47	63	61	44	-23.01	0.0304346
47	63	44	60	16.11	0.0306207
47	63	60	43	-12.09	0.0308271
47	63	43	59	8.83	0.0311325
47	63	59	42	-6.91	0.0314472
47	63	42	58	4.79	0.0320877
47	63	58	41	-3.84	0.0326042
47	63	41	57	3.04	0.0332895
47	63	57	40	-2.51	0.0339841
47	63	40	56	2.02	0.0349505
47	63	56	39	-1.69	0.0359172
47	63	39	55	1.4	0.0371429
47	63	55	38	-1.2	0.0383333
46	62	45	61	80.25	0.0301246
46	62	61	44	-55.5	0.0301802
46	62	44	60	33.87	0.0302952
46	62	60	43	-25.27	0.0303957
46	62	43	59	17.15	0.0305831
46	62	59	42	-13.41	0.0307457
46	62	42	58	9.78	0.0310225
46	62	58	41	-7.81	0.0312804
46	62	41	57	5.4	0.0318519
46	62	57	40	-4.47	0.0322371
46	62	40	56	3.45	0.0328986
46	62	56	39	-2.9	0.0334483
46	62	39	55	2.32	0.0343103
46	62	55	38	-2.01	0.0349751
46	62	38	54	1.63	0.036135
46	62	54	37	-1.46	0.0368493
45	61	44	60	86.68	0.0301154
45	61	60	43	-60.34	0.0301657
45	61	43	59	36.68	0.0302726
45	61	59	42	-27.35	0.0303656
45	61	42	58	18.87	0.0305299
45	61	58	41	-14.66	0.0306821
45	61	41	57	10.77	0.0309285
45	61	57	40	-8.66	0.0311547
45	61	40	56	6.04	0.0316556
45	61	56	39	-4.95	0.0320202
45	61	39	55	3.9	0.0325641
45	61	55	38	-3.3	0.0330303
45	61	38	54	2.66	0.0337594
45	61	54	37	-2.34	0.0342735
45	61	37	53	1.94	0.0351546
45	61	53	36	-1.74	0.0357471
44	60	43	59	89.68	0.0301115
44	60	59	42	-61.96	0.0301614
44	60	42	58	38.56	0.0302593
44	60	58	41	-28.43	0.0303517
44	60	41	57	19.97	0.0305008
44	60	57	40	-15.46	0.0306468
44	60	40	56	11.25	0.0308889
44	60	56	39	-8.99	0.0311123
44	60	39	55	6.46	0.031548
44	60	55	38	-5.33	0.0318762
44	60	38	54	4.23	0.0323641
44	60	54	37	-3.63	0.0327548
44	60	37	53	2.99	0.0333445
44	60	53	36	-2.63	0.0338023
44	60	36	52	2.28	0.034386
44	60	52	35	-2.02	0.0349505
43	59	42	58	92.43	0.0301082
43	59	58	41	-63.88	0.0301565
43	59	41	57	40	0.03025
43	59	57	40	-29.6	0.0303378
43	59	40	56	20.37	0.0304909
43	59	56	39	-15.68	0.0306378
43	59	39	55	11.77	0.0308496
43	59	55	38	-9.49	0.0310537
43	59	38	54	6.74	0.0314837
43	59	54	37	-5.67	0.0317637
43	59	37	53	4.56	0.032193
43	59	53	36	-3.95	0.0325316
43	59	36	52	3.37	0.0329674
43	59	52	35	-2.96	0.0333784
43	59	35	51	2.56	0.0339062
43	59	51	34	-2.4	0.0341667
42	58	41	57	94.48	0.0301058
42	58	57	40	-65.35	0.030153
42	58	40	56	39.7	0.0302519
42	58	56	39	-29.13	0.0303433
42	58	39	55	21.04	0.0304753
42	58	55	38	-16.5	0.0306061
42	58	38	54	12.13	0.0308244
42	58	54	37	-9.94	0.031006
42	58	37	53	7.08	0.0314124
42	58	53	36	-6.01	0.0316639
42	58	36	52	5.03	0.0319881
42	58	52	35	-4.32	0.0323148
42	58	35	51	3.67	0.0327248
42	58	51	34	-3.43	0.0329155
42	58	34	50	3.15	0.0331746
42	58	50	33	-2.88	0.0334722
41	57	40	56	93.02	0.0301075
41	57	56	39	-63.04	0.0301586
41	57	39	55	42.71	0.0302341
41	57	55	38	-32.19	0.0303107
41	57	38	54	21.93	0.030456
41	57	54	37	-17.34	0.0305767
41	57	37	53	12.96	0.0307716
41	57	53	36	-10.71	0.0309337
41	57	36	52	7.84	0.0312755
41	57	52	35	-6.55	0.0315267
41	57	35	51	5.43	0.0318416
41	57	51	34	-5.01	0.031996
41	57	34	50	4.56	0.032193
41	57	50	33	-4.15	0.0324096
41	57	33	49	3.94	0.0325381
40	56	39	55	94.71	0.0301056
40	56	55	38	-64.76	0.0301544
40	56	38	54	42.51	0.0302352
40	56	54	37	-31.51	0.0303174
40	56	37	53	22.9	0.0304367
40	56	53	36	-18.17	0.0305504
40	56	36	52	14.44	0.0306925
40	56	52	35	-11.63	0.0308598
40	56	35	51	8.45	0.0311834
40	56	51	34	-7.66	0.0313055
40	56	34	50	6.89	0.0314514
40	56	50	33	-6.22	0.0316077
40	56	33	49	5.87	0.0317036
39	55	38	54	111.36	0.0300898
39	55	54	37	-77.58	0.0301289
39	55	37	53	48.46	0.0302064
39	55	53	36	-36.62	0.0302731
39	55	36	52	27.15	0.0303683
39	55	52	35	-20.83	0.0304801
39	55	35	51	15.89	0.0306293
39	55	51	34	-14.13	0.0307077
39	55	34	50	11.08	0.0309025
39	55	50	33	-9.9	0.0310101
39	55	33	49	9.21	0.0310858
38	54	37	53	118.23	0.0300846
38	54	53	36	-83.38	0.0301199
38	54	36	52	55.15	0.0301813
38	54	52	35	-39.23	0.0302549
38	54	35	51	27.65	0.0303617
38	54	51	34	-23.94	0.0304177
38	54	34	50	20.39	0.0304904
38	54	50	33	-18	0.0305556
38	54	33	49	14.62	0.030684
37	53	36	52	133.53	0.0300749
37	53	52	35	-87.31	0.0301145
37	53	35	51	52.02	0.0301922
37	53	51	34	-43.41	0.0302304
37	53	34	50	35.17	0.0302843
37	53	50	33	-30.57	0.0303271
37	53	33	49	27.32	0.030366
34	50	33	49	275	0.0300364
64	80	63	79	45.77	0.0302185
64	80	79	62	-28.83	0.0303469
64	80	62	78	18.55	0.0305391
64	80	78	61	-12.96	0.0307716
64	80	61	77	9.03	0.0311074
64	80	77	60	-6.62	0.0315106
64	80	60	76	5.13	0.0319493
64	80	76	59	-3.87	0.032584
64	80	59	75	3.07	0.0332573
64	80	75	58	-2.36	0.0342373
64	80	58	74	1.99	0.0350251
64	80	74	57	-1.56	0.0364103
64	80	57	73	1.34	0.0374627
64	80	73	56	-1.05	0.0395238
64	80	56	72	0.95	0.0405263
64	80	72	55	-0.76	0.0431579
63	79	62	78	77.35	0.0301293
63	79	78	61	-57.43	0.0301741
63	79	61	77	29.15	0.0303431
63	79	77	60	-22.22	0.03045
63	79	60	76	14.73	0.0306789
63	79	76	59	-11.51	0.0308688
63	79	59	75	8.29	0.0312063
63	79	75	58	-6.62	0.0315106
63	79	58	74	4.5	0.0322222
63	79	74	57	-3.66	0.0327322
63	79	57	73	2.87	0.0334843
63	79	73	56	-2.33	0.0342918
63	79	56	72	1.93	0.0351813
63	79	72	55	-1.6	0.03625
63	79	55	71	1.34	0.0374627
63	79	71	54	-1.13	0.0388496
62	78	61	77	77.89	0.0301284
62	78	77	60	-56.12	0.0301782
62	78	60	76	32.62	0.0303066
62	78	76	59	-24.58	0.0304068
62	78	59	75	16.77	0.0305963
62	78	75	58	-13.05	0.0307663
62	78	58	74	9.6	0.0310417
62	78	74	57	-7.66	0.0313055
62	78	57	73	5.26	0.0319011
62	78	73	56	-4.2	0.032381
62	78	56	72	3.39	0.0329499
62	78	72	55	-2.78	0.0335971
62	78	55	71	2.31	0.034329
62	78	71	54	-1.92	0.0352083
62	78	54	70	1.63	0.036135
62	78	70	53	-1.4	0.0371429
61	77	60	76	87.23	0.0301146
61	77	76	59	-63.66	0.0301571
61	77	59	75	35.96	0.0302781
61	77	75	58	-27.42	0.0303647
61	77	58	74	18.55	0.0305391
61	77	74	57	-14.64	0.0306831
61	77	57	73	10.59	0.0309443
61	77	73	56	-8.4	0.0311905
61	77	56	72	5.9	0.0316949
61	77	72	55	-4.83	0.0320704
61	77	55	71	3.87	0.032584
61	77	71	54	-3.22	0.0331056
61	77	54	70	2.65	0.0337736
61	77	70	53	-2.26	0.0344248
61	77	53	69	1.89	0.035291
61	77	69	52	-1.65	0.0360606
60	76	59	75	89.05	0.0301123
60	76	75	58	-65.49	0.0301527
60	76	58	74	36.92	0.0302709
60	76	74	57	-28.69	0.0303486
60	76	57	73	19.04	0.0305252
60	76	73	56	-14.81	0.0306752
60	76	56	72	10.93	0.0309149
60	76	72	55	-8.85	0.0311299
60	76	55	71	6.22	0.0316077
60	76	71	54	-5.1	0.0319608
60	76	54	70	4.08	0.032451
60	76	70	53	-3.45	0.0328986
60	76	53	69	2.82	0.0335461
60	76	69	52	-2.46	0.034065
60	76	52	68	2.11	0.0347393
60	76	68	51	-1.83	0.0354645
59	75	58	74	91.39	0.0301094
59	75	74	57	-67.32	0.0301485
59	75	57	73	37.64	0.0302657
59	75	73	56	-28.29	0.0303535
59	75	56	72	19.41	0.0305152
59	75	72	55	-15.44	0.0306477
59	75	55	71	11.55	0.0308658
59	75	71	54	-9.31	0.0310741
59	75	54	70	6.54	0.0315291
59	75	70	53	-5.44	0.0318382
59	75	53	69	4.33	0.0323095
59	75	69	52	-3.73	0.032681
59	75	52	68	3.14	0.0331847
59	75	68	51	-2.71	0.03369
59	75	51	67	2.35	0.0342553
59	75	67	50	-2.17	0.0346083
58	74	57	73	90.75	0.0301102
58	74	73	56	-64.78	0.0301544
58	74	56	72	37.27	0.0302683
58	74	72	55	-29.12	0.0303434
58	74	55	71	20.36	0.0304912
58	74	71	54	-15.94	0.0306274
58	74	54	70	11.84	0.0308446
58	74	70	53	-9.65	0.0310363
58	74	53	69	6.69	0.0314948
58	74	69	52	-5.67	0.0317637
58	74	52	68	4.68	0.0321368
58	74	68	51	-3.96	0.0325253
58	74	51	67	3.38	0.0329586
58	74	67	50	-3.11	0.0332154
58	74	50	66	2.84	0.0335211
58	74	66	49	-2.65	0.0337736
57	73	56	72	91.03	0.0301099
57	73	72	55	-70.53	0.0301418
57	73	55	71	41.33	0.030242
57	73	71	54	-30.99	0.0303227
57	73	54	70	21.15	0.0304728
57	73	70	53	-16.78	0.0305959
57	73	53	69	12.23	0.0308177
57	73	69	52	-10.18	0.0309823
57	73	52	68	7.32	0.0313661
57	73	68	51	-6.1	0.0316393
57	73	51	67	5.07	0.0319724
57	73	67	50	-4.62	0.0321645
57	73	50	66	4.14	0.0324155
57	73	66	49	-3.85	0.0325974
57	73	49	65	3.68	0.0327174
56	72	55	71	94.61	0.0301057
56	72	71	54	-72.19	0.0301385
56	72	54	70	40.05	0.0302497
56	72	70	53	-31.43	0.0303182
56	72	53	69	20.97	0.0304769
56	72	69	52	-17.17	0.0305824
56	72	52	68	13.02	0.030768
56	72	68	51	-10.65	0.030939
56	72	51	67	7.69	0.0313004
56	72	67	50	-6.92	0.0314451
56	72	50	66	6.07	0.0316474
56	72	66	49	-5.61	0.0317825
56	72	49	65	5.31	0.0318832
55	71	54	70	105.95	0.0300944
55	71	70	53	-76.72	0.0301303
55	71	53	69	42.7	0.0302342
55	71	69	52	-33.11	0.030302
55	71	52	68	23.45	0.0304264
55	71	68	51	-18.34	0.0305453
55	71	51	67	14.21	0.0307037
55	71	67	50	-12.5	0.0308
55	71	50	66	9.58	0.0310438
55	71	66	49	-8.73	0.0311455
55	71	49	65	8.18	0.0312225
54	70	53	69	107.68	0.0300929
54	70	69	52	-79.09	0.0301264
54	70	52	68	46.5	0.0302151
54	70	68	51	-34.66	0.0302885
54	70	51	67	24.81	0.0304031
54	70	67	50	-21.28	0.0304699
54	70	50	66	17.51	0.0305711
54	70	66	49	-15.89	0.0306293
54	70	49	65	12.92	0.030774
53	69	52	68	119.76	0.0300835
53	69	68	51	-83.83	0.0301193
53	69	51	67	48.42	0.0302065
53	69	67	50	-40.2	0.0302488
53	69	50	66	30.6	0.0303268
53	69	66	49	-27	0.0303704
53	69	49	65	24.15	0.0304141
52	68	51	67	112.77	0.0300887
52	68	67	50	-89.2	0.0301121
52	68	50	66	56.16	0.0301781
52	68	66	49	-48.46	0.0302064
52	68	49	65	41.25	0.0302424
80	96	79	95	38.31	0.030261
80	96	95	78	-28.28	0.0303536
80	96	78	94	15.4	0.0306494
80	96	94	77	-11.67	0.0308569
80	96	77	93	7.37	0.0313569
80	96	93	76	-5.97	0.031675
80	96	76	92	4.1	0.032439
80	96	92	75	-3.4	0.0329412
80	96	75	91	2.46	0.034065
80	96	91	74	-2.08	0.0348077
80	96	74	90	1.56	0.0364103
80	96	90	73	-1.35	0.0374074
80	96	73	89	1.04	0.0396154
80	96	89	72	-0.92	0.0408696
80	96	72	88	0.73	0.0436986
80	96	88	71	-0.66	0.0451515
79	95	78	94	83.82	0.0301193
79	95	94	77	-55.41	0.0301805
79	95	77	93	29.65	0.0303373
79	95	93	76	-22.27	0.030449
79	95	76	92	14.25	0.0307018
79	95	92	75	-11.12	0.0308993
79	95	75	91	7.75	0.0312903
79	95	91	74	-6.23	0.0316051
79	95	74	90	4.05	0.0324691
79	95	90	73	-3.32	0.033012
79	95	73	89	2.51	0.0339841
79	95	89	72	-2.11	0.0347393
79	95	72	88	1.65	0.0360606
79	95	88	71	-1.45	0.0368966
79	95	71	87	1.15	0.0386957
79	95	87	70	-1	0.04
78	94	77	93	82.08	0.0301218
78	94	93	76	-58.51	0.0301709
78	94	76	92	31.63	0.0303162
78	94	92	75	-23.94	0.0304177
78	94	75	91	15.63	0.0306398
78	94	91	74	-12.27	0.030815
78	94	74	90	8.63	0.0311587
78	94	90	73	-6.94	0.0314409
78	94	73	89	4.58	0.0321834
78	94	89	72	-3.78	0.0326455
78	94	72	88	2.92	0.0334247
78	94	88	71	-2.51	0.0339841
78	94	71	87	1.97	0.0350761
78	94	87	70	-1.69	0.0359172
78	94	70	86	1.38	0.0372464
78	94	86	69	-1.21	0.0382645
77	93	76	92	88.32	0.0301132
77	93	92	75	-60.48	0.0301653
77	93	75	91	34.17	0.0302927
77	93	91	74	-25.82	0.0303873
77	93	74	90	16.92	0.030591
77	93	90	73	-13.05	0.0307663
77	93	73	89	9.31	0.0310741
77	93	89	72	-7.47	0.0313387
77	93	72	88	5.11	0.0319569
77	93	88	71	-4.26	0.0323474
77	93	71	87	3.3	0.0330303
77	93	87	70	-2.77	0.0336101
77	93	70	86	2.24	0.0344643
77	93	86	69	-1.92	0.0352083
77	93	69	85	1.58	0.0363291
77	93	85	68	-1.4	0.0371429
76	92	75	91	91.05	0.0301098
76	92	91	74	-62.34	0.0301604
76	92	74	90	34.68	0.0302884
76	92	90	73	-25.91	0.030386
76	92	73	89	17.26	0.0305794
76	92	89	72	-13.46	0.0307429
76	92	72	88	9.83	0.0310173
76	92	88	71	-8.02	0.0312469
76	92	71	87	5.44	0.0318382
76	92	87	70	-4.48	0.0322321
76	92	70	86	3.55	0.0328169
76	92	86	69	-2.98	0.0333557
76	92	69	85	2.42	0.0341322
76	92	85	68	-2.11	0.0347393
76	92	68	84	1.77	0.0356497
76	92	84	67	-1.61	0.0362112
75	91	74	90	91.91	0.0301088
75	91	90	73	-62.11	0.030161
75	91	73	89	34.93	0.0302863
75	91	89	72	-26.08	0.0303834
75	91	72	88	17.79	0.0305621
75	91	88	71	-14.26	0.0307013
75	91	71	87	10.24	0.0309766
75	91	87	70	-8.22	0.0312165
75	91	70	86	5.73	0.0317452
75	91	86	69	-4.71	0.0321231
75	91	69	85	3.73	0.032681
75	91	85	68	-3.21	0.0331153
75	91	68	84	2.65	0.0337736
75	91	84	67	-2.37	0.0342194
75	91	67	83	2.01	0.0349751
75	91	83	66	-1.83	0.0354645
74	90	73	89	90.19	0.0301109
74	90	89	72	-62.74	0.0301594
74	90	72	88	35.76	0.0302796
74	90	88	71	-27.26	0.0303668
74	90	71	87	18.4	0.0305435
74	90	87	70	-14.36	0.0306964
74	90	70	86	10.59	0.0309443
74	90	86	69	-8.51	0.0311751
74	90	69	85	5.89	0.0316978
74	90	85	68	-4.97	0.0320121
74	90	68	84	3.99	0.0325063
74	90	84	67	-3.51	0.032849
74	90	67	83	2.92	0.0334247
74	90	83	66	-2.64	0.0337879
74	90	66	82	2.37	0.0342194
74	90	82	65	-2.23	0.0344843
73	89	72	88	96.06	0.0301041
73	89	88	71	-66.86	0.0301496
73	89	71	87	37.92	0.0302637
73	89	87	70	-28.18	0.0303549
73	89	70	86	19.31	0.0305179
73	89	86	69	-14.99	0.0306671
73	89	69	85	10.96	0.0309124
73	89	85	68	-9.03	0.0311074
73	89	68	84	6.34	0.0315773
73	89	84	67	-5.47	0.0318282
73	89	67	83	4.41	0.0322676
73	89	83	66	-3.92	0.032551
73	89	66	82	3.45	0.0328986
73	89	82	65	-3.23	0.033096
73	89	65	81	3	0.0333333
72	88	67	83	6.76	0.0314793
72	88	83	66	-5.89	0.0316978
72	88	66	82	5.06	0.0319763
72	88	82	65	-4.69	0.0321322
72	88	65	81	4.31	0.0323202
71	87	66	82	7.84	0.0312755
71	87	82	65	-7.19	0.0313908
71	87	65	81	6.46	0.031548
70	86	65	81	10.12	0.0309881
96	112	95	111	40.57	0.0302465
96	112	111	94	-27.49	0.0303638
96	112	94	110	16.81	0.0305949
96	112	110	93	-12.47	0.0308019
96	112	93	109	8.58	0.0311655
96	112	109	92	-6.66	0.0315015
96	112	92	108	4.86	0.0320576
96	112	108	91	-3.89	0.0325707
96	112	91	107	2.93	0.033413
96	112	107	90	-2.37	0.0342194
96	112	90	106	1.79	0.0355866
96	112	106	89	-1.45	0.0368966
96	112	89	105	1.1	0.0390909
96	112	105	88	-0.89	0.041236
96	112	88	104	0.79	0.0426582
96	112	104	87	-0.65	0.0453846
95	111	94	110	83.06	0.0301204
95	111	110	93	-57.19	0.0301749
95	111	93	109	32.33	0.0303093
95	111	109	92	-24.2	0.0304132
95	111	92	108	15.75	0.0306349
95	111	108	91	-12.3	0.030813
95	111	91	107	8.55	0.0311696
95	111	107	90	-6.75	0.0314815
95	111	90	106	4.26	0.0323474
95	111	106	89	-3.35	0.0329851
95	111	89	105	2.4	0.0341667
95	111	105	88	-1.87	0.0353476
95	111	88	104	1.61	0.0362112
95	111	104	87	-1.27	0.037874
95	111	87	103	1.18	0.0384746
95	111	103	86	-0.96	0.0404167
94	110	93	109	92.66	0.0301079
94	110	109	92	-65.45	0.0301528
94	110	92	108	37.22	0.0302687
94	110	108	91	-28.81	0.0303471
94	110	91	107	18.74	0.0305336
94	110	107	90	-14.61	0.0306845
94	110	90	106	9.54	0.0310482
94	110	106	89	-7.59	0.0313175
94	110	89	105	4.5	0.0322222
94	110	105	88	-3.53	0.0328329
94	110	88	104	2.87	0.0334843
94	110	104	87	-2.27	0.0344053
94	110	87	103	2.02	0.0349505
94	110	103	86	-1.64	0.0360976
94	110	86	102	1.57	0.0363694
94	110	102	85	-1.33	0.0375188
93	109	92	108	95.85	0.0301043
93	109	108	91	-69.31	0.0301443
93	109	91	107	38.99	0.0302565
93	109	107	90	-29.93	0.0303341
93	109	90	106	18.11	0.0305522
93	109	106	89	-14.25	0.0307018
93	109	89	105	8.79	0.0311377
93	109	105	88	-6.83	0.0314641
93	109	88	104	4.8	0.0320833
93	109	104	87	-3.75	0.0326667
93	109	87	103	3.23	0.033096
93	109	103	86	-2.6	0.0338462
93	109	86	102	2.46	0.034065
93	109	102	85	-2.07	0.0348309
93	109	85	101	2.02	0.0349505
93	109	101	84	-1.74	0.0357471
92	108	91	107	96.89	0.0301032
92	108	107	90	-69.62	0.0301436
92	108	90	106	36.07	0.0302772
92	108	106	89	-27.3	0.0303663
92	108	89	105	15.65	0.030639
92	108	105	88	-11.81	0.0308467
92	108	88	104	8.92	0.0311211
92	108	104	87	-6.83	0.0314641
92	108	87	103	5.13	0.0319493
92	108	103	86	-4.05	0.0324691
92	108	86	102	3.78	0.0326455
92	108	102	85	-3.13	0.0331949
92	108	85	101	3.03	0.0333003
92	108	101	84	-2.6	0.0338462
92	108	84	100	2.52	0.0339683
92	108	100	83	-2.22	0.0345045
91	107	90	106	90.18	0.0301109
91	107	106	89	-62.76	0.0301593
91	107	89	105	30.49	0.030328
91	107	105	88	-21.99	0.0304548
91	107	88	104	15.67	0.0306382
91	107	104	87	-11.65	0.0308584
91	107	87	103	9.31	0.0310741
91	107	103	86	-7.2	0.0313889
91	107	86	102	5.94	0.0316835
91	107	102	85	-4.84	0.0320661
91	107	85	101	4.65	0.0321505
91	107	101	84	-3.94	0.0325381
91	107	84	100	3.81	0.0326247
91	107	100	83	-3.34	0.032994
91	107	83	99	3.28	0.0330488
91	107	99	82	-3.01	0.0333223
90	106	89	105	77.19	0.0301296
90	106	105	88	-50.63	0.0301975
90	106	88	104	31.29	0.0303196
90	106	104	87	-22.25	0.0304494
90	106	87	103	16.47	0.0306072
90	106	103	86	-12.4	0.0308065
90	106	86	102	11.02	0.0309074
90	106	102	85	-8.83	0.0311325
90	106	85	101	7.52	0.0313298
90	106	101	84	-6.33	0.0315798
90	106	84	100	6.07	0.0316474
90	106	100	83	-5.3	0.0318868
90	106	83	99	5.2	0.0319231
90	106	99	82	-4.78	0.0320921
90	106	82	98	4.14	0.0324155
90	106	98	81	-3.92	0.032551
89	105	88	104	81.12	0.0301233
89	105	104	87	-51.71	0.0301934
89	105	87	103	33.22	0.030301
89	105	103	86	-23.93	0.0304179
89	105	86	102	20.16	0.030496
89	105	102	85	-15.84	0.0306313
89	105	85	101	14.69	0.0306807
89	105	101	84	-12.29	0.0308137
89	105	84	100	10.44	0.0309579
89	105	100	83	-9.11	0.0310977
89	105	83	99	8.89	0.0311249
89	105	99	82	-8.19	0.031221
89	105	82	98	7.05	0.0314184
89	105	98	81	-6.7	0.0314925
89	105	81	97	5.48	0.0318248
88	104	87	103	72.54	0.0301379
88	104	103	86	-43.18	0.0302316
88	104	86	102	35.25	0.0302837
88	104	102	85	-25.5	0.0303922
88	104	85	101	23.41	0.0304272
88	104	101	84	-18.78	0.0305325
88	104	84	100	17.7	0.030565
88	104	100	83	-15.02	0.0306658
88	104	83	99	13.04	0.0307669
88	104	99	82	-11.83	0.0308453
88	104	82	98	10.19	0.0309814
88	104	98	81	-9.61	0.0310406
88	104	81	97	7.79	0.0312837
87	103	82	98	14.71	0.0306798
87	103	98	81	-13.63	0.0307337
87	103	81	97	11.12	0.0308993
86	102	81	97	13.82	0.0307236
112	128	111	127	38.72	0.0302583
112	128	127	110	-28	0.0303571
112	128	110	126	16.09	0.0306215
112	128	126	109	-12.25	0.0308163
112	128	109	125	8.28	0.0312077
112	128	125	108	-6.52	0.0315337
112	128	108	124	4.69	0.0321322
112	128	124	107	-3.78	0.0326455
112	128	107	123	2.78	0.0335971
112	128	123	106	-2.22	0.0345045
112	128	106	122	1.67	0.035988
112	128	122	105	-1.31	0.0376336
112	128	105	121	0.99	0.040101
112	128	121	104	-0.84	0.0419048
112	128	104	120	0.6	0.0466667
112	128	120	103	-0.5	0.05
111	127	110	126	81.42	0.0301228
111	127	126	109	-56.37	0.0301774
111	127	109	125	32.16	0.0303109
111	127	125	108	-23.72	0.0304216
111	127	108	124	15.77	0.0306341
111	127	124	107	-12.12	0.0308251
111	127	107	123	8.45	0.0311834
111	127	123	106	-6.5	0.0315385
111	127	106	122	4.16	0.0324038
111	127	122	105	-3.2	0.033125
111	127	105	121	2.3	0.0343478
111	127	121	104	-1.95	0.0351282
111	127	104	120	1.33	0.0375188
111	127	120	103	-1.13	0.0388496
111	127	103	119	0.71	0.0440845
111	127	119	102	-0.66	0.0451515
110	126	109	125	92.31	0.0301083
110	126	125	108	-63.89	0.0301565
110	126	108	124	37.68	0.0302654
110	126	124	107	-27.36	0.0303655
110	126	107	123	18.36	0.0305447
110	126	123	106	-13.37	0.0307479
110	126	106	122	9.4	0.0310638
110	126	122	105	-6.84	0.031462
110	126	105	121	4.37	0.0322883
110	126	121	104	-3.57	0.0328011
110	126	104	120	2.41	0.0341494
110	126	120	103	-1.99	0.0350251
110	126	103	119	1.26	0.0379365
110	126	119	102	-1.14	0.0387719
110	126	102	118	0.49	0.0504082
110	126	118	101	-0.45	0.0522222
109	125	108	124	99.29	0.0301007
109	125	124	107	-68.88	0.0301452
109	125	107	123	39.81	0.0302512
109	125	123	106	-27.61	0.0303622
109	125	106	122	18.27	0.0305473
109	125	122	105	-12.82	0.03078
109	125	105	121	8.81	0.0311351
109	125	121	104	-7.06	0.0314164
109	125	104	120	4.15	0.0324096
109	125	120	103	-3.38	0.0329586
109	125	103	119	2.1	0.0347619
109	125	119	102	-1.88	0.0353191
109	125	102	118	0.81	0.0423457
109	125	118	101	-0.74	0.0435135
109	125	101	117	0.29	0.0644828
109	125	117	100	-0.25	0.07
108	124	107	123	98.63	0.0301014
108	124	123	106	-64.66	0.0301547
108	124	106	122	36.5	0.030274
108	124	122	105	-24.82	0.0304029
108	124	105	121	15.87	0.0306301
108	124	121	104	-12.55	0.0307968
108	124	104	120	7.93	0.031261
108	124	120	103	-6.4	0.0315625
108	124	103	119	3.44	0.032907
108	124	119	102	-3.07	0.0332573
108	124	102	118	1.29	0.0377519
108	124	118	101	-1.16	0.0386207
108	124	101	117	0.45	0.0522222
108	124	117	100	-0.39	0.055641
108	124	100	116	0.24	0.0716667
108	124	116	99	-0.22	0.0754545
107	123	106	122	90.42	0.0301106
107	123	122	105	-57.85	0.0301729
107	123	105	121	31.17	0.0303208
107	123	121	104	-24.2	0.0304132
107	123	104	120	14.11	0.0307087
107	123	120	103	-11.24	0.0308897
107	123	103	119	6.49	0.0315408
107	123	119	102	-5.72	0.0317483
107	123	102	118	2.09	0.0347847
107	123	118	101	-1.86	0.0353763
107	123	101	117	0.71	0.0440845
107	123	117	100	-0.6	0.0466667
107	123	100	116	0.37	0.057027
107	123	116	99	-0.33	0.060303
107	123	99	115	0.56	0.0478571
107	123	115	98	-0.58	0.0472414
106	122	105	121	79.27	0.0301262
106	122	121	104	-58.53	0.0301709
106	122	104	120	28.36	0.0303526
106	122	120	103	-21.96	0.0304554
106	122	103	119	11.84	0.0308446
106	122	119	102	-10.21	0.0309794
106	122	102	118	4.04	0.0324752
106	122	118	101	-3.53	0.0328329
106	122	101	117	1.21	0.0382645
106	122	117	100	-0.98	0.0402041
106	122	100	116	0.6	0.0466667
106	122	116	99	-0.51	0.0496078
106	122	99	115	0.96	0.0404167
106	122	115	98	-0.88	0.0413636
106	122	98	114	0.39	0.055641
106	122	114	97	-0.28	0.0657143
105	121	104	120	71.23	0.0301404
105	121	120	103	-51.95	0.0301925
105	121	103	119	24.15	0.0304141
105	121	119	102	-20.09	0.0304978
105	121	102	118	7.65	0.0313072
105	121	118	101	-6.44	0.0315528
105	121	101	117	2.47	0.0340486
105	121	117	100	-1.9	0.0352632
105	121	100	116	0.98	0.0402041
105	121	116	99	-0.8	0.0425
105	121	99	115	1.71	0.035848
105	121	115	98	-1.35	0.0374074
105	121	98	114	0.4	0.055
105	121	114	97	-0.39	100000
105	121	97	113	1.33	0.0375188
104	120	103	119	56.16	0.0301781
104	120	119	102	-47.89	0.0302088
104	120	102	118	14.1	0.0307092
104	120	118	101	-11.92	0.0308389
104	120	101	117	4.02	0.0324876
104	120	117	100	-3.02	0.0333113
104	120	100	116	1.74	0.0357471
104	120	116	99	-1.39	0.0371942
104	120	99	115	2.32	0.0343103
104	120	115	98	-1.75	0.0357143
104	120	98	114	0.51	0.0496078
104	120	114	97	-0.53	100000
104	120	97	113	1.62	0.0361728
103	119	102	118	32.8	0.0303049
103	119	118	101	-29.26	0.0303418
103	119	101	117	6.69	0.0314948
103	119	117	100	-5.21	0.0319194
103	119	100	116	2.58	0.033876
103	119	116	99	-2.09	0.0347847
103	119	99	115	3.27	0.0330581
103	119	115	98	-2.46	0.034065
103	119	98	114	0.95	0.0405263
103	119	114	97	-0.06	0.196667
103	119	97	113	2.15	0.0346512
102	118	101	117	14.17	0.0307057
102	118	117	100	-11.64	0.0308591
102	118	100	116	3.94	0.0325381
102	118	116	99	-3.25	0.0330769
102	118	99	115	2.96	0.0333784
102	118	115	98	-2.38	0.0342017
102	118	98	114	1.75	0.0357143
102	118	114	97	-1.19	0.0384034
102	118	97	113	1.92	0.0352083
128	144	127	143	55.29	0.0301809
128	144	143	126	-43.01	0.0302325
128	144	126	142	20.93	0.0304778
128	144	142	125	-16.81	0.0305949
128	144	125	141	10.33	0.0309681
128	144	141	124	-8.54	0.031171
128	144	124	140	5.67	0.0317637
128	144	140	123	-4.75	0.0321053
128	144	123	139	2.91	0.0334364
128	144	139	122	-2.5	0.034
128	144	122	138	1.82	0.0354945
128	144	138	121	-1.61	0.0362112
128	144	121	137	1.21	0.0382645
128	144	137	120	-1.09	0.0391743
128	144	120	136	0.85	0.0417647
128	144	136	119	-0.79	0.0426582
127	143	126	142	84.52	0.0301183
127	143	142	125	-59.93	0.0301669
127	143	125	141	33.16	0.0303016
127	143	141	124	-25.16	0.0303975
127	143	124	140	16.3	0.0306135
127	143	140	123	-12.71	0.0307868
127	143	123	139	8.82	0.0311338
127	143	139	122	-7.11	0.0314065
127	143	122	138	4.6	0.0321739
127	143	138	121	-3.83	0.032611
127	143	121	137	2.9	0.0334483
127	143	137	120	-2.44	0.0340984
127	143	120	136	1.91	0.0352356
127	143	136	119	-1.66	0.0360241
127	143	119	135	1.34	0.0374627
127	143	135	118	-1.23	0.0381301
126	142	125	141	92.5	0.0301081
126	142	141	124	-65.86	0.0301518
126	142	124	140	36.62	0.0302731
126	142	140	123	-27.65	0.0303617
126	142	123	139	17.97	0.0305565
126	142	139	122	-14.13	0.0307077
126	142	122	138	9.9	0.0310101
126	142	138	121	-8.09	0.0312361
126	142	121	137	5.33	0.0318762
126	142	137	120	-4.39	0.0322779
126	142	120	136	3.37	0.0329674
126	142	136	119	-2.87	0.0334843
126	142	119	135	2.27	0.0344053
126	142	135	118	-2.04	0.034902
126	142	118	134	1.65	0.0360606
126	142	134	117	-1.63	0.036135
125	141	124	140	97.73	0.0301023
125	141	140	123	-68.29	0.0301464
125	141	123	139	38.03	0.030263
125	141	139	122	-28.77	0.0303476
125	141	122	138	18.87	0.0305299
125	141	138	121	-15	0.0306667
125	141	121	137	10.66	0.0309381
125	141	137	120	-8.57	0.0311669
125	141	120	136	5.75	0.0317391
125	141	136	119	-4.77	0.0320964
125	141	119	135	3.7	0.0327027
125	141	135	118	-3.22	0.0331056
125	141	118	134	2.55	0.0339216
125	141	134	117	-2.48	0.0340323
125	141	117	133	2.08	0.0348077
125	141	133	116	-2.09	0.0347847
124	140	123	139	96.59	0.0301035
124	140	139	122	-68.12	0.0301468
124	140	122	138	38.11	0.0302624
124	140	138	121	-29.29	0.0303414
124	140	121	137	19.49	0.0305131
124	140	137	120	-15.22	0.030657
124	140	120	136	10.96	0.0309124
124	140	136	119	-8.88	0.0311261
124	140	119	135	5.98	0.0316722
124	140	135	118	-5.03	0.0319881
124	140	118	134	3.88	0.0325773
124	140	134	117	-3.71	0.0326954
124	140	117	133	3.05	0.0332787
124	140	133	116	-3.05	0.0332787
124	140	116	132	2.64	0.0337879
124	140	132	115	-2.15	0.0346512
123	139	122	138	94.17	0.0301062
123	139	138	121	-67.29	0.0301486
123	139	121	137	38.49	0.0302598
123	139	137	120	-28.87	0.0303464
123	139	120	136	19.53	0.030512
123	139	136	119	-15.34	0.0306519
123	139	119	135	11.11	0.0309001
123	139	135	118	-9.02	0.0311086
123	139	118	134	5.96	0.0316779
123	139	134	117	-5.56	0.0317986
123	139	117	133	4.45	0.0322472
123	139	133	116	-4.42	0.0322624
123	139	116	132	3.76	0.0326596
123	139	132	115	-3.06	0.033268
123	139	115	131	2.67	0.0337453
123	139	131	114	-3.26	0.0330675
122	138	121	137	95.36	0.0301049
122	138	137	120	-65.62	0.0301524
122	138	120	136	38.08	0.0302626
122	138	136	119	-28.77	0.0303476
122	138	119	135	19.41	0.0305152
122	138	135	118	-15.13	0.0306609
122	138	118	134	10.71	0.0309337
122	138	134	117	-9.72	0.0310288
122	138	117	133	6.62	0.0315106
122	138	133	116	-6.53	0.0315314
122	138	116	132	5.41	0.0318484
122	138	132	115	-4.43	0.0322573
122	138	115	131	3.78	0.0326455
122	138	131	114	-4.62	0.0321645
122	138	114	130	4.24	0.0323585
122	138	130	113	-2.96	0.0333784
121	137	120	136	92.59	0.030108
121	137	136	119	-65.82	0.0301519
121	137	119	135	37.3	0.0302681
121	137	135	118	-27.9	0.0303584
121	137	118	134	18.01	0.0305552
121	137	134	117	-15.85	0.0306309
121	137	117	133	11.42	0.0308757
121	137	133	116	-11.17	0.0308953
121	137	116	132	7.88	0.031269
121	137	132	115	-6.48	0.0315432
121	137	115	131	5.38	0.0318587
121	137	131	114	-6.53	0.0315314
121	137	114	130	5.9	0.0316949
121	137	130	113	-4.14	0.0324155
121	137	113	129	3.74	0.0326738
120	136	119	135	92.79	0.0301078
120	136	135	118	-62.95	0.0301589
120	136	118	134	33.74	0.0302964
120	136	134	117	-28.15	0.0303552
120	136	117	133	18.38	0.0305441
120	136	133	116	-17.7	0.030565
120	136	116	132	13.34	0.0307496
120	136	132	115	-11.08	0.0309025
120	136	115	131	7.89	0.0312674
120	136	131	114	-9.52	0.0310504
120	136	114	130	8.43	0.0311862
120	136	130	113	-5.93	0.0316863
120	136	113	129	5.28	0.0318939
119	135	118	134	83.63	0.0301196
119	135	134	117	-62.82	0.0301592
119	135	117	133	32.57	0.030307
119	135	133	116	-30.48	0.0303281
119	135	116	132	20.87	0.0304792
119	135	132	115	-17.5	0.0305714
119	135	115	131	13.26	0.0307541
119	135	131	114	-15.87	0.0306301
119	135	114	130	12.07	0.0308285
119	135	130	113	-8.53	0.0311723
119	135	113	129	7.45	0.0313423
118	134	113	129	10.95	0.0309132
