144# Number of sensors
#x	z
1.75	-0.1
1.75	-0.2
1.75	-0.3
1.75	-0.4
1.75	-0.5
1.75	-0.6
1.75	-0.7
1.75	-0.8
1.75	-0.9
1.75	-1
1.75	-1.1
1.75	-1.2
1.75	-1.3
1.75	-1.4
1.75	-1.5
1.75	-1.6
2.25	-0.1
2.25	-0.2
2.25	-0.3
2.25	-0.4
2.25	-0.5
2.25	-0.6
2.25	-0.7
2.25	-0.8
2.25	-0.9
2.25	-1
2.25	-1.1
2.25	-1.2
2.25	-1.3
2.25	-1.4
2.25	-1.5
2.25	-1.6
2.75	-0.1
2.75	-0.2
2.75	-0.3
2.75	-0.4
2.75	-0.5
2.75	-0.6
2.75	-0.7
2.75	-0.8
2.75	-0.9
2.75	-1
2.75	-1.1
2.75	-1.2
2.75	-1.3
2.75	-1.4
2.75	-1.5
2.75	-1.6
3.25	-0.1
3.25	-0.2
3.25	-0.3
3.25	-0.4
3.25	-0.5
3.25	-0.6
3.25	-0.7
3.25	-0.8
3.25	-0.9
3.25	-1
3.25	-1.1
3.25	-1.2
3.25	-1.3
3.25	-1.4
3.25	-1.5
3.25	-1.6
3.75	-0.1
3.75	-0.2
3.75	-0.3
3.75	-0.4
3.75	-0.5
3.75	-0.6
3.75	-0.7
3.75	-0.8
3.75	-0.9
3.75	-1
3.75	-1.1
3.75	-1.2
3.75	-1.3
3.75	-1.4
3.75	-1.5
3.75	-1.6
4.25	-0.1
4.25	-0.2
4.25	-0.3
4.25	-0.4
4.25	-0.5
4.25	-0.6
4.25	-0.7
4.25	-0.8
4.25	-0.9
4.25	-1
4.25	-1.1
4.25	-1.2
4.25	-1.3
4.25	-1.4
4.25	-1.5
4.25	-1.6
4.75	-0.1
4.75	-0.2
4.75	-0.3
4.75	-0.4
4.75	-0.5
4.75	-0.6
4.75	-0.7
4.75	-0.8
4.75	-0.9
4.75	-1
4.75	-1.1
4.75	-1.2
4.75	-1.3
4.75	-1.4
4.75	-1.5
4.75	-1.6
5.25	-0.1
5.25	-0.2
5.25	-0.3
5.25	-0.4
5.25	-0.5
5.25	-0.6
5.25	-0.7
5.25	-0.8
5.25	-0.9
5.25	-1
5.25	-1.1
5.25	-1.2
5.25	-1.3
5.25	-1.4
5.25	-1.5
5.25	-1.6
5.75	-0.1
5.75	-0.2
5.75	-0.3
5.75	-0.4
5.75	-0.5
5.75	-0.6
5.75	-0.7
5.75	-0.8
5.75	-0.9
5.75	-1
5.75	-1.1
5.75	-1.2
5.75	-1.3
5.75	-1.4
5.75	-1.5
5.75	-1.6
1256# Number of data
#a	b	m	n	R	err
16	32	15	31	64.92	0.030154
16	32	31	14	-42.72	0.0302341
16	32	14	30	23.12	0.0304325
16	32	30	13	-19.31	0.0305179
16	32	13	29	12.53	0.0307981
16	32	29	12	-11.34	0.0308818
16	32	12	28	8.59	0.0311641
16	32	28	11	-6.86	0.0314577
16	32	11	27	5.3	0.0318868
16	32	27	10	-3.5	0.0328571
16	32	10	26	2.83	0.0335336
16	32	26	9	-2.1	0.0347619
16	32	9	25	1.74	0.0357471
16	32	25	8	-1.38	0.0372464
16	32	8	24	1.17	0.038547
16	32	24	7	-0.97	0.0403093
15	31	14	30	74.83	0.0301336
15	31	30	13	-60.72	0.0301647
15	31	13	29	36.69	0.0302726
15	31	29	12	-33.39	0.0302995
15	31	12	28	24.92	0.0304013
15	31	28	11	-19.44	0.0305144
15	31	11	27	15.56	0.0306427
15	31	27	10	-9.58	0.0310438
15	31	10	26	7.08	0.0314124
15	31	26	9	-4.94	0.0320243
15	31	9	25	4.06	0.0324631
15	31	25	8	-3.09	0.0332362
15	31	8	24	2.6	0.0338462
15	31	24	7	-2.06	0.0348544
15	31	7	23	1.77	0.0356497
15	31	23	6	-1.46	0.0368493
14	30	13	29	87.21	0.0301147
14	30	29	12	-78.26	0.0301278
14	30	12	28	54.1	0.0301848
14	30	28	11	-41.94	0.0302384
14	30	11	27	32.71	0.0303057
14	30	27	10	-19.32	0.0305176
14	30	10	26	15.22	0.030657
14	30	26	9	-10.3	0.0309709
14	30	9	25	7.25	0.0313793
14	30	25	8	-5.37	0.0318622
14	30	8	24	4.47	0.0322371
14	30	24	7	-3.46	0.0328902
14	30	7	23	2.94	0.0334014
14	30	23	6	-2.37	0.0342194
14	30	6	22	2.06	0.0348544
14	30	22	5	-1.67	0.035988
13	29	12	28	92.49	0.0301081
13	29	28	11	-73.25	0.0301365
13	29	11	27	47.18	0.030212
13	29	27	10	-31.6	0.0303165
13	29	10	26	22.09	0.0304527
13	29	26	9	-16.14	0.0306196
13	29	9	25	12.12	0.0308251
13	29	25	8	-9.46	0.0310571
13	29	8	24	6.41	0.0315601
13	29	24	7	-5.17	0.0319342
13	29	7	23	4.15	0.0324096
13	29	23	6	-3.48	0.0328736
13	29	6	22	2.86	0.0334965
13	29	22	5	-2.4	0.0341667
13	29	5	21	2.06	0.0348544
13	29	21	4	-1.83	0.0354645
12	28	11	27	84.86	0.0301178
12	28	27	10	-61.65	0.0301622
12	28	10	26	36.33	0.0302753
12	28	26	9	-27.94	0.0303579
12	28	9	25	19.02	0.0305258
12	28	25	8	-15.3	0.0306536
12	28	8	24	11.13	0.0308985
12	28	24	7	-9.2	0.031087
12	28	7	23	6.13	0.0316313
12	28	23	6	-5.22	0.0319157
12	28	6	22	4.1	0.032439
12	28	22	5	-3.51	0.032849
12	28	5	21	2.88	0.0334722
12	28	21	4	-2.6	0.0338462
12	28	4	20	2.19	0.0345662
12	28	20	3	-2.05	0.034878
11	27	10	26	86.44	0.0301157
11	27	26	9	-62.85	0.0301591
11	27	9	25	38.11	0.0302624
11	27	25	8	-29.64	0.0303374
11	27	8	24	20.2	0.030495
11	27	24	7	-16.26	0.030615
11	27	7	23	11.83	0.0308453
11	27	23	6	-9.89	0.0310111
11	27	6	22	6.55	0.0315267
11	27	22	5	-5.48	0.0318248
11	27	5	21	4.4	0.0322727
11	27	21	4	-3.93	0.0325445
11	27	4	20	3.24	0.0330864
11	27	20	3	-3.01	0.0333223
11	27	3	19	2.68	0.0337313
11	27	19	2	-2.52	0.0339683
10	26	9	25	96.66	0.0301035
10	26	25	8	-69.46	0.030144
10	26	8	24	42.64	0.0302345
10	26	24	7	-32.58	0.0303069
10	26	7	23	22.47	0.030445
10	26	23	6	-18.07	0.0305534
10	26	6	22	13.36	0.0307485
10	26	22	5	-10.68	0.0309363
10	26	5	21	7.33	0.0313643
10	26	21	4	-6.37	0.0315699
10	26	4	20	5.17	0.0319342
10	26	20	3	-4.74	0.0321097
10	26	3	19	4.19	0.0323866
10	26	19	2	-3.9	0.0325641
10	26	2	18	3.69	0.03271
10	26	18	1	-3.41	0.0329326
9	25	8	24	101.62	0.0300984
9	25	24	7	-72.67	0.0301376
9	25	7	23	44.79	0.0302233
9	25	23	6	-34.57	0.0302893
9	25	6	22	24.09	0.0304151
9	25	22	5	-18.38	0.0305441
9	25	5	21	13.87	0.030721
9	25	21	4	-11.79	0.0308482
9	25	4	20	8.07	0.0312392
9	25	20	3	-7.28	0.0313736
9	25	3	19	6.34	0.0315773
9	25	19	2	-5.87	0.0317036
9	25	2	18	5.51	0.0318149
9	25	18	1	-5.04	0.0319841
9	25	1	17	4.74	0.0321097
8	24	7	23	106.15	0.0300942
8	24	23	6	-76.89	0.0301301
8	24	6	22	48.27	0.0302072
8	24	22	5	-34.51	0.0302898
8	24	5	21	24.34	0.0304108
8	24	21	4	-20.09	0.0304978
8	24	4	20	14.97	0.030668
8	24	20	3	-13.29	0.0307524
8	24	3	19	9.77	0.0310235
8	24	19	2	-8.95	0.0311173
8	24	2	18	8.32	0.0312019
8	24	18	1	-7.5	0.0313333
8	24	1	17	7	0.0314286
7	23	6	22	116.5	0.0300858
7	23	22	5	-76.68	0.0301304
7	23	5	21	47.7	0.0302096
7	23	21	4	-38.05	0.0302628
7	23	4	20	25.94	0.0303855
7	23	20	3	-22.51	0.0304442
7	23	3	19	18.45	0.030542
7	23	19	2	-16.73	0.0305977
7	23	2	18	13.3	0.0307519
7	23	18	1	-11.78	0.0308489
7	23	1	17	10.86	0.0309208
6	22	1	17	16.54	0.0306046
3	19	2	18	253.56	0.0300394
3	19	18	1	-177.96	0.0300562
3	19	1	17	132.95	0.0300752
2	18	1	17	689.4	0.0300145
32	48	31	47	64.06	0.0301561
32	48	47	30	-45.13	0.0302216
32	48	30	46	28.92	0.0303458
32	48	46	29	-22.12	0.0304521
32	48	29	45	13.25	0.0307547
32	48	45	28	-10.52	0.0309506
32	48	28	44	7.01	0.0314265
32	48	44	27	-5.68	0.0317606
32	48	27	43	3.91	0.0325575
32	48	43	26	-3.22	0.0331056
32	48	26	42	2.44	0.0340984
32	48	42	25	-2.09	0.0347847
32	48	25	41	1.64	0.0360976
32	48	41	24	-1.43	0.036993
32	48	24	40	1.14	0.0387719
32	48	40	23	-1	0.04
31	47	30	46	88.49	0.030113
31	47	46	29	-64.29	0.0301555
31	47	29	45	35.94	0.0302782
31	47	45	28	-27.49	0.0303638
31	47	28	44	17.56	0.0305695
31	47	44	27	-13.74	0.0307278
31	47	27	43	9.62	0.0310395
31	47	43	26	-7.68	0.0313021
31	47	26	42	5.08	0.0319685
31	47	42	25	-4.23	0.0323641
31	47	25	41	3.25	0.0330769
31	47	41	24	-2.76	0.0336232
31	47	24	40	2.17	0.0346083
31	47	40	23	-1.87	0.0353476
31	47	23	39	1.51	0.0366225
31	47	39	22	-1.33	0.0375188
30	46	29	45	85.15	0.0301174
30	46	45	28	-60.73	0.0301647
30	46	28	44	36.17	0.0302765
30	46	44	27	-26.98	0.0303706
30	46	27	43	18.31	0.0305461
30	46	43	26	-14.12	0.0307082
30	46	26	42	10.3	0.0309709
30	46	42	25	-8.33	0.0312005
30	46	25	41	5.71	0.0317513
30	46	41	24	-4.7	0.0321277
30	46	24	40	3.69	0.03271
30	46	40	23	-3.09	0.0332362
30	46	23	39	2.5	0.034
30	46	39	22	-2.14	0.0346729
30	46	22	38	1.79	0.0355866
30	46	38	21	-1.57	0.0363694
29	45	28	44	91.44	0.0301094
29	45	44	27	-64.99	0.0301539
29	45	27	43	38.81	0.0302577
29	45	43	26	-29.14	0.0303432
29	45	26	42	19.81	0.0305048
29	45	42	25	-15.76	0.0306345
29	45	25	41	11.46	0.0308726
29	45	41	24	-9.32	0.031073
29	45	24	40	6.38	0.0315674
29	45	40	23	-5.29	0.0318904
29	45	23	39	4.17	0.0323981
29	45	39	22	-3.52	0.0328409
29	45	22	38	2.88	0.0334722
29	45	38	21	-2.51	0.0339841
29	45	21	37	2.1	0.0347619
29	45	37	20	-1.86	0.0353763
28	44	27	43	94.24	0.0301061
28	44	43	26	-67.7	0.0301477
28	44	26	42	40.24	0.0302485
28	44	42	25	-31.24	0.0303201
28	44	25	41	21.09	0.0304742
28	44	41	24	-16.86	0.0305931
28	44	24	40	12.16	0.0308224
28	44	40	23	-9.95	0.031005
28	44	23	39	6.78	0.0314749
28	44	39	22	-5.68	0.0317606
28	44	22	38	4.52	0.0322124
28	44	38	21	-3.89	0.0325707
28	44	21	37	3.2	0.033125
28	44	37	20	-2.81	0.0335587
28	44	20	36	2.37	0.0342194
28	44	36	19	-2.18	0.0345872
27	43	26	42	95.6	0.0301046
27	43	42	25	-70.47	0.0301419
27	43	25	41	42.14	0.0302373
27	43	41	24	-32.56	0.0303071
27	43	24	40	21.99	0.0304548
27	43	40	23	-17.54	0.0305701
27	43	23	39	12.73	0.0307855
27	43	39	22	-10.42	0.0309597
27	43	22	38	7.27	0.0313755
27	43	38	21	-6.15	0.031626
27	43	21	37	4.95	0.0320202
27	43	37	20	-4.26	0.0323474
27	43	20	36	3.54	0.0328249
27	43	36	19	-3.23	0.033096
27	43	19	35	2.84	0.0335211
27	43	35	18	-2.7	0.0337037
26	42	25	41	99.73	0.0301003
26	42	41	24	-72.49	0.030138
26	42	24	40	43.48	0.03023
26	42	40	23	-33.27	0.0303006
26	42	23	39	22.69	0.0304407
26	42	39	22	-18.01	0.0305552
26	42	22	38	13.38	0.0307474
26	42	38	21	-11.05	0.030905
26	42	21	37	7.8	0.0312821
26	42	37	20	-6.55	0.0315267
26	42	20	36	5.31	0.0318832
26	42	36	19	-4.77	0.0320964
26	42	19	35	4.14	0.0324155
26	42	35	18	-3.91	0.0325575
26	42	18	34	3.65	0.0327397
26	42	34	17	-3.44	0.032907
25	41	24	40	102.92	0.0300972
25	41	40	23	-74.55	0.0301341
25	41	23	39	44.85	0.030223
25	41	39	22	-34.66	0.0302885
25	41	22	38	23.81	0.03042
25	41	38	21	-19.2	0.0305208
25	41	21	37	14.36	0.0306964
25	41	37	20	-11.77	0.0308496
25	41	20	36	8.2	0.0312195
25	41	36	19	-7.24	0.0313812
25	41	19	35	6.14	0.0316287
25	41	35	18	-5.74	0.0317422
25	41	18	34	5.32	0.0318797
25	41	34	17	-4.97	0.0320121
25	41	17	33	4.83	0.0320704
24	40	23	39	105.76	0.0300946
24	40	39	22	-76.76	0.0301303
24	40	22	38	47.07	0.0302124
24	40	38	21	-36.73	0.0302723
24	40	21	37	25.57	0.0303911
24	40	37	20	-20.33	0.0304919
24	40	20	36	14.92	0.0306702
24	40	36	19	-12.94	0.0307728
24	40	19	35	9.46	0.0310571
24	40	35	18	-8.75	0.0311429
24	40	18	34	7.99	0.0312516
24	40	34	17	-7.4	0.0313514
24	40	17	33	7.11	0.0314065
23	39	22	38	115.47	0.0300866
23	39	38	21	-85.93	0.0301164
23	39	21	37	52.43	0.0301907
23	39	37	20	-39.96	0.0302503
23	39	20	36	26.56	0.0303765
23	39	36	19	-22.53	0.0304439
23	39	19	35	17.77	0.0305627
23	39	35	18	-15.9	0.0306289
23	39	18	34	12.62	0.0307924
23	39	34	17	-11.55	0.0308658
23	39	17	33	10.92	0.0309158
22	38	21	37	127.24	0.0300786
22	38	37	20	-90.99	0.0301099
22	38	20	36	51.34	0.0301948
22	38	36	19	-42.11	0.0302375
22	38	19	35	29.9	0.0303344
22	38	35	18	-26.89	0.0303719
22	38	18	34	23.39	0.0304275
22	38	34	17	-21.09	0.0304742
22	38	17	33	17.29	0.0305784
21	37	20	36	116.32	0.030086
21	37	36	19	-88.66	0.0301128
21	37	19	35	53.98	0.0301853
21	37	35	18	-47.07	0.0302124
21	37	18	34	39.28	0.0302546
21	37	34	17	-34.64	0.0302887
21	37	17	33	31.36	0.0303189
18	34	17	33	380.57	0.0300263
48	64	47	63	59.76	0.0301673
48	64	63	46	-44.24	0.030226
48	64	46	62	27.11	0.0303689
48	64	62	45	-18.17	0.0305504
48	64	45	61	12.5	0.0308
48	64	61	44	-9	0.0311111
48	64	44	60	6.63	0.0315083
48	64	60	43	-5.11	0.0319569
48	64	43	59	3.69	0.03271
48	64	59	42	-2.95	0.0333898
48	64	42	58	2.32	0.0343103
48	64	58	41	-1.9	0.0352632
48	64	41	57	1.54	0.0364935
48	64	57	40	-1.3	0.0376923
48	64	40	56	1.07	0.0393458
48	64	56	39	-0.91	0.040989
47	63	46	62	81.6	0.0301225
47	63	62	45	-52.88	0.0301891
47	63	45	61	32.96	0.0303034
47	63	61	44	-23.01	0.0304346
47	63	44	60	16.12	0.0306203
47	63	60	43	-12.1	0.0308264
47	63	43	59	8.84	0.0311312
47	63	59	42	-6.97	0.0314347
47	63	42	58	4.78	0.0320921
47	63	58	41	-3.83	0.032611
47	63	41	57	3.03	0.0333003
47	63	57	40	-2.5	0.034
47	63	40	56	2.02	0.0349505
47	63	56	39	-1.69	0.0359172
47	63	39	55	1.39	0.0371942
47	63	55	38	-1.2	0.0383333
46	62	45	61	80.49	0.0301242
46	62	61	44	-55.63	0.0301798
46	62	44	60	33.96	0.0302945
46	62	60	43	-25.32	0.0303949
46	62	43	59	17.19	0.0305817
46	62	59	42	-13.44	0.030744
46	62	42	58	9.74	0.0310267
46	62	58	41	-7.83	0.0312771
46	62	41	57	5.42	0.031845
46	62	57	40	-4.48	0.0322321
46	62	40	56	3.46	0.0328902
46	62	56	39	-2.91	0.0334364
46	62	39	55	2.32	0.0343103
46	62	55	38	-2.01	0.0349751
46	62	38	54	1.64	0.0360976
46	62	54	37	-1.47	0.0368027
45	61	44	60	86.81	0.0301152
45	61	60	43	-60.42	0.0301655
45	61	43	59	36.74	0.0302722
45	61	59	42	-27.39	0.0303651
45	61	42	58	18.9	0.0305291
45	61	58	41	-14.67	0.0306817
45	61	41	57	10.78	0.0309276
45	61	57	40	-8.67	0.0311534
45	61	40	56	6.04	0.0316556
45	61	56	39	-4.95	0.0320202
45	61	39	55	3.9	0.0325641
45	61	55	38	-3.3	0.0330303
45	61	38	54	2.66	0.0337594
45	61	54	37	-2.34	0.0342735
45	61	37	53	1.95	0.0351282
45	61	53	36	-1.72	0.035814
44	60	43	59	89.55	0.0301117
44	60	59	42	-62.07	0.0301611
44	60	42	58	38.63	0.0302589
44	60	58	41	-28.49	0.030351
44	60	41	57	20	0.0305
44	60	57	40	-15.49	0.0306456
44	60	40	56	11.33	0.0308826
44	60	56	39	-9	0.0311111
44	60	39	55	6.47	0.0315456
44	60	55	38	-5.33	0.0318762
44	60	38	54	4.23	0.0323641
44	60	54	37	-3.64	0.0327473
44	60	37	53	3	0.0333333
44	60	53	36	-2.6	0.0338462
44	60	36	52	2.25	0.0344444
44	60	52	35	-2.03	0.0349261
43	59	42	58	92.59	0.030108
43	59	58	41	-64.01	0.0301562
43	59	41	57	40.07	0.0302496
43	59	57	40	-29.64	0.0303374
43	59	40	56	20.4	0.0304902
43	59	56	39	-15.7	0.0306369
43	59	39	55	11.79	0.0308482
43	59	55	38	-9.51	0.0310515
43	59	38	54	6.74	0.0314837
43	59	54	37	-5.68	0.0317606
43	59	37	53	4.59	0.0321786
43	59	53	36	-3.89	0.0325707
43	59	36	52	3.32	0.033012
43	59	52	35	-2.96	0.0333784
43	59	35	51	2.56	0.0339062
43	59	51	34	-2.41	0.0341494
42	58	41	57	94.72	0.0301056
42	58	57	40	-65.53	0.0301526
42	58	40	56	39.77	0.0302514
42	58	56	39	-29.2	0.0303425
42	58	39	55	21.09	0.0304742
42	58	55	38	-16.55	0.0306042
42	58	38	54	12.17	0.0308217
42	58	54	37	-10	0.031
42	58	37	53	7.1	0.0314085
42	58	53	36	-5.9	0.0316949
42	58	36	52	4.93	0.0320284
42	58	52	35	-4.33	0.0323095
42	58	35	51	3.67	0.0327248
42	58	51	34	-3.44	0.032907
42	58	34	50	3.19	0.0331348
42	58	50	33	-2.89	0.0334602
41	57	40	56	93.23	0.0301073
41	57	56	39	-63.21	0.0301582
41	57	39	55	42.88	0.0302332
41	57	55	38	-32.32	0.0303094
41	57	38	54	22.01	0.0304543
41	57	54	37	-17.46	0.0305727
41	57	37	53	13.08	0.0307645
41	57	53	36	-10.52	0.0309506
41	57	36	52	7.65	0.0313072
41	57	52	35	-6.57	0.0315221
41	57	35	51	5.43	0.0318416
41	57	51	34	-5.02	0.031992
41	57	34	50	4.6	0.0321739
41	57	50	33	-4.17	0.0323981
41	57	33	49	3.96	0.0325253
40	56	39	55	95	0.0301053
40	56	55	38	-64.93	0.030154
40	56	38	54	42.64	0.0302345
40	56	54	37	-31.73	0.0303152
40	56	37	53	23.12	0.0304325
40	56	53	36	-17.73	0.030564
40	56	36	52	13.95	0.0307168
40	56	52	35	-11.68	0.0308562
40	56	35	51	8.43	0.0311862
40	56	51	34	-7.68	0.0313021
40	56	34	50	6.95	0.0314388
40	56	50	33	-6.26	0.0315974
40	56	33	49	5.9	0.0316949
39	55	38	54	111.74	0.0300895
39	55	54	37	-77.83	0.0301285
39	55	37	53	48.99	0.0302041
39	55	53	36	-35.41	0.0302824
39	55	36	52	26.01	0.0303845
39	55	52	35	-20.91	0.0304782
39	55	35	51	15.85	0.0306309
39	55	51	34	-14.18	0.0307052
39	55	34	50	11.18	0.0308945
39	55	50	33	-9.97	0.031003
39	55	33	49	9.28	0.0310776
38	54	37	53	119.85	0.0300834
38	54	53	36	-79.78	0.0301253
38	54	36	52	51.63	0.0301937
38	54	52	35	-39.7	0.0302519
38	54	35	51	27.43	0.0303646
38	54	51	34	-23.98	0.030417
38	54	34	50	20.55	0.0304866
38	54	50	33	-18.1	0.0305525
38	54	33	49	14.69	0.0306807
37	53	36	52	122.09	0.0300819
37	53	52	35	-87.37	0.0301145
37	53	35	51	50.91	0.0301964
37	53	51	34	-43.08	0.0302321
37	53	34	50	35.15	0.0302845
37	53	50	33	-30.5	0.0303279
37	53	33	49	27.26	0.0303668
34	50	33	49	282.9	0.0300353
64	80	63	79	45.78	0.0302184
64	80	79	62	-28.83	0.0303469
64	80	62	78	18.57	0.0305385
64	80	78	61	-12.96	0.0307716
64	80	61	77	9.04	0.0311062
64	80	77	60	-6.62	0.0315106
64	80	60	76	5.13	0.0319493
64	80	76	59	-3.87	0.032584
64	80	59	75	3.07	0.0332573
64	80	75	58	-2.36	0.0342373
64	80	58	74	1.99	0.0350251
64	80	74	57	-1.56	0.0364103
64	80	57	73	1.34	0.0374627
64	80	73	56	-1.05	0.0395238
64	80	56	72	0.94	0.0406383
64	80	72	55	-0.76	0.0431579
63	79	62	78	77.36	0.0301293
63	79	78	61	-57.44	0.0301741
63	79	61	77	29.15	0.0303431
63	79	77	60	-22.22	0.03045
63	79	60	76	14.73	0.0306789
63	79	76	59	-11.51	0.0308688
63	79	59	75	8.3	0.0312048
63	79	75	58	-6.62	0.0315106
63	79	58	74	4.5	0.0322222
63	79	74	57	-3.65	0.0327397
63	79	57	73	2.86	0.0334965
63	79	73	56	-2.33	0.0342918
63	79	56	72	1.91	0.0352356
63	79	72	55	-1.59	0.0362893
63	79	55	71	1.34	0.0374627
63	79	71	54	-1.13	0.0388496
62	78	61	77	77.9	0.0301284
62	78	77	60	-56.14	0.0301781
62	78	60	76	32.63	0.0303065
62	78	76	59	-24.58	0.0304068
62	78	59	75	16.88	0.0305924
62	78	75	58	-13.05	0.0307663
62	78	58	74	9.6	0.0310417
62	78	74	57	-7.65	0.0313072
62	78	57	73	5.25	0.0319048
62	78	73	56	-4.19	0.0323866
62	78	56	72	3.38	0.0329586
62	78	72	55	-2.77	0.0336101
62	78	55	71	2.3	0.0343478
62	78	71	54	-1.92	0.0352083
62	78	54	70	1.62	0.0361728
62	78	70	53	-1.38	0.0372464
61	77	60	76	87.35	0.0301145
61	77	76	59	-63.74	0.0301569
61	77	59	75	36	0.0302778
61	77	75	58	-27.45	0.0303643
61	77	58	74	18.57	0.0305385
61	77	74	57	-14.65	0.0306826
61	77	57	73	10.6	0.0309434
61	77	73	56	-8.4	0.0311905
61	77	56	72	5.88	0.0317007
61	77	72	55	-4.81	0.032079
61	77	55	71	3.86	0.0325907
61	77	71	54	-3.21	0.0331153
61	77	54	70	2.64	0.0337879
61	77	70	53	-2.24	0.0344643
61	77	53	69	1.88	0.0353191
61	77	69	52	-1.64	0.0360976
60	76	59	75	89.17	0.0301121
60	76	75	58	-65.58	0.0301525
60	76	58	74	36.97	0.0302705
60	76	74	57	-28.41	0.030352
60	76	57	73	19.05	0.0305249
60	76	73	56	-14.81	0.0306752
60	76	56	72	10.93	0.0309149
60	76	72	55	-8.85	0.0311299
60	76	55	71	6.21	0.0316103
60	76	71	54	-5.1	0.0319608
60	76	54	70	4.08	0.032451
60	76	70	53	-3.43	0.0329155
60	76	53	69	2.81	0.0335587
60	76	69	52	-2.45	0.0340816
60	76	52	68	2.11	0.0347393
60	76	68	51	-1.82	0.0354945
59	75	58	74	91.55	0.0301092
59	75	74	57	-67.42	0.0301483
59	75	57	73	37.69	0.0302653
59	75	73	56	-28.31	0.0303532
59	75	56	72	19.41	0.0305152
59	75	72	55	-15.44	0.0306477
59	75	55	71	11.55	0.0308658
59	75	71	54	-9.32	0.031073
59	75	54	70	6.52	0.0315337
59	75	70	53	-5.42	0.031845
59	75	53	69	4.31	0.0323202
59	75	69	52	-3.72	0.0326882
59	75	52	68	3.14	0.0331847
59	75	68	51	-2.69	0.0337175
59	75	51	67	2.34	0.0342735
59	75	67	50	-2.16	0.0346296
58	74	57	73	90.87	0.03011
58	74	73	56	-64.84	0.0301542
58	74	56	72	37.29	0.0302682
58	74	72	55	-29.13	0.0303433
58	74	55	71	20.38	0.0304907
58	74	71	54	-15.96	0.0306266
58	74	54	70	11.82	0.030846
58	74	70	53	-9.62	0.0310395
58	74	53	69	6.66	0.0315015
58	74	69	52	-5.65	0.0317699
58	74	52	68	4.65	0.0321505
58	74	68	51	-3.93	0.0325445
58	74	51	67	3.36	0.0329762
58	74	67	50	-3.09	0.0332362
58	74	50	66	2.82	0.0335461
58	74	66	49	-2.63	0.0338023
57	73	56	72	91.05	0.0301098
57	73	72	55	-70.51	0.0301418
57	73	55	71	41.4	0.0302415
57	73	71	54	-31.04	0.0303222
57	73	54	70	21.13	0.0304733
57	73	70	53	-16.74	0.0305974
57	73	53	69	12.22	0.0308183
57	73	69	52	-10.18	0.0309823
57	73	52	68	7.31	0.031368
57	73	68	51	-6.04	0.0316556
57	73	51	67	5.04	0.0319841
57	73	67	50	-4.58	0.0321834
57	73	50	66	4.11	0.0324331
57	73	66	49	-3.82	0.0326178
57	73	49	65	3.65	0.0327397
56	72	55	71	94.85	0.0301054
56	72	71	54	-72.37	0.0301382
56	72	54	70	40.02	0.0302499
56	72	70	53	-31.38	0.0303187
56	72	53	69	20.6	0.0304854
56	72	69	52	-17.19	0.0305817
56	72	52	68	13.05	0.0307663
56	72	68	51	-10.62	0.0309416
56	72	51	67	7.64	0.0313089
56	72	67	50	-6.87	0.0314556
56	72	50	66	6.04	0.0316556
56	72	66	49	-5.57	0.0317953
56	72	49	65	5.27	0.0318975
55	71	54	70	105.58	0.0300947
55	71	70	53	-76.28	0.0301311
55	71	53	69	42.62	0.0302346
55	71	69	52	-33.11	0.030302
55	71	52	68	23.51	0.0304254
55	71	68	51	-18.25	0.0305479
55	71	51	67	14.15	0.0307067
55	71	67	50	-12.45	0.0308032
55	71	50	66	9.55	0.0310471
55	71	66	49	-8.68	0.0311521
55	71	49	65	8.13	0.03123
54	70	53	69	107.88	0.0300927
54	70	69	52	-79.43	0.0301259
54	70	52	68	46.8	0.0302137
54	70	68	51	-34.6	0.030289
54	70	51	67	24.74	0.0304042
54	70	67	50	-21.27	0.0304701
54	70	50	66	17.48	0.0305721
54	70	66	49	-15.84	0.0306313
54	70	49	65	12.86	0.0307776
53	69	52	68	120.61	0.0300829
53	69	68	51	-83.55	0.0301197
53	69	51	67	48.15	0.0302077
53	69	67	50	-40.14	0.0302491
53	69	50	66	30.48	0.0303281
53	69	66	49	-26.86	0.0303723
53	69	49	65	24	0.0304167
52	68	51	67	112.04	0.0300893
52	68	67	50	-89.31	0.030112
52	68	50	66	55.94	0.0301788
52	68	66	49	-48.1	0.0302079
52	68	49	65	40.9	0.0302445
80	96	79	95	38.26	0.0302614
80	96	95	78	-28.26	0.0303539
80	96	78	94	15.38	0.0306502
80	96	94	77	-11.66	0.0308576
80	96	77	93	7.35	0.0313605
80	96	93	76	-5.96	0.0316779
80	96	76	92	4.08	0.032451
80	96	92	75	-3.38	0.0329586
80	96	75	91	2.43	0.0341152
80	96	91	74	-2.06	0.0348544
80	96	74	90	1.52	0.0365789
80	96	90	73	-1.31	0.0376336
80	96	73	89	1.01	0.039901
80	96	89	72	-0.89	0.041236
80	96	72	88	0.71	0.0440845
80	96	88	71	-0.64	0.045625
79	95	78	94	83.82	0.0301193
79	95	94	77	-55.41	0.0301805
79	95	77	93	29.62	0.0303376
79	95	93	76	-22.24	0.0304496
79	95	76	92	14.2	0.0307042
79	95	92	75	-11.07	0.0309033
79	95	75	91	7.68	0.0313021
79	95	91	74	-6.15	0.031626
79	95	74	90	3.96	0.0325253
79	95	90	73	-3.22	0.0331056
79	95	73	89	2.42	0.0341322
79	95	89	72	-2.03	0.0349261
79	95	72	88	1.61	0.0362112
79	95	88	71	-1.39	0.0371942
79	95	71	87	1.12	0.0389286
79	95	87	70	-0.97	0.0403093
78	94	77	93	82.12	0.0301218
78	94	93	76	-58.51	0.0301709
78	94	76	92	31.58	0.0303167
78	94	92	75	-23.88	0.0304188
78	94	75	91	15.51	0.0306447
78	94	91	74	-12.15	0.030823
78	94	74	90	8.43	0.0311862
78	94	90	73	-6.73	0.0314859
78	94	73	89	4.44	0.0322523
78	94	89	72	-3.64	0.0327473
78	94	72	88	2.82	0.0335461
78	94	88	71	-2.4	0.0341667
78	94	71	87	1.91	0.0352356
78	94	87	70	-1.63	0.036135
78	94	70	86	1.36	0.0373529
78	94	86	69	-1.18	0.0384746
77	93	76	92	88.21	0.0301134
77	93	92	75	-60.36	0.0301657
77	93	75	91	33.94	0.0302946
77	93	91	74	-25.2	0.0303968
77	93	74	90	16.54	0.0306046
77	93	90	73	-12.69	0.030788
77	93	73	89	9.03	0.0311074
77	93	89	72	-7.18	0.0313928
77	93	72	88	4.93	0.0320284
77	93	88	71	-4.07	0.032457
77	93	71	87	3.2	0.033125
77	93	87	70	-2.65	0.0337736
77	93	70	86	2.21	0.0345249
77	93	86	69	-1.88	0.0353191
77	93	69	85	1.6	0.03625
77	93	85	68	-1.41	0.0370922
76	92	75	91	90.34	0.0301107
76	92	91	74	-61.99	0.0301613
76	92	74	90	34.36	0.030291
76	92	90	73	-25.18	0.0303971
76	92	73	89	16.74	0.0305974
76	92	89	72	-12.93	0.0307734
76	92	72	88	9.45	0.0310582
76	92	88	71	-7.63	0.0313106
76	92	71	87	5.24	0.0319084
76	92	87	70	-4.25	0.0323529
76	92	70	86	3.47	0.0328818
76	92	86	69	-2.89	0.0334602
76	92	69	85	2.44	0.0340984
76	92	85	68	-2.12	0.034717
76	92	68	84	1.86	0.0353763
76	92	84	67	-1.68	0.0359524
75	91	74	90	90.37	0.0301107
75	91	90	73	-60.55	0.0301652
75	91	73	89	33.81	0.0302958
75	91	89	72	-24.95	0.0304008
75	91	72	88	17.08	0.0305855
75	91	88	71	-13.37	0.0307479
75	91	71	87	9.83	0.0310173
75	91	87	70	-7.78	0.0312853
75	91	70	86	5.57	0.0317953
75	91	86	69	-4.53	0.0322075
75	91	69	85	3.74	0.0326738
75	91	85	68	-3.19	0.0331348
75	91	68	84	2.76	0.0336232
75	91	84	67	-2.47	0.0340486
75	91	67	83	2.19	0.0345662
75	91	83	66	-1.99	0.0350251
74	90	73	89	87.33	0.0301145
74	90	89	72	-59.47	0.0301682
74	90	72	88	34.23	0.0302921
74	90	88	71	-25.7	0.0303891
74	90	71	87	17.57	0.0305692
74	90	87	70	-13.47	0.0307424
74	90	70	86	10.21	0.0309794
74	90	86	69	-8.08	0.0312376
74	90	69	85	5.85	0.0317094
74	90	85	68	-4.89	0.032045
74	90	68	84	4.14	0.0324155
74	90	84	67	-3.63	0.0327548
74	90	67	83	3.19	0.0331348
74	90	83	66	-2.87	0.0334843
74	90	66	82	2.67	0.0337453
74	90	82	65	-2.52	0.0339683
73	89	72	88	93.13	0.0301074
73	89	88	71	-63.93	0.0301564
73	89	71	87	36.27	0.0302757
73	89	87	70	-26.42	0.0303785
73	89	70	86	18.37	0.0305444
73	89	86	69	-13.99	0.0307148
73	89	69	85	10.6	0.0309434
73	89	85	68	-8.6	0.0311628
73	89	68	84	6.33	0.0315798
73	89	84	67	-5.41	0.0318484
73	89	67	83	4.62	0.0321645
73	89	83	66	-4.07	0.032457
73	89	66	82	3.74	0.0326738
73	89	82	65	-3.5	0.0328571
73	89	65	81	3.33	0.033003
72	88	67	83	6.78	0.0314749
72	88	83	66	-5.86	0.0317065
72	88	66	82	5.23	0.031912
72	88	82	65	-4.85	0.0320619
72	88	65	81	4.55	0.0321978
71	87	66	82	7.77	0.031287
71	87	82	65	-7.12	0.0314045
71	87	65	81	6.51	0.0315361
70	86	65	81	9.92	0.0310081
96	112	95	111	40.6	0.0302463
96	112	111	94	-27.5	0.0303636
96	112	94	110	16.82	0.0305945
96	112	110	93	-12.47	0.0308019
96	112	93	109	8.58	0.0311655
96	112	109	92	-6.64	0.031506
96	112	92	108	4.85	0.0320619
96	112	108	91	-3.85	0.0325974
96	112	91	107	2.89	0.0334602
96	112	107	90	-2.3	0.0343478
96	112	90	106	1.73	0.0357803
96	112	106	89	-1.39	0.0371942
96	112	89	105	1.06	0.039434
96	112	105	88	-0.86	0.0416279
96	112	88	104	0.64	0.045625
96	112	104	87	-0.51	0.0496078
95	111	94	110	83.08	0.0301204
95	111	110	93	-57.18	0.0301749
95	111	93	109	32.31	0.0303095
95	111	109	92	-24.15	0.0304141
95	111	92	108	15.71	0.0306365
95	111	108	91	-12.21	0.030819
95	111	91	107	8.47	0.0311806
95	111	107	90	-6.58	0.0315198
95	111	90	106	4.12	0.0324272
95	111	106	89	-3.22	0.0331056
95	111	89	105	2.35	0.0342553
95	111	105	88	-1.84	0.0354348
95	111	88	104	1.31	0.0376336
95	111	104	87	-0.99	0.040101
95	111	87	103	0.8	0.0425
95	111	103	86	-0.61	0.0463934
94	110	93	109	92.7	0.0301079
94	110	109	92	-65.41	0.0301529
94	110	92	108	37.17	0.030269
94	110	108	91	-28.67	0.0303488
94	110	91	107	18.27	0.0305473
94	110	107	90	-14.32	0.0306983
94	110	90	106	9.29	0.0310764
94	110	106	89	-7.36	0.0313587
94	110	89	105	4.51	0.0322173
94	110	105	88	-3.58	0.0327933
94	110	88	104	2.36	0.0342373
94	110	104	87	-1.8	0.0355556
94	110	87	103	1.38	0.0372464
94	110	103	86	-1.05	0.0395238
94	110	86	102	0.98	0.0402041
94	110	102	85	-0.79	0.0426582
93	109	92	108	95.72	0.0301045
93	109	108	91	-69.02	0.0301449
93	109	91	107	38.74	0.0302581
93	109	107	90	-29.76	0.030336
93	109	90	106	17.67	0.0305659
93	109	106	89	-13.85	0.030722
93	109	89	105	8.96	0.0311161
93	109	105	88	-7.08	0.0314124
93	109	88	104	3.96	0.0325253
93	109	104	87	-2.99	0.0333445
93	109	87	103	2.21	0.0345249
93	109	103	86	-1.65	0.0360606
93	109	86	102	1.53	0.0365359
93	109	102	85	-1.22	0.0381967
93	109	85	101	1.2	0.0383333
93	109	101	84	-0.99	0.040101
92	108	91	107	96.81	0.0301033
92	108	107	90	-68.6	0.0301458
92	108	90	106	34.88	0.0302867
92	108	106	89	-26.68	0.0303748
92	108	89	105	16.12	0.0306203
92	108	105	88	-12.47	0.0308019
92	108	88	104	7.41	0.0313495
92	108	104	87	-5.47	0.0318282
92	108	87	103	3.48	0.0328736
92	108	103	86	-2.54	0.033937
92	108	86	102	2.31	0.034329
92	108	102	85	-1.8	0.0355556
92	108	85	101	1.75	0.0357143
92	108	101	84	-1.44	0.0369444
92	108	84	100	1.43	0.036993
92	108	100	83	-1.21	0.0382645
91	107	90	106	88.44	0.0301131
91	107	106	89	-61.7	0.0301621
91	107	89	105	31.96	0.0303129
91	107	105	88	-23.9	0.0304184
91	107	88	104	13.06	0.0307657
91	107	104	87	-9.34	0.0310707
91	107	87	103	6.32	0.0315823
91	107	103	86	-4.47	0.0322371
91	107	86	102	3.57	0.0328011
91	107	102	85	-2.7	0.0337037
91	107	85	101	2.64	0.0337879
91	107	101	84	-2.12	0.034717
91	107	84	100	2.09	0.0347847
91	107	100	83	-1.76	0.0356818
91	107	83	99	1.75	0.0357143
91	107	99	82	-1.56	0.0364103
90	106	89	105	84.47	0.0301184
90	106	105	88	-58.67	0.0301704
90	106	88	104	26.16	0.0303823
90	106	104	87	-17.89	0.030559
90	106	87	103	11.02	0.0309074
90	106	103	86	-7.47	0.0313387
90	106	86	102	6.43	0.0315552
90	106	102	85	-4.68	0.0321368
90	106	85	101	4.04	0.0324752
90	106	101	84	-3.17	0.0331546
90	106	84	100	3.11	0.0332154
90	106	100	83	-2.59	0.033861
90	106	83	99	2.57	0.0338911
90	106	99	82	-2.29	0.0343668
90	106	82	98	2.26	0.0344248
90	106	98	81	-2.13	0.0346948
89	105	88	104	71.08	0.0301407
89	105	104	87	-43.35	0.0302307
89	105	87	103	22.76	0.0304394
89	105	103	86	-14.49	0.0306901
89	105	86	102	11.79	0.0308482
89	105	102	85	-8.34	0.031199
89	105	85	101	7.98	0.0312531
89	105	101	84	-6.23	0.0316051
89	105	84	100	5.42	0.031845
89	105	100	83	-4.54	0.0322026
89	105	83	99	4.47	0.0322371
89	105	99	82	-4.02	0.0324876
89	105	82	98	3.96	0.0325253
89	105	98	81	-3.76	0.0326596
89	105	81	97	3.18	0.0331447
88	104	87	103	61.22	0.0301633
88	104	103	86	-33	0.030303
88	104	86	102	23.94	0.0304177
88	104	102	85	-15.51	0.0306447
88	104	85	101	14.59	0.0306854
88	104	101	84	-10.96	0.0309124
88	104	84	100	10.58	0.0309452
88	104	100	83	-8.74	0.0311442
88	104	83	99	7.57	0.031321
88	104	99	82	-6.79	0.0314728
88	104	82	98	6.69	0.0314948
88	104	98	81	-6.36	0.0315723
88	104	81	97	5.25	0.0319048
87	103	82	98	10.24	0.0309766
87	103	98	81	-9.54	0.0310482
87	103	81	97	7.91	0.0312642
86	102	81	97	10.5	0.0309524
112	128	111	127	38.74	0.0302581
112	128	127	110	-28.02	0.0303569
112	128	110	126	16.1	0.0306211
112	128	126	109	-12.25	0.0308163
112	128	109	125	8.28	0.0312077
112	128	125	108	-6.52	0.0315337
112	128	108	124	4.69	0.0321322
112	128	124	107	-3.78	0.0326455
112	128	107	123	2.78	0.0335971
112	128	123	106	-2.23	0.0344843
112	128	106	122	1.69	0.0359172
112	128	122	105	-1.4	0.0371429
112	128	105	121	1.08	0.0392593
112	128	121	104	-0.92	0.0408696
112	128	104	120	0.7	0.0442857
112	128	120	103	-0.65	0.0453846
111	127	110	126	81.35	0.0301229
111	127	126	109	-56.3	0.0301776
111	127	109	125	32.12	0.0303113
111	127	125	108	-23.68	0.0304223
111	127	108	124	15.75	0.0306349
111	127	124	107	-12.1	0.0308264
111	127	107	123	8.44	0.0311848
111	127	123	106	-6.53	0.0315314
111	127	106	122	4.19	0.0323866
111	127	122	105	-3.39	0.0329499
111	127	105	121	2.51	0.0339841
111	127	121	104	-2.1	0.0347619
111	127	104	120	1.52	0.0365789
111	127	120	103	-1.41	0.0370922
111	127	103	119	1.02	0.0398039
111	127	119	102	-0.99	0.040101
110	126	109	125	92.26	0.0301084
110	126	125	108	-63.84	0.0301566
110	126	108	124	37.65	0.0302656
110	126	124	107	-27.34	0.0303658
110	126	107	123	18.36	0.0305447
110	126	123	106	-13.42	0.0307452
110	126	106	122	9.49	0.0310537
110	126	122	105	-7.31	0.031368
110	126	105	121	4.82	0.0320747
110	126	121	104	-3.82	0.0326178
110	126	104	120	2.73	0.033663
110	126	120	103	-2.46	0.034065
110	126	103	119	1.76	0.0356818
110	126	119	102	-1.69	0.0359172
110	126	102	118	1.2	0.0383333
110	126	118	101	-1.18	0.0384746
109	125	108	124	99.24	0.0301008
109	125	124	107	-68.85	0.0301452
109	125	107	123	39.82	0.0302511
109	125	123	106	-27.74	0.0303605
109	125	106	122	18.44	0.0305423
109	125	122	105	-13.77	0.0307262
109	125	105	121	9.8	0.0310204
109	125	121	104	-7.53	0.031328
109	125	104	120	4.68	0.0321368
109	125	120	103	-4.11	0.0324331
109	125	103	119	2.89	0.0334602
109	125	119	102	-2.76	0.0336232
109	125	102	118	1.93	0.0351813
109	125	118	101	-1.89	0.035291
109	125	101	117	1.35	0.0374074
109	125	117	100	-1.32	0.0375758
108	124	107	123	98.75	0.0301013
108	124	123	106	-65.33	0.0301531
108	124	106	122	36.91	0.0302709
108	124	122	105	-26.62	0.0303757
108	124	105	121	17.79	0.0305621
108	124	121	104	-13.26	0.0307541
108	124	104	120	8.82	0.0311338
108	124	120	103	-7.57	0.031321
108	124	103	119	4.6	0.0321739
108	124	119	102	-4.36	0.0322936
108	124	102	118	2.97	0.033367
108	124	118	101	-2.9	0.0334483
108	124	101	117	2.04	0.034902
108	124	117	100	-2	0.035
108	124	100	116	1.46	0.0368493
108	124	116	99	-1.43	0.036993
107	123	106	122	91.28	0.0301096
107	123	122	105	-61.73	0.030162
107	123	105	121	35.29	0.0302834
107	123	121	104	-25.26	0.0303959
107	123	104	120	15.52	0.0306443
107	123	120	103	-12.91	0.0307746
107	123	103	119	8.34	0.031199
107	123	119	102	-7.84	0.0312755
107	123	102	118	4.61	0.0321692
107	123	118	101	-4.5	0.0322222
107	123	101	117	3.1	0.0332258
107	123	117	100	-3.02	0.0333113
107	123	100	116	2.19	0.0345662
107	123	116	99	-2.13	0.0346948
107	123	99	115	1.77	0.0356497
107	123	115	98	-1.73	0.0357803
106	122	105	121	92.11	0.0301086
106	122	121	104	-60.19	0.0301661
106	122	104	120	30.69	0.0303258
106	122	120	103	-24.15	0.0304141
106	122	103	119	14.34	0.0306974
106	122	119	102	-13.23	0.0307559
106	122	102	118	8.3	0.0312048
106	122	118	101	-8.07	0.0312392
106	122	101	117	4.87	0.0320534
106	122	117	100	-4.73	0.0321142
106	122	100	116	3.39	0.0329499
106	122	116	99	-3.3	0.0330303
106	122	99	115	2.72	0.0336765
106	122	115	98	-2.66	0.0337594
106	122	98	114	2.75	0.0336364
106	122	114	97	-2.32	0.0343103
105	121	104	120	75.27	0.0301329
105	121	120	103	-54.02	0.0301851
105	121	103	119	26.7	0.0303745
105	121	119	102	-23.92	0.0304181
105	121	102	118	13.85	0.030722
105	121	118	101	-13.38	0.0307474
105	121	101	117	8.64	0.0311574
105	121	117	100	-8.37	0.0311947
105	121	100	116	5.27	0.0318975
105	121	116	99	-5.13	0.0319493
105	121	99	115	4.19	0.0323866
105	121	115	98	-4.09	0.032445
105	121	98	114	4.22	0.0323697
105	121	114	97	-3.5	0.0328571
105	121	97	113	3.32	0.033012
104	120	103	119	65.25	0.0301533
104	120	119	102	-55.88	0.030179
104	120	102	118	25.93	0.0303857
104	120	118	101	-24.91	0.0304014
104	120	101	117	14.7	0.0306803
104	120	117	100	-14.2	0.0307042
104	120	100	116	9.56	0.031046
104	120	116	99	-9.35	0.0310695
104	120	99	115	6.44	0.0315528
104	120	115	98	-6.28	0.0315924
104	120	98	114	6.56	0.0315244
104	120	114	97	-5.38	0.0318587
104	120	97	113	5	0.032
103	119	102	118	57.47	0.030174
103	119	118	101	-55.32	0.0301808
103	119	101	117	24.93	0.0304011
103	119	117	100	-24.16	0.0304139
103	119	100	116	14.41	0.030694
103	119	116	99	-14.02	0.0307133
103	119	99	115	9.74	0.0310267
103	119	115	98	-9.52	0.0310504
103	119	98	114	9.14	0.0310941
103	119	114	97	-7.66	0.0313055
103	119	97	113	6.56	0.0315244
102	118	101	117	53.63	0.0301865
102	118	117	100	-52.26	0.0301914
102	118	100	116	22.9	0.0304367
102	118	116	99	-22.41	0.0304462
102	118	99	115	11.88	0.0308418
102	118	115	98	-11.61	0.0308613
102	118	98	114	14.01	0.0307138
102	118	114	97	-12.23	0.0308177
102	118	97	113	7.79	0.0312837
128	144	127	143	55.26	0.030181
128	144	143	126	-42.97	0.0302327
128	144	126	142	20.91	0.0304782
128	144	142	125	-16.79	0.0305956
128	144	125	141	10.33	0.0309681
128	144	141	124	-8.48	0.0311792
128	144	124	140	5.67	0.0317637
128	144	140	123	-4.75	0.0321053
128	144	123	139	2.91	0.0334364
128	144	139	122	-2.5	0.034
128	144	122	138	1.83	0.0354645
128	144	138	121	-1.62	0.0361728
128	144	121	137	1.22	0.0381967
128	144	137	120	-1.1	0.0390909
128	144	120	136	0.86	0.0416279
128	144	136	119	-0.78	0.0428205
127	143	126	142	84.43	0.0301184
127	143	142	125	-59.86	0.0301671
127	143	125	141	33.13	0.0303018
127	143	141	124	-25.14	0.0303978
127	143	124	140	16.29	0.0306139
127	143	140	123	-12.71	0.0307868
127	143	123	139	8.83	0.0311325
127	143	139	122	-7.13	0.0314025
127	143	122	138	4.63	0.0321598
127	143	138	121	-3.86	0.0325907
127	143	121	137	2.93	0.033413
127	143	137	120	-2.47	0.0340486
127	143	120	136	1.94	0.0351546
127	143	136	119	-1.66	0.0360241
127	143	119	135	1.35	0.0374074
127	143	135	118	-1.18	0.0384746
126	142	125	141	92.51	0.0301081
126	142	141	124	-65.87	0.0301518
126	142	124	140	36.63	0.030273
126	142	140	123	-27.67	0.0303614
126	142	123	139	18.01	0.0305552
126	142	139	122	-14.17	0.0307057
126	142	122	138	9.96	0.031004
126	142	138	121	-8.16	0.0312255
126	142	121	137	5.37	0.0318622
126	142	137	120	-4.43	0.0322573
126	142	120	136	3.42	0.032924
126	142	136	119	-2.88	0.0334722
126	142	119	135	2.29	0.0343668
126	142	135	118	-1.97	0.0350761
126	142	118	134	1.59	0.0362893
126	142	134	117	-1.43	0.036993
125	141	124	140	97.64	0.0301024
125	141	140	123	-68.24	0.0301465
125	141	123	139	38.04	0.0302629
125	141	139	122	-28.82	0.030347
125	141	122	138	18.94	0.030528
125	141	138	121	-15.1	0.0306623
125	141	121	137	10.78	0.0309276
125	141	137	120	-8.69	0.0311507
125	141	120	136	5.87	0.0317036
125	141	136	119	-4.83	0.0320704
125	141	119	135	3.78	0.0326455
125	141	135	118	-3.17	0.0331546
125	141	118	134	2.52	0.0339683
125	141	134	117	-2.21	0.0345249
125	141	117	133	1.83	0.0354645
125	141	133	116	-1.68	0.0359524
124	140	123	139	96.56	0.0301036
124	140	139	122	-68.18	0.0301467
124	140	122	138	38.22	0.0302616
124	140	138	121	-29.46	0.0303394
124	140	121	137	19.68	0.0305081
124	140	137	120	-15.44	0.0306477
124	140	120	136	11.2	0.0308929
124	140	136	119	-9.03	0.0311074
124	140	119	135	6.11	0.0316367
124	140	135	118	-5.02	0.031992
124	140	118	134	3.9	0.0325641
124	140	134	117	-3.35	0.0329851
124	140	117	133	2.71	0.03369
124	140	133	116	-2.46	0.034065
124	140	116	132	2.06	0.0348544
124	140	132	115	-1.72	0.035814
123	139	122	138	94.29	0.0301061
123	139	138	121	-67.56	0.030148
123	139	121	137	38.8	0.0302577
123	139	137	120	-29.27	0.0303416
123	139	120	136	19.96	0.030501
123	139	136	119	-15.65	0.030639
123	139	119	135	11.45	0.0308734
123	139	135	118	-9.19	0.0310881
123	139	118	134	6.15	0.031626
123	139	134	117	-5.16	0.031938
123	139	117	133	4.07	0.032457
123	139	133	116	-3.61	0.0327701
123	139	116	132	2.97	0.033367
123	139	132	115	-2.44	0.0340984
123	139	115	131	2.06	0.0348544
123	139	131	114	-2.3	0.0343478
122	138	121	137	95.88	0.0301043
122	138	137	120	-66.37	0.0301507
122	138	120	136	38.9	0.0302571
122	138	136	119	-29.43	0.0303398
122	138	119	135	20.12	0.030497
122	138	135	118	-15.71	0.0306365
122	138	118	134	11.34	0.0308818
122	138	134	117	-9.28	0.0310776
122	138	117	133	6.27	0.0315949
122	138	133	116	-5.44	0.0318382
122	138	116	132	4.36	0.0322936
122	138	132	115	-3.53	0.0328329
122	138	115	131	2.91	0.0334364
122	138	131	114	-3.26	0.0330675
122	138	114	130	2.9	0.0334483
122	138	130	113	-2.35	0.0342553
121	137	120	136	94.22	0.0301061
121	137	136	119	-67.13	0.030149
121	137	119	135	38.7	0.0302584
121	137	135	118	-29.39	0.0303403
121	137	118	134	19.57	0.030511
121	137	134	117	-15.65	0.030639
121	137	117	133	11.3	0.030885
121	137	133	116	-9.61	0.0310406
121	137	116	132	6.55	0.0315267
121	137	132	115	-5.22	0.0319157
121	137	115	131	4.16	0.0324038
121	137	131	114	-4.68	0.0321368
121	137	114	130	4.08	0.032451
121	137	130	113	-3.28	0.0330488
121	137	113	129	2.9	0.0334483
120	136	119	135	96.2	0.030104
120	136	135	118	-67.11	0.030149
120	136	118	134	38.02	0.030263
120	136	134	117	-29.06	0.0303441
120	136	117	133	19.4	0.0305155
120	136	133	116	-15.94	0.0306274
120	136	116	132	11.68	0.0308562
120	136	132	115	-9.06	0.0311038
120	136	115	131	6.16	0.0316234
120	136	131	114	-7.01	0.0314265
120	136	114	130	5.97	0.031675
120	136	130	113	-4.69	0.0321322
120	136	113	129	4.08	0.032451
119	135	118	134	96.93	0.0301032
119	135	134	117	-67.86	0.0301474
119	135	117	133	37.78	0.0302647
119	135	133	116	-29.41	0.03034
119	135	116	132	19.97	0.0305008
119	135	132	115	-14.8	0.0306757
119	135	115	131	10.7	0.0309346
119	135	131	114	-12.4	0.0308065
119	135	114	130	9.06	0.0311038
119	135	130	113	-6.82	0.0314663
119	135	113	129	5.81	0.0317212
118	134	113	129	8.66	0.0311547
