144# Number of sensors
#x	z
1.75	-0.1
1.75	-0.2
1.75	-0.3
1.75	-0.4
1.75	-0.5
1.75	-0.6
1.75	-0.7
1.75	-0.8
1.75	-0.9
1.75	-1
1.75	-1.1
1.75	-1.2
1.75	-1.3
1.75	-1.4
1.75	-1.5
1.75	-1.6
2.25	-0.1
2.25	-0.2
2.25	-0.3
2.25	-0.4
2.25	-0.5
2.25	-0.6
2.25	-0.7
2.25	-0.8
2.25	-0.9
2.25	-1
2.25	-1.1
2.25	-1.2
2.25	-1.3
2.25	-1.4
2.25	-1.5
2.25	-1.6
2.75	-0.1
2.75	-0.2
2.75	-0.3
2.75	-0.4
2.75	-0.5
2.75	-0.6
2.75	-0.7
2.75	-0.8
2.75	-0.9
2.75	-1
2.75	-1.1
2.75	-1.2
2.75	-1.3
2.75	-1.4
2.75	-1.5
2.75	-1.6
3.25	-0.1
3.25	-0.2
3.25	-0.3
3.25	-0.4
3.25	-0.5
3.25	-0.6
3.25	-0.7
3.25	-0.8
3.25	-0.9
3.25	-1
3.25	-1.1
3.25	-1.2
3.25	-1.3
3.25	-1.4
3.25	-1.5
3.25	-1.6
3.75	-0.1
3.75	-0.2
3.75	-0.3
3.75	-0.4
3.75	-0.5
3.75	-0.6
3.75	-0.7
3.75	-0.8
3.75	-0.9
3.75	-1
3.75	-1.1
3.75	-1.2
3.75	-1.3
3.75	-1.4
3.75	-1.5
3.75	-1.6
4.25	-0.1
4.25	-0.2
4.25	-0.3
4.25	-0.4
4.25	-0.5
4.25	-0.6
4.25	-0.7
4.25	-0.8
4.25	-0.9
4.25	-1
4.25	-1.1
4.25	-1.2
4.25	-1.3
4.25	-1.4
4.25	-1.5
4.25	-1.6
4.75	-0.1
4.75	-0.2
4.75	-0.3
4.75	-0.4
4.75	-0.5
4.75	-0.6
4.75	-0.7
4.75	-0.8
4.75	-0.9
4.75	-1
4.75	-1.1
4.75	-1.2
4.75	-1.3
4.75	-1.4
4.75	-1.5
4.75	-1.6
5.25	-0.1
5.25	-0.2
5.25	-0.3
5.25	-0.4
5.25	-0.5
5.25	-0.6
5.25	-0.7
5.25	-0.8
5.25	-0.9
5.25	-1
5.25	-1.1
5.25	-1.2
5.25	-1.3
5.25	-1.4
5.25	-1.5
5.25	-1.6
5.75	-0.1
5.75	-0.2
5.75	-0.3
5.75	-0.4
5.75	-0.5
5.75	-0.6
5.75	-0.7
5.75	-0.8
5.75	-0.9
5.75	-1
5.75	-1.1
5.75	-1.2
5.75	-1.3
5.75	-1.4
5.75	-1.5
5.75	-1.6
1256# Number of data
#a	b	m	n	R	err
16	32	15	31	64.69	0.0301546
16	32	31	14	-42.54	0.0302351
16	32	14	30	23	0.0304348
16	32	30	13	-19.19	0.0305211
16	32	13	29	12.47	0.0308019
16	32	29	12	-11.23	0.0308905
16	32	12	28	8.55	0.0311696
16	32	28	11	-6.83	0.0314641
16	32	11	27	5.29	0.0318904
16	32	27	10	-3.5	0.0328571
16	32	10	26	2.83	0.0335336
16	32	26	9	-2.09	0.0347847
16	32	9	25	1.74	0.0357471
16	32	25	8	-1.38	0.0372464
16	32	8	24	1.17	0.038547
16	32	24	7	-0.97	0.0403093
15	31	14	30	74.78	0.0301337
15	31	30	13	-60.66	0.0301649
15	31	13	29	36.68	0.0302726
15	31	29	12	-33.4	0.0302994
15	31	12	28	24.95	0.0304008
15	31	28	11	-19.45	0.0305141
15	31	11	27	15.57	0.0306423
15	31	27	10	-9.59	0.0310428
15	31	10	26	7.06	0.0314164
15	31	26	9	-4.93	0.0320284
15	31	9	25	4.05	0.0324691
15	31	25	8	-3.09	0.0332362
15	31	8	24	2.6	0.0338462
15	31	24	7	-2.06	0.0348544
15	31	7	23	1.77	0.0356497
15	31	23	6	-1.46	0.0368493
14	30	13	29	87.31	0.0301145
14	30	29	12	-78.44	0.0301275
14	30	12	28	54.21	0.0301845
14	30	28	11	-42.01	0.030238
14	30	11	27	32.74	0.0303054
14	30	27	10	-19.35	0.0305168
14	30	10	26	15.25	0.0306557
14	30	26	9	-10.38	0.0309634
14	30	9	25	7.26	0.0313774
14	30	25	8	-5.37	0.0318622
14	30	8	24	4.48	0.0322321
14	30	24	7	-3.47	0.0328818
14	30	7	23	2.95	0.0333898
14	30	23	6	-2.39	0.0341841
14	30	6	22	2.08	0.0348077
14	30	22	5	-1.68	0.0359524
13	29	12	28	92.77	0.0301078
13	29	28	11	-73.47	0.0301361
13	29	11	27	47.34	0.0302112
13	29	27	10	-31.69	0.0303156
13	29	10	26	22.22	0.03045
13	29	26	9	-16.19	0.0306177
13	29	9	25	12.16	0.0308224
13	29	25	8	-9.49	0.0310537
13	29	8	24	6.45	0.0315504
13	29	24	7	-5.21	0.0319194
13	29	7	23	4.18	0.0323923
13	29	23	6	-3.51	0.032849
13	29	6	22	2.89	0.0334602
13	29	22	5	-2.42	0.0341322
13	29	5	21	2.07	0.0348309
13	29	21	4	-1.86	0.0353763
12	28	11	27	84.94	0.0301177
12	28	27	10	-62.31	0.0301605
12	28	10	26	36.37	0.030275
12	28	26	9	-27.97	0.0303575
12	28	9	25	19.05	0.0305249
12	28	25	8	-15.32	0.0306527
12	28	8	24	11.15	0.0308969
12	28	24	7	-9.22	0.0310846
12	28	7	23	6.14	0.0316287
12	28	23	6	-5.25	0.0319048
12	28	6	22	4.12	0.0324272
12	28	22	5	-3.52	0.0328409
12	28	5	21	2.89	0.0334602
12	28	21	4	-2.62	0.0338168
12	28	4	20	2.21	0.0345249
12	28	20	3	-2.08	0.0348077
11	27	10	26	86.48	0.0301156
11	27	26	9	-62.91	0.030159
11	27	9	25	38.14	0.0302622
11	27	25	8	-29.67	0.030337
11	27	8	24	20.23	0.0304943
11	27	24	7	-16.23	0.0306161
11	27	7	23	11.86	0.0308432
11	27	23	6	-9.94	0.031006
11	27	6	22	6.59	0.0315175
11	27	22	5	-5.5	0.0318182
11	27	5	21	4.41	0.0322676
11	27	21	4	-3.95	0.0325316
11	27	4	20	3.27	0.0330581
11	27	20	3	-3.05	0.0332787
11	27	3	19	2.73	0.033663
11	27	19	2	-2.56	0.0339062
10	26	9	25	96.65	0.0301035
10	26	25	8	-69.49	0.0301439
10	26	8	24	42.67	0.0302344
10	26	24	7	-32.62	0.0303066
10	26	7	23	22.51	0.0304442
10	26	23	6	-18.14	0.0305513
10	26	6	22	13.45	0.0307435
10	26	22	5	-10.73	0.030932
10	26	5	21	7.35	0.0313605
10	26	21	4	-6.41	0.0315601
10	26	4	20	5.22	0.0319157
10	26	20	3	-4.79	0.0320877
10	26	3	19	4.27	0.0323419
10	26	19	2	-3.97	0.0325189
10	26	2	18	3.77	0.0326525
10	26	18	1	-3.47	0.0328818
9	25	8	24	101.64	0.0300984
9	25	24	7	-72.73	0.0301375
9	25	7	23	44.86	0.0302229
9	25	23	6	-34.71	0.0302881
9	25	6	22	24.26	0.0304122
9	25	22	5	-18.45	0.030542
9	25	5	21	13.9	0.0307194
9	25	21	4	-11.86	0.0308432
9	25	4	20	8.13	0.03123
9	25	20	3	-7.37	0.0313569
9	25	3	19	6.46	0.031548
9	25	19	2	-5.96	0.0316779
9	25	2	18	5.62	0.0317794
9	25	18	1	-5.12	0.0319531
9	25	1	17	4.81	0.032079
8	24	7	23	106.3	0.0300941
8	24	23	6	-77.21	0.0301295
8	24	6	22	48.64	0.0302056
8	24	22	5	-34.64	0.0302887
8	24	5	21	24.38	0.0304102
8	24	21	4	-20.21	0.0304948
8	24	4	20	15.09	0.0306627
8	24	20	3	-13.46	0.0307429
8	24	3	19	9.96	0.031004
8	24	19	2	-9.09	0.0311001
8	24	2	18	8.49	0.0311779
8	24	18	1	-7.64	0.0313089
8	24	1	17	7.11	0.0314065
7	23	6	22	117.1	0.0300854
7	23	22	5	-76.82	0.0301302
7	23	5	21	47.63	0.03021
7	23	21	4	-38.16	0.0302621
7	23	4	20	26.06	0.0303837
7	23	20	3	-22.73	0.0304399
7	23	3	19	18.8	0.0305319
7	23	19	2	-17	0.0305882
7	23	2	18	13.57	0.0307369
7	23	18	1	-12	0.0308333
7	23	1	17	11.03	0.0309066
6	22	1	17	16.81	0.0305949
3	19	2	18	264.45	0.0300378
3	19	18	1	-185.16	0.030054
3	19	1	17	137.62	0.0300727
2	18	1	17	782.02	0.0300128
32	48	31	47	63.67	0.0301571
32	48	47	30	-44.66	0.0302239
32	48	30	46	28.69	0.0303486
32	48	46	29	-21.94	0.0304558
32	48	29	45	13.18	0.0307587
32	48	45	28	-10.75	0.0309302
32	48	28	44	6.98	0.0314327
32	48	44	27	-5.66	0.0317668
32	48	27	43	3.89	0.0325707
32	48	43	26	-3.2	0.033125
32	48	26	42	2.43	0.0341152
32	48	42	25	-2.08	0.0348077
32	48	25	41	1.63	0.036135
32	48	41	24	-1.42	0.0370423
32	48	24	40	1.13	0.0388496
32	48	40	23	-1	0.04
31	47	30	46	88.11	0.0301135
31	47	46	29	-63.96	0.0301563
31	47	29	45	35.88	0.0302787
31	47	45	28	-27.44	0.0303644
31	47	28	44	17.55	0.0305698
31	47	44	27	-13.72	0.0307289
31	47	27	43	9.62	0.0310395
31	47	43	26	-7.68	0.0313021
31	47	26	42	5.09	0.0319646
31	47	42	25	-4.23	0.0323641
31	47	25	41	3.26	0.0330675
31	47	41	24	-2.74	0.0336496
31	47	24	40	2.17	0.0346083
31	47	40	23	-1.88	0.0353191
31	47	23	39	1.51	0.0366225
31	47	39	22	-1.33	0.0375188
30	46	29	45	85.4	0.0301171
30	46	45	28	-60.93	0.0301641
30	46	28	44	36.28	0.0302756
30	46	44	27	-27.06	0.0303695
30	46	27	43	18.36	0.0305447
30	46	43	26	-14.16	0.0307062
30	46	26	42	10.32	0.030969
30	46	42	25	-8.35	0.0311976
30	46	25	41	5.72	0.0317483
30	46	41	24	-4.71	0.0321231
30	46	24	40	3.7	0.0327027
30	46	40	23	-3.1	0.0332258
30	46	23	39	2.5	0.034
30	46	39	22	-2.15	0.0346512
30	46	22	38	1.8	0.0355556
30	46	38	21	-1.57	0.0363694
29	45	28	44	91.54	0.0301092
29	45	44	27	-65.06	0.0301537
29	45	27	43	38.86	0.0302573
29	45	43	26	-29.17	0.0303428
29	45	26	42	19.83	0.0305043
29	45	42	25	-15.78	0.0306337
29	45	25	41	11.47	0.0308718
29	45	41	24	-9.33	0.0310718
29	45	24	40	6.38	0.0315674
29	45	40	23	-5.29	0.0318904
29	45	23	39	4.15	0.0324096
29	45	39	22	-3.52	0.0328409
29	45	22	38	2.88	0.0334722
29	45	38	21	-2.51	0.0339841
29	45	21	37	2.11	0.0347393
29	45	37	20	-1.86	0.0353763
28	44	27	43	94.32	0.030106
28	44	43	26	-67.76	0.0301476
28	44	26	42	40.28	0.0302483
28	44	42	25	-31.27	0.0303198
28	44	25	41	21.12	0.0304735
28	44	41	24	-16.89	0.0305921
28	44	24	40	12.18	0.030821
28	44	40	23	-10.03	0.030997
28	44	23	39	6.77	0.0314771
28	44	39	22	-5.67	0.0317637
28	44	22	38	4.52	0.0322124
28	44	38	21	-3.89	0.0325707
28	44	21	37	3.2	0.033125
28	44	37	20	-2.81	0.0335587
28	44	20	36	2.37	0.0342194
28	44	36	19	-2.18	0.0345872
27	43	26	42	95.57	0.0301046
27	43	42	25	-70.45	0.0301419
27	43	25	41	42.14	0.0302373
27	43	41	24	-32.55	0.0303072
27	43	24	40	21.99	0.0304548
27	43	40	23	-17.55	0.0305698
27	43	23	39	12.72	0.0307862
27	43	39	22	-10.43	0.0309588
27	43	22	38	7.28	0.0313736
27	43	38	21	-6.16	0.0316234
27	43	21	37	4.96	0.0320161
27	43	37	20	-4.28	0.0323364
27	43	20	36	3.54	0.0328249
27	43	36	19	-3.24	0.0330864
27	43	19	35	2.87	0.0334843
27	43	35	18	-2.72	0.0336765
26	42	25	41	99.86	0.0301001
26	42	41	24	-72.59	0.0301378
26	42	24	40	43.56	0.0302296
26	42	40	23	-33.34	0.0302999
26	42	23	39	22.72	0.0304401
26	42	39	22	-18.05	0.030554
26	42	22	38	13.42	0.0307452
26	42	38	21	-11.09	0.0309017
26	42	21	37	7.83	0.0312771
26	42	37	20	-6.58	0.0315198
26	42	20	36	5.31	0.0318832
26	42	36	19	-4.78	0.0320921
26	42	19	35	4.18	0.0323923
26	42	35	18	-3.95	0.0325316
26	42	18	34	3.7	0.0327027
26	42	34	17	-3.48	0.0328736
25	41	24	40	103.06	0.030097
25	41	40	23	-74.66	0.0301339
25	41	23	39	44.88	0.0302228
25	41	39	22	-34.37	0.030291
25	41	22	38	23.88	0.0304188
25	41	38	21	-19.25	0.0305195
25	41	21	37	14.42	0.0306935
25	41	37	20	-11.83	0.0308453
25	41	20	36	8.19	0.031221
25	41	36	19	-7.25	0.0313793
25	41	19	35	6.19	0.0316155
25	41	35	18	-5.8	0.0317241
25	41	18	34	5.39	0.0318553
25	41	34	17	-5.03	0.0319881
25	41	17	33	4.88	0.0320492
24	40	23	39	105.75	0.0300946
24	40	39	22	-76.8	0.0301302
24	40	22	38	47.22	0.0302118
24	40	38	21	-36.8	0.0302717
24	40	21	37	25.66	0.0303897
24	40	37	20	-20.43	0.0304895
24	40	20	36	14.9	0.0306711
24	40	36	19	-12.95	0.0307722
24	40	19	35	9.54	0.0310482
24	40	35	18	-8.84	0.0311312
24	40	18	34	8.1	0.0312346
24	40	34	17	-7.48	0.0313369
24	40	17	33	7.19	0.0313908
23	39	22	38	115.62	0.0300865
23	39	38	21	-85.93	0.0301164
23	39	21	37	52.55	0.0301903
23	39	37	20	-40.12	0.0302493
23	39	20	36	26.44	0.0303782
23	39	36	19	-22.49	0.0304446
23	39	19	35	17.57	0.0305692
23	39	35	18	-16.08	0.0306219
23	39	18	34	12.79	0.0307819
23	39	34	17	-11.69	0.0308554
23	39	17	33	11.05	0.030905
22	38	21	37	127.12	0.0300787
22	38	37	20	-91.14	0.0301097
22	38	20	36	51.18	0.0301954
22	38	36	19	-41.74	0.0302396
22	38	19	35	30.06	0.0303327
22	38	35	18	-27.11	0.0303689
22	38	18	34	23.68	0.0304223
22	38	34	17	-21.35	0.0304684
22	38	17	33	17.52	0.0305708
21	37	20	36	115.12	0.0300869
21	37	36	19	-87.56	0.0301142
21	37	19	35	54.37	0.0301839
21	37	35	18	-47.51	0.0302105
21	37	18	34	39.9	0.0302506
21	37	34	17	-35.14	0.0302846
21	37	17	33	31.79	0.0303146
18	34	17	33	402.95	0.0300248
48	64	47	63	59.42	0.0301683
48	64	63	46	-43.84	0.0302281
48	64	46	62	26.91	0.0303716
48	64	62	45	-18.07	0.0305534
48	64	45	61	12.44	0.0308039
48	64	61	44	-8.96	0.0311161
48	64	44	60	6.61	0.0315129
48	64	60	43	-5.13	0.0319493
48	64	43	59	3.68	0.0327174
48	64	59	42	-2.94	0.0334014
48	64	42	58	2.31	0.034329
48	64	58	41	-1.89	0.035291
48	64	41	57	1.53	0.0365359
48	64	57	40	-1.29	0.0377519
48	64	40	56	1.06	0.039434
48	64	56	39	-0.9	0.0411111
47	63	46	62	81.45	0.0301228
47	63	62	45	-53.01	0.0301886
47	63	45	61	32.96	0.0303034
47	63	61	44	-23.06	0.0304337
47	63	44	60	16.12	0.0306203
47	63	60	43	-12.12	0.0308251
47	63	43	59	8.84	0.0311312
47	63	59	42	-6.93	0.031443
47	63	42	58	4.78	0.0320921
47	63	58	41	-3.84	0.0326042
47	63	41	57	3.03	0.0333003
47	63	57	40	-2.51	0.0339841
47	63	40	56	2.01	0.0349751
47	63	56	39	-1.69	0.0359172
47	63	39	55	1.39	0.0371942
47	63	55	38	-1.19	0.0384034
46	62	45	61	80.66	0.030124
46	62	61	44	-55.7	0.0301795
46	62	44	60	34.02	0.0302939
46	62	60	43	-25.63	0.0303902
46	62	43	59	17.22	0.0305807
46	62	59	42	-13.46	0.0307429
46	62	42	58	9.76	0.0310246
46	62	58	41	-7.84	0.0312755
46	62	41	57	5.39	0.0318553
46	62	57	40	-4.45	0.0322472
46	62	40	56	3.44	0.032907
46	62	56	39	-2.91	0.0334364
46	62	39	55	2.31	0.034329
46	62	55	38	-2	0.035
46	62	38	54	1.62	0.0361728
46	62	54	37	-1.46	0.0368493
45	61	44	60	86.88	0.0301151
45	61	60	43	-60.46	0.0301654
45	61	43	59	36.76	0.030272
45	61	59	42	-27.41	0.0303648
45	61	42	58	18.91	0.0305288
45	61	58	41	-14.68	0.0306812
45	61	41	57	10.84	0.0309225
45	61	57	40	-8.67	0.0311534
45	61	40	56	6.03	0.0316584
45	61	56	39	-4.93	0.0320284
45	61	39	55	3.89	0.0325707
45	61	55	38	-3.29	0.0330395
45	61	38	54	2.65	0.0337736
45	61	54	37	-2.33	0.0342918
45	61	37	53	1.94	0.0351546
45	61	53	36	-1.71	0.035848
44	60	43	59	89.94	0.0301112
44	60	59	42	-62.14	0.0301609
44	60	42	58	38.68	0.0302585
44	60	58	41	-28.52	0.0303506
44	60	41	57	20.01	0.0304998
44	60	57	40	-15.49	0.0306456
44	60	40	56	11.33	0.0308826
44	60	56	39	-9	0.0311111
44	60	39	55	6.44	0.0315528
44	60	55	38	-5.31	0.0318832
44	60	38	54	4.21	0.0323753
44	60	54	37	-3.63	0.0327548
44	60	37	53	2.99	0.0333445
44	60	53	36	-2.58	0.033876
44	60	36	52	2.23	0.0344843
44	60	52	35	-2.02	0.0349505
43	59	42	58	92.65	0.0301079
43	59	58	41	-64.06	0.0301561
43	59	41	57	40.08	0.0302495
43	59	57	40	-29.65	0.0303373
43	59	40	56	20.4	0.0304902
43	59	56	39	-15.7	0.0306369
43	59	39	55	11.72	0.0308532
43	59	55	38	-9.5	0.0310526
43	59	38	54	6.71	0.0314903
43	59	54	37	-5.66	0.0317668
43	59	37	53	4.56	0.032193
43	59	53	36	-3.86	0.0325907
43	59	36	52	3.3	0.0330303
43	59	52	35	-2.95	0.0333898
43	59	35	51	2.54	0.033937
43	59	51	34	-2.4	0.0341667
42	58	41	57	94.75	0.0301055
42	58	57	40	-65.55	0.0301526
42	58	40	56	39.78	0.0302514
42	58	56	39	-29.19	0.0303426
42	58	39	55	21.08	0.0304744
42	58	55	38	-16.54	0.0306046
42	58	38	54	12.16	0.0308224
42	58	54	37	-10	0.031
42	58	37	53	7.1	0.0314085
42	58	53	36	-5.88	0.0317007
42	58	36	52	4.91	0.0320367
42	58	52	35	-4.32	0.0323148
42	58	35	51	3.66	0.0327322
42	58	51	34	-3.45	0.0328986
42	58	34	50	3.18	0.0331447
42	58	50	33	-2.89	0.0334602
41	57	40	56	93.28	0.0301072
41	57	56	39	-63.22	0.0301582
41	57	39	55	42.83	0.0302335
41	57	55	38	-32.31	0.0303095
41	57	38	54	22.01	0.0304543
41	57	54	37	-17.47	0.0305724
41	57	37	53	13.08	0.0307645
41	57	53	36	-10.49	0.0309533
41	57	36	52	7.63	0.0313106
41	57	52	35	-6.57	0.0315221
41	57	35	51	5.42	0.031845
41	57	51	34	-5.02	0.031992
41	57	34	50	4.61	0.0321692
41	57	50	33	-4.18	0.0323923
41	57	33	49	3.98	0.0325126
40	56	39	55	94.96	0.0301053
40	56	55	38	-65.01	0.0301538
40	56	38	54	42.7	0.0302342
40	56	54	37	-31.8	0.0303145
40	56	37	53	23.17	0.0304316
40	56	53	36	-17.68	0.0305656
40	56	36	52	13.98	0.0307153
40	56	52	35	-11.7	0.0308547
40	56	35	51	8.42	0.0311876
40	56	51	34	-7.68	0.0313021
40	56	34	50	6.97	0.0314347
40	56	50	33	-6.27	0.0315949
40	56	33	49	5.92	0.0316892
39	55	38	54	111.65	0.0300896
39	55	54	37	-78.24	0.0301278
39	55	37	53	49.05	0.0302039
39	55	53	36	-35.26	0.0302836
39	55	36	52	25.88	0.0303864
39	55	52	35	-20.94	0.0304776
39	55	35	51	15.85	0.0306309
39	55	51	34	-14.2	0.0307042
39	55	34	50	11.23	0.0308905
39	55	50	33	-10	0.031
39	55	33	49	9.32	0.031073
38	54	37	53	119.98	0.0300833
38	54	53	36	-79.27	0.0301262
38	54	36	52	51.2	0.0301953
38	54	52	35	-39.38	0.0302539
38	54	35	51	27.37	0.0303654
38	54	51	34	-23.98	0.030417
38	54	34	50	20.62	0.030485
38	54	50	33	-18.15	0.030551
38	54	33	49	14.73	0.0306789
37	53	36	52	120.99	0.0300827
37	53	52	35	-87.65	0.0301141
37	53	35	51	50.74	0.0301971
37	53	51	34	-43.06	0.0302322
37	53	34	50	35.28	0.0302834
37	53	50	33	-30.59	0.0303269
37	53	33	49	27.39	0.0303651
34	50	33	49	290.1	0.0300345
64	80	63	79	45.62	0.0302192
64	80	79	62	-28.79	0.0303473
64	80	62	78	18.53	0.0305397
64	80	78	61	-12.95	0.0307722
64	80	61	77	9.02	0.0311086
64	80	77	60	-6.61	0.0315129
64	80	60	76	5.12	0.0319531
64	80	76	59	-3.86	0.0325907
64	80	59	75	3.05	0.0332787
64	80	75	58	-2.34	0.0342735
64	80	58	74	1.97	0.0350761
64	80	74	57	-1.54	0.0364935
64	80	57	73	1.33	0.0375188
64	80	73	56	-1.04	0.0396154
64	80	56	72	0.93	0.0407527
64	80	72	55	-0.75	0.0433333
63	79	62	78	77.6	0.0301289
63	79	78	61	-57.56	0.0301737
63	79	61	77	29.21	0.0303423
63	79	77	60	-22.25	0.0304494
63	79	60	76	14.75	0.030678
63	79	76	59	-11.62	0.0308606
63	79	59	75	8.28	0.0312077
63	79	75	58	-6.59	0.0315175
63	79	58	74	4.45	0.0322472
63	79	74	57	-3.61	0.0327701
63	79	57	73	2.82	0.0335461
63	79	73	56	-2.28	0.034386
63	79	56	72	1.87	0.0353476
63	79	72	55	-1.55	0.0364516
63	79	55	71	1.31	0.0376336
63	79	71	54	-1.1	0.0390909
62	78	61	77	77.96	0.0301283
62	78	77	60	-56.15	0.0301781
62	78	60	76	32.62	0.0303066
62	78	76	59	-24.56	0.0304072
62	78	59	75	16.71	0.0305984
62	78	75	58	-12.99	0.0307698
62	78	58	74	9.53	0.0310493
62	78	74	57	-7.58	0.0313193
62	78	57	73	5.18	0.0319305
62	78	73	56	-4.12	0.0324272
62	78	56	72	3.31	0.0330211
62	78	72	55	-2.71	0.03369
62	78	55	71	2.25	0.0344444
62	78	71	54	-1.86	0.0353763
62	78	54	70	1.59	0.0362893
62	78	70	53	-1.35	0.0374074
61	77	60	76	87.37	0.0301145
61	77	76	59	-63.76	0.0301568
61	77	59	75	35.92	0.0302784
61	77	75	58	-27.35	0.0303656
61	77	58	74	18.45	0.030542
61	77	74	57	-14.52	0.0306887
61	77	57	73	10.46	0.030956
61	77	73	56	-8.25	0.0312121
61	77	56	72	5.76	0.0317361
61	77	72	55	-4.68	0.0321368
61	77	55	71	3.76	0.0326596
61	77	71	54	-3.11	0.0332154
61	77	54	70	2.57	0.0338911
61	77	70	53	-2.18	0.0345872
61	77	53	69	1.85	0.0354054
61	77	69	52	-1.61	0.0362112
60	76	59	75	89.02	0.0301123
60	76	75	58	-65.43	0.0301528
60	76	58	74	36.79	0.0302718
60	76	74	57	-28.21	0.0303545
60	76	57	73	18.83	0.0305311
60	76	73	56	-14.58	0.0306859
60	76	56	72	10.72	0.0309328
60	76	72	55	-8.63	0.0311587
60	76	55	71	6.04	0.0316556
60	76	71	54	-4.93	0.0320284
60	76	54	70	3.96	0.0325253
60	76	70	53	-3.32	0.033012
60	76	53	69	2.75	0.0336364
60	76	69	52	-2.39	0.0341841
60	76	52	68	2.08	0.0348077
60	76	68	51	-1.79	0.0355866
59	75	58	74	91.39	0.0301094
59	75	74	57	-67.22	0.0301488
59	75	57	73	37.02	0.0302701
59	75	73	56	-27.96	0.0303577
59	75	56	72	19.1	0.0305236
59	75	72	55	-15.11	0.0306618
59	75	55	71	11.28	0.0308865
59	75	71	54	-9.04	0.0311062
59	75	54	70	6.35	0.0315748
59	75	70	53	-5.25	0.0319048
59	75	53	69	4.22	0.0323697
59	75	69	52	-3.62	0.0327624
59	75	52	68	3.1	0.0332258
59	75	68	51	-2.64	0.0337879
59	75	51	67	2.33	0.0342918
59	75	67	50	-2.15	0.0346512
58	74	57	73	90.39	0.0301106
58	74	73	56	-64.33	0.0301554
58	74	56	72	36.82	0.0302716
58	74	72	55	-28.64	0.0303492
58	74	55	71	19.97	0.0305008
58	74	71	54	-15.54	0.0306435
58	74	54	70	11.52	0.0308681
58	74	70	53	-9.32	0.031073
58	74	53	69	6.49	0.0315408
58	74	69	52	-5.47	0.0318282
58	74	52	68	4.57	0.0321882
58	74	68	51	-3.83	0.032611
58	74	51	67	3.32	0.033012
58	74	67	50	-3.05	0.0332787
58	74	50	66	2.82	0.0335461
58	74	66	49	-2.63	0.0338023
57	73	56	72	90.56	0.0301104
57	73	72	55	-70	0.0301429
57	73	55	71	40.86	0.0302447
57	73	71	54	-30.5	0.0303279
57	73	54	70	20.71	0.0304829
57	73	70	53	-16.32	0.0306127
57	73	53	69	11.94	0.0308375
57	73	69	52	-9.9	0.0310101
57	73	52	68	7.16	0.0313966
57	73	68	51	-5.89	0.0316978
57	73	51	67	4.95	0.0320202
57	73	67	50	-4.49	0.0322272
57	73	50	66	4.08	0.032451
57	73	66	49	-3.79	0.0326385
57	73	49	65	3.65	0.0327397
56	72	55	71	94.08	0.0301063
56	72	71	54	-71.61	0.0301396
56	72	54	70	39.44	0.0302535
56	72	70	53	-30.8	0.0303247
56	72	53	69	20.56	0.0304864
56	72	69	52	-16.79	0.0305956
56	72	52	68	12.8	0.0307813
56	72	68	51	-10.34	0.0309671
56	72	51	67	7.49	0.0313351
56	72	67	50	-6.72	0.0314881
56	72	50	66	5.97	0.031675
56	72	66	49	-5.5	0.0318182
56	72	49	65	5.23	0.031912
55	71	54	70	105.08	0.0300952
55	71	70	53	-75.78	0.030132
55	71	53	69	42.22	0.0302369
55	71	69	52	-32.72	0.0303056
55	71	52	68	23.23	0.0304305
55	71	68	51	-17.92	0.030558
55	71	51	67	13.91	0.0307189
55	71	67	50	-12.23	0.0308177
55	71	50	66	9.43	0.0310604
55	71	66	49	-8.56	0.0311682
55	71	49	65	8.06	0.0312407
54	70	53	69	107.48	0.030093
54	70	69	52	-79.09	0.0301264
54	70	52	68	46.53	0.0302149
54	70	68	51	-34.18	0.0302926
54	70	51	67	24.38	0.0304102
54	70	67	50	-20.96	0.0304771
54	70	50	66	17.27	0.030579
54	70	66	49	-15.48	0.030646
54	70	49	65	12.71	0.0307868
53	69	52	68	120.69	0.0300829
53	69	68	51	-83.08	0.0301204
53	69	51	67	47.64	0.0302099
53	69	67	50	-39.76	0.0302515
53	69	50	66	30.21	0.030331
53	69	66	49	-26.62	0.0303757
53	69	49	65	23.82	0.0304198
52	68	51	67	110.86	0.0300902
52	68	67	50	-88.52	0.030113
52	68	50	66	55.48	0.0301802
52	68	66	49	-47.75	0.0302094
52	68	49	65	40.65	0.030246
80	96	79	95	38.31	0.030261
80	96	95	78	-28.31	0.0303532
80	96	78	94	15.41	0.0306489
80	96	94	77	-11.68	0.0308562
80	96	77	93	7.35	0.0313605
80	96	93	76	-5.96	0.0316779
80	96	76	92	4.06	0.0324631
80	96	92	75	-3.36	0.0329762
80	96	75	91	2.37	0.0342194
80	96	91	74	-1.99	0.0350251
80	96	74	90	1.32	0.0375758
80	96	90	73	-1.1	0.0390909
80	96	73	89	0.83	0.0420482
80	96	89	72	-0.69	0.0444928
80	96	72	88	0.63	0.045873
80	96	88	71	-0.55	0.0481818
79	95	78	94	83.89	0.0301192
79	95	94	77	-55.42	0.0301804
79	95	77	93	29.64	0.0303374
79	95	93	76	-22.25	0.0304494
79	95	76	92	14.16	0.0307062
79	95	92	75	-11.02	0.0309074
79	95	75	91	7.52	0.0313298
79	95	91	74	-5.98	0.0316722
79	95	74	90	3.44	0.032907
79	95	90	73	-2.7	0.0337037
79	95	73	89	1.99	0.0350251
79	95	89	72	-1.57	0.0363694
79	95	72	88	1.41	0.0370922
79	95	88	71	-1.19	0.0384034
79	95	71	87	1.12	0.0389286
79	95	87	70	-0.97	0.0403093
78	94	77	93	82.11	0.0301218
78	94	93	76	-58.5	0.0301709
78	94	76	92	31.5	0.0303175
78	94	92	75	-23.77	0.0304207
78	94	75	91	15.2	0.0306579
78	94	91	74	-11.82	0.030846
78	94	74	90	7.34	0.0313624
78	94	90	73	-5.61	0.0317825
78	94	73	89	3.59	0.0327855
78	94	89	72	-2.78	0.0335971
78	94	72	88	2.46	0.034065
78	94	88	71	-2.02	0.0349505
78	94	71	87	1.9	0.0352632
78	94	87	70	-1.61	0.0362112
78	94	70	86	1.54	0.0364935
78	94	86	69	-1.36	0.0373529
77	93	76	92	88.1	0.0301135
77	93	92	75	-60.13	0.0301663
77	93	75	91	33.38	0.0302996
77	93	91	74	-24.59	0.0304067
77	93	74	90	14.44	0.0306925
77	93	90	73	-10.52	0.0309506
77	93	73	89	7.33	0.0313643
77	93	89	72	-5.44	0.0318382
77	93	72	88	4.28	0.0323364
77	93	88	71	-3.41	0.0329326
77	93	71	87	3.17	0.0331546
77	93	87	70	-2.61	0.0338314
77	93	70	86	2.5	0.034
77	93	86	69	-2.16	0.0346296
77	93	69	85	1.9	0.0352632
77	93	85	68	-1.71	0.035848
76	92	75	91	89.36	0.0301119
76	92	91	74	-60.56	0.0301651
76	92	74	90	29.88	0.0303347
76	92	90	73	-20.61	0.0304852
76	92	73	89	13.45	0.0307435
76	92	89	72	-9.57	0.0310449
76	92	72	88	8.17	0.031224
76	92	88	71	-6.3	0.0315873
76	92	71	87	5.19	0.0319268
76	92	87	70	-4.18	0.0323923
76	92	70	86	3.97	0.0325189
76	92	86	69	-3.38	0.0329586
76	92	69	85	2.96	0.0333784
76	92	85	68	-2.64	0.0337879
76	92	68	84	2.35	0.0342553
76	92	84	67	-2.18	0.0345872
75	91	74	90	78.42	0.0301275
75	91	90	73	-48.38	0.0302067
75	91	73	89	26.92	0.0303715
75	91	89	72	-17.96	0.0305568
75	91	72	88	14.68	0.0306812
75	91	88	71	-10.88	0.0309191
75	91	71	87	9.83	0.0310173
75	91	87	70	-7.63	0.0313106
75	91	70	86	6.48	0.0315432
75	91	86	69	-5.42	0.031845
75	91	69	85	4.69	0.0321322
75	91	85	68	-4.15	0.0324096
75	91	68	84	3.68	0.0327174
75	91	84	67	-3.4	0.0329412
75	91	67	83	2.86	0.0334965
75	91	83	66	-2.66	0.0337594
74	90	73	89	68.8	0.0301453
74	90	89	72	-40.7	0.0302457
74	90	72	88	29.85	0.030335
74	90	88	71	-21.11	0.0304737
74	90	71	87	17.84	0.0305605
74	90	87	70	-13.73	0.0307283
74	90	70	86	12.67	0.0307893
74	90	86	69	-10.49	0.0309533
74	90	69	85	7.98	0.0312531
74	90	85	68	-7.02	0.0314245
74	90	68	84	6.14	0.0316287
74	90	84	67	-5.66	0.0317668
74	90	67	83	4.7	0.0321277
74	90	83	66	-4.39	0.0322779
74	90	66	82	3.86	0.0325907
74	90	82	65	-3.7	0.0327027
73	89	72	88	68.49	0.030146
73	89	88	71	-38.72	0.0302583
73	89	71	87	32.56	0.0303071
73	89	87	70	-22.46	0.0304452
73	89	70	86	20.69	0.0304833
73	89	86	69	-16.15	0.0306192
73	89	69	85	13.66	0.0307321
73	89	85	68	-11.58	0.0308636
73	89	68	84	9.21	0.0310858
73	89	84	67	-8.27	0.0312092
73	89	67	83	6.88	0.0314535
73	89	83	66	-6.31	0.0315848
73	89	66	82	5.57	0.0317953
73	89	82	65	-5.31	0.0318832
73	89	65	81	4.89	0.032045
72	88	67	83	9.11	0.0310977
72	88	83	66	-8.07	0.0312392
72	88	66	82	7.23	0.0313831
72	88	82	65	-6.78	0.0314749
72	88	65	81	6.31	0.0315848
71	87	66	82	9.19	0.0310881
71	87	82	65	-8.43	0.0311862
71	87	65	81	7.94	0.0312594
70	86	65	81	10.06	0.030994
96	112	95	111	40.62	0.0302462
96	112	111	94	-27.49	0.0303638
96	112	94	110	16.81	0.0305949
96	112	110	93	-12.44	0.0308039
96	112	93	109	8.55	0.0311696
96	112	109	92	-6.59	0.0315175
96	112	92	108	4.79	0.0320877
96	112	108	91	-3.75	0.0326667
96	112	91	107	2.79	0.0335842
96	112	107	90	-2.07	0.0348309
96	112	90	106	1.49	0.0367114
96	112	106	89	-1.14	0.0387719
96	112	89	105	0.83	0.0420482
96	112	105	88	-0.71	0.0440845
96	112	88	104	0.5	0.05
96	112	104	87	-0.44	0.0527273
95	111	94	110	83.15	0.0301203
95	111	110	93	-57.24	0.0301747
95	111	93	109	32.3	0.0303096
95	111	109	92	-24.38	0.0304102
95	111	92	108	15.6	0.030641
95	111	108	91	-11.97	0.0308354
95	111	91	107	8.22	0.0312165
95	111	107	90	-5.96	0.0316779
95	111	90	106	3.55	0.0328169
95	111	106	89	-2.65	0.0337736
95	111	89	105	1.81	0.0355249
95	111	105	88	-1.53	0.0365359
95	111	88	104	1.04	0.0396154
95	111	104	87	-0.91	0.040989
95	111	87	103	0.54	0.0485185
95	111	103	86	-0.5	0.05
94	110	93	109	92.65	0.0301079
94	110	109	92	-65.24	0.0301533
94	110	92	108	36.97	0.0302705
94	110	108	91	-28.24	0.0303541
94	110	91	107	17.82	0.0305612
94	110	107	90	-13.18	0.0307587
94	110	90	106	8.17	0.031224
94	110	106	89	-6.29	0.0315898
94	110	89	105	3.6	0.0327778
94	110	105	88	-3.12	0.0332051
94	110	88	104	2	0.035
94	110	104	87	-1.78	0.035618
94	110	87	103	1.01	0.039901
94	110	103	86	-0.93	0.0407527
94	110	86	102	0.34	0.0594118
94	110	102	85	-0.26	0.0684615
93	109	92	108	95.39	0.0301048
93	109	108	91	-68.32	0.0301464
93	109	91	107	38	0.0302632
93	109	107	90	-27.69	0.0303611
93	109	90	106	15.63	0.0306398
93	109	106	89	-12.03	0.0308313
93	109	89	105	7.31	0.031368
93	109	105	88	-6.34	0.0315773
93	109	88	104	3.48	0.0328736
93	109	104	87	-3.11	0.0332154
93	109	87	103	1.7	0.0358824
93	109	103	86	-1.57	0.0363694
93	109	86	102	0.55	0.0481818
93	109	102	85	-0.41	0.0543902
93	109	85	101	0.31	0.0622581
93	109	101	84	-0.21	0.077619
92	108	91	107	95.32	0.0301049
92	108	107	90	-64.5	0.030155
92	108	90	106	31.2	0.0303205
92	108	106	89	-23.44	0.0304266
92	108	89	105	13.08	0.0307645
92	108	105	88	-11.33	0.0308826
92	108	88	104	6.66	0.0315015
92	108	104	87	-5.93	0.0316863
92	108	87	103	2.8	0.0335714
92	108	103	86	-2.59	0.033861
92	108	86	102	0.88	0.0413636
92	108	102	85	-0.63	0.045873
92	108	85	101	0.46	0.0517391
92	108	101	84	-0.27	0.067037
92	108	84	100	0.25	0.07
92	108	100	83	-0.06	0.196667
91	107	90	106	78.51	0.0301274
91	107	106	89	-55.34	0.0301807
91	107	89	105	26.3	0.0303802
91	107	105	88	-22.37	0.030447
91	107	88	104	12.24	0.030817
91	107	104	87	-10.75	0.0309302
91	107	87	103	5.44	0.0318382
91	107	103	86	-5	0.032
91	107	86	102	1.47	0.0368027
91	107	102	85	-1	0.04
91	107	85	101	0.7	0.0442857
91	107	101	84	-0.37	0.057027
91	107	84	100	0.33	0.060303
91	107	100	83	-0.47	100000
91	107	83	99	0.47	100000
91	107	99	82	-0.33	100000
90	106	89	105	69.74	0.0301434
90	106	105	88	-57.74	0.0301732
90	106	88	104	26.26	0.0303808
90	106	104	87	-22.69	0.0304407
90	106	87	103	10.68	0.0309363
90	106	103	86	-9.71	0.0310299
90	106	86	102	3.06	0.033268
90	106	102	85	-1.92	0.0352083
90	106	85	101	1.15	0.0386957
90	106	101	84	-0.5	0.05
90	106	84	100	0.41	0.0543902
90	106	100	83	-0.2	100000
90	106	83	99	0.21	100000
90	106	99	82	-2.29	100000
90	106	82	98	2.26	100000
90	106	98	81	-2.13	100000
89	105	88	104	60.05	0.0301665
89	105	104	87	-52.98	0.0301888
89	105	87	103	19.85	0.0305038
89	105	103	86	-18.31	0.0305461
89	105	86	102	4.94	0.0320243
89	105	102	85	-3.13	0.0331949
89	105	85	101	1.95	0.0351282
89	105	101	84	-0.9	0.0411111
89	105	84	100	0.59	0.0469492
89	105	100	83	-0.05	100000
89	105	83	99	0.05	100000
89	105	99	82	-4.02	100000
89	105	82	98	3.96	100000
89	105	98	81	-3.76	100000
89	105	81	97	0.16	0.0925
88	104	87	103	46.35	0.0302157
88	104	103	86	-44.09	0.0302268
88	104	86	102	7.56	0.0313228
88	104	102	85	-5.37	0.0318622
88	104	85	101	2.86	0.0334965
88	104	101	84	-1.72	0.035814
88	104	84	100	1.22	0.0381967
88	104	100	83	-0.23	0.0734783
88	104	83	99	0.07	0.172857
88	104	99	82	-0.55	100000
88	104	82	98	0.55	100000
88	104	98	81	-0.38	100000
88	104	81	97	0.34	0.0594118
87	103	82	98	0.64	0.045625
87	103	98	81	-0.41	0.0543902
87	103	81	97	0.89	0.041236
86	102	81	97	1.57	0.0363694
112	128	111	127	38.77	0.0302579
112	128	127	110	-28.05	0.0303565
112	128	110	126	16.1	0.0306211
112	128	126	109	-12.26	0.0308157
112	128	109	125	8.28	0.0312077
112	128	125	108	-6.53	0.0315314
112	128	108	124	4.71	0.0321231
112	128	124	107	-3.8	0.0326316
112	128	107	123	2.8	0.0335714
112	128	123	106	-2.27	0.0344053
112	128	106	122	1.73	0.0357803
112	128	122	105	-1.46	0.0368493
112	128	105	121	1.15	0.0386957
112	128	121	104	-1.01	0.039901
112	128	104	120	0.8	0.0425
112	128	120	103	-0.74	0.0435135
111	127	110	126	81.52	0.0301227
111	127	126	109	-56.42	0.0301772
111	127	109	125	32.2	0.0303106
111	127	125	108	-23.76	0.0304209
111	127	108	124	15.81	0.0306325
111	127	124	107	-12.16	0.0308224
111	127	107	123	8.51	0.0311751
111	127	123	106	-6.62	0.0315106
111	127	106	122	4.28	0.0323364
111	127	122	105	-3.52	0.0328409
111	127	105	121	2.65	0.0337736
111	127	121	104	-2.29	0.0343668
111	127	104	120	1.72	0.035814
111	127	120	103	-1.58	0.0363291
111	127	103	119	1.21	0.0382645
111	127	119	102	-1.21	0.0382645
110	126	109	125	92.43	0.0301082
110	126	125	108	-63.99	0.0301563
110	126	108	124	37.78	0.0302647
110	126	124	107	-27.49	0.0303638
110	126	107	123	18.5	0.0305405
110	126	123	106	-13.63	0.0307337
110	126	106	122	9.69	0.031032
110	126	122	105	-7.63	0.0313106
110	126	105	121	5.13	0.0319493
110	126	121	104	-4.22	0.0323697
110	126	104	120	3.16	0.0331646
110	126	120	103	-2.76	0.0336232
110	126	103	119	2.11	0.0347393
110	126	119	102	-2.02	0.0349505
110	126	102	118	1.58	0.0363291
110	126	118	101	-1.57	0.0363694
109	125	108	124	99.54	0.0301005
109	125	124	107	-69.15	0.0301446
109	125	107	123	40.08	0.0302495
109	125	123	106	-28.08	0.0303561
109	125	106	122	18.8	0.0305319
109	125	122	105	-14.33	0.0306978
109	125	105	121	10.38	0.0309634
109	125	121	104	-8.33	0.0312005
109	125	104	120	5.45	0.0318349
109	125	120	103	-4.6	0.0321739
109	125	103	119	3.45	0.0328986
109	125	119	102	-3.2	0.033125
109	125	102	118	2.46	0.034065
109	125	118	101	-2.43	0.0341152
109	125	101	117	1.96	0.035102
109	125	117	100	-1.93	0.0351813
108	124	107	123	99.2	0.0301008
108	124	123	106	-65.59	0.0301525
108	124	106	122	37.51	0.0302666
108	124	122	105	-27.59	0.0303625
108	124	105	121	18.8	0.0305319
108	124	121	104	-14.69	0.0306807
108	124	104	120	10.32	0.030969
108	124	120	103	-8.47	0.0311806
108	124	103	119	5.51	0.0318149
108	124	119	102	-4.94	0.0320243
108	124	102	118	3.69	0.03271
108	124	118	101	-3.64	0.0327473
108	124	101	117	2.87	0.0334843
108	124	117	100	-2.83	0.0335336
108	124	100	116	2.34	0.0342735
108	124	116	99	-2.31	0.034329
107	123	106	122	92.38	0.0301082
107	123	122	105	-63.55	0.0301574
107	123	105	121	37.13	0.0302693
107	123	121	104	-27.89	0.0303586
107	123	104	120	18.3	0.0305464
107	123	120	103	-14.46	0.0306916
107	123	103	119	10.1	0.0309901
107	123	119	102	-8.67	0.0311534
107	123	102	118	5.59	0.0317889
107	123	118	101	-5.46	0.0318315
107	123	101	117	4.2	0.032381
107	123	117	100	-4.13	0.0324213
107	123	100	116	3.35	0.0329851
107	123	116	99	-3.32	0.033012
107	123	99	115	2.59	0.033861
107	123	115	98	-2.47	0.0340486
106	122	105	121	95.94	0.0301042
106	122	121	104	-65.87	0.0301518
106	122	104	120	36.63	0.030273
106	122	120	103	-27.2	0.0303676
106	122	103	119	17.75	0.0305634
106	122	119	102	-14.17	0.0307057
106	122	102	118	9.59	0.0310428
106	122	118	101	-9.32	0.031073
106	122	101	117	6.24	0.0316026
106	122	117	100	-6.11	0.0316367
106	122	100	116	4.87	0.0320534
106	122	116	99	-4.81	0.032079
106	122	99	115	3.69	0.03271
106	122	115	98	-3.51	0.032849
106	122	98	114	3.87	0.032584
106	122	114	97	-3.13	0.0331949
105	121	104	120	90.71	0.0301102
105	121	120	103	-60.9	0.0301642
105	121	103	119	34.14	0.0302929
105	121	119	102	-24.9	0.0304016
105	121	102	118	15.56	0.0306427
105	121	118	101	-14.68	0.0306812
105	121	101	117	10.41	0.0309606
105	121	117	100	-10.14	0.0309862
105	121	100	116	7.05	0.0314184
105	121	116	99	-6.94	0.0314409
105	121	99	115	5.21	0.0319194
105	121	115	98	-4.92	0.0320325
105	121	98	114	5.48	0.0318248
105	121	114	97	-4.42	0.0322624
105	121	97	113	3.56	0.032809
104	120	103	119	89.77	0.0301114
104	120	119	102	-57.42	0.0301742
104	120	102	118	28.71	0.0303483
104	120	118	101	-26.35	0.0303795
104	120	101	117	16.97	0.0305893
104	120	117	100	-16.39	0.0306101
104	120	100	116	12.13	0.0308244
104	120	116	99	-11.91	0.0308396
104	120	99	115	7.62	0.0313123
104	120	115	98	-7.17	0.0313947
104	120	98	114	8.12	0.0312315
104	120	114	97	-6.56	0.0315244
104	120	97	113	5.1	0.0319608
103	119	102	118	68.63	0.0301457
103	119	118	101	-60.26	0.0301659
103	119	101	117	30.77	0.030325
103	119	117	100	-29.43	0.0303398
103	119	100	116	19.95	0.0305013
103	119	116	99	-19.49	0.0305131
103	119	99	115	13	0.0307692
103	119	115	98	-12.2	0.0308197
103	119	98	114	12.67	0.0307893
103	119	114	97	-10.3	0.0309709
103	119	97	113	7.58	0.0313193
102	118	101	117	68.36	0.0301463
102	118	117	100	-65.14	0.0301535
102	118	100	116	34.86	0.0302869
102	118	116	99	-33.99	0.0302942
102	118	99	115	19.68	0.0305081
102	118	115	98	-18.4	0.0305435
102	118	98	114	22.5	0.0304444
102	118	114	97	-18.63	0.0305368
102	118	97	113	10.98	0.0309107
128	144	127	143	55.39	0.0301805
128	144	143	126	-43.06	0.0302322
128	144	126	142	20.92	0.030478
128	144	142	125	-16.8	0.0305952
128	144	125	141	10.33	0.0309681
128	144	141	124	-8.48	0.0311792
128	144	124	140	5.68	0.0317606
128	144	140	123	-4.75	0.0321053
128	144	123	139	2.91	0.0334364
128	144	139	122	-2.5	0.034
128	144	122	138	1.83	0.0354645
128	144	138	121	-1.61	0.0362112
128	144	121	137	1.22	0.0381967
128	144	137	120	-1.09	0.0391743
128	144	120	136	0.85	0.0417647
128	144	136	119	-0.77	0.042987
127	143	126	142	84.71	0.030118
127	143	142	125	-60.07	0.0301665
127	143	125	141	33.22	0.030301
127	143	141	124	-25.21	0.0303967
127	143	124	140	16.34	0.030612
127	143	140	123	-12.75	0.0307843
127	143	123	139	8.86	0.0311287
127	143	139	122	-7.15	0.0313986
127	143	122	138	4.64	0.0321552
127	143	138	121	-3.87	0.032584
127	143	121	137	2.95	0.0333898
127	143	137	120	-2.48	0.0340323
127	143	120	136	1.95	0.0351282
127	143	136	119	-1.67	0.035988
127	143	119	135	1.35	0.0374074
127	143	135	118	-1.17	0.038547
126	142	125	141	92.68	0.0301079
126	142	141	124	-66.04	0.0301514
126	142	124	140	36.71	0.0302724
126	142	140	123	-27.74	0.0303605
126	142	123	139	18.05	0.030554
126	142	139	122	-14.21	0.0307037
126	142	122	138	9.99	0.031001
126	142	138	121	-8.19	0.031221
126	142	121	137	5.4	0.0318519
126	142	137	120	-4.45	0.0322472
126	142	120	136	3.45	0.0328986
126	142	136	119	-2.89	0.0334602
126	142	119	135	2.31	0.034329
126	142	135	118	-1.96	0.035102
126	142	118	134	1.58	0.0363291
126	142	134	117	-1.38	0.0372464
125	141	124	140	97.92	0.0301021
125	141	140	123	-68.45	0.0301461
125	141	123	139	38.14	0.0302622
125	141	139	122	-28.91	0.0303459
125	141	122	138	19.01	0.030526
125	141	138	121	-15.17	0.0306592
125	141	121	137	10.84	0.0309225
125	141	137	120	-8.75	0.0311429
125	141	120	136	5.91	0.031692
125	141	136	119	-4.89	0.032045
125	141	119	135	3.81	0.0326247
125	141	135	118	-3.17	0.0331546
125	141	118	134	2.53	0.0339526
125	141	134	117	-2.15	0.0346512
125	141	117	133	1.77	0.0356497
125	141	133	116	-1.56	0.0364103
124	140	123	139	96.78	0.0301033
124	140	139	122	-68.37	0.0301463
124	140	122	138	38.33	0.0302609
124	140	138	121	-29.58	0.0303381
124	140	121	137	19.78	0.0305056
124	140	137	120	-15.54	0.0306435
124	140	120	136	11.3	0.030885
124	140	136	119	-9.12	0.0310965
124	140	119	135	6.2	0.0316129
124	140	135	118	-5.06	0.0319763
124	140	118	134	3.95	0.0325316
124	140	134	117	-3.31	0.0330211
124	140	117	133	2.68	0.0337313
124	140	133	116	-2.32	0.0343103
124	140	116	132	1.94	0.0351546
124	140	132	115	-1.56	0.0364103
123	139	122	138	94.59	0.0301057
123	139	138	121	-67.82	0.0301474
123	139	121	137	38.98	0.0302565
123	139	137	120	-29.46	0.0303394
123	139	120	136	20.14	0.0304965
123	139	136	119	-15.83	0.0306317
123	139	119	135	11.63	0.0308598
123	139	135	118	-9.32	0.031073
123	139	118	134	6.29	0.0315898
123	139	134	117	-5.17	0.0319342
123	139	117	133	4.09	0.032445
123	139	133	116	-3.49	0.0328653
123	139	116	132	2.86	0.0334965
123	139	132	115	-2.24	0.0344643
123	139	115	131	1.87	0.0353476
123	139	131	114	-2.12	0.034717
122	138	121	137	96.31	0.0301038
122	138	137	120	-66.78	0.0301497
122	138	120	136	39.23	0.0302549
122	138	136	119	-29.78	0.0303358
122	138	119	135	20.45	0.030489
122	138	135	118	-16	0.030625
122	138	118	134	11.63	0.0308598
122	138	134	117	-9.41	0.0310627
122	138	117	133	6.39	0.0315649
122	138	133	116	-5.36	0.0318657
122	138	116	132	4.29	0.032331
122	138	132	115	-3.29	0.0330395
122	138	115	131	2.69	0.0337175
122	138	131	114	-3.07	0.0332573
122	138	114	130	2.72	0.0336765
122	138	130	113	-2.14	0.0346729
121	137	120	136	94.8	0.0301055
121	137	136	119	-67.74	0.0301476
121	137	119	135	39.26	0.0302547
121	137	135	118	-29.93	0.0303341
121	137	118	134	20.11	0.0304973
121	137	134	117	-15.98	0.0306258
121	137	117	133	11.63	0.0308598
121	137	133	116	-9.63	0.0310384
121	137	116	132	6.57	0.0315221
121	137	132	115	-4.97	0.0320121
121	137	115	131	3.92	0.032551
121	137	131	114	-4.52	0.0322124
121	137	114	130	3.92	0.032551
121	137	130	113	-3.04	0.0332895
121	137	113	129	2.67	0.0337453
120	136	119	135	97.13	0.030103
120	136	135	118	-68.13	0.0301468
120	136	118	134	39.01	0.0302563
120	136	134	117	-29.81	0.0303355
120	136	117	133	20.16	0.030496
120	136	133	116	-16.23	0.0306161
120	136	116	132	11.91	0.0308396
120	136	132	115	-8.79	0.0311377
120	136	115	131	5.93	0.0316863
120	136	131	114	-6.94	0.0314409
120	136	114	130	5.92	0.0316892
120	136	130	113	-4.43	0.0322573
120	136	113	129	3.83	0.032611
119	135	118	134	99.01	0.030101
119	135	134	117	-69.51	0.0301439
119	135	117	133	39.41	0.0302537
119	135	133	116	-30.36	0.0303294
119	135	116	132	20.9	0.0304785
119	135	132	115	-14.7	0.0306803
119	135	115	131	10.61	0.0309425
119	135	131	114	-12.68	0.0307886
119	135	114	130	9.32	0.031073
119	135	130	113	-6.65	0.0315038
119	135	113	129	5.65	0.0317699
118	134	113	129	8.53	0.0311723
