144# Number of sensors
#x	z
1.75	-0.1
1.75	-0.2
1.75	-0.3
1.75	-0.4
1.75	-0.5
1.75	-0.6
1.75	-0.7
1.75	-0.8
1.75	-0.9
1.75	-1
1.75	-1.1
1.75	-1.2
1.75	-1.3
1.75	-1.4
1.75	-1.5
1.75	-1.6
2.25	-0.1
2.25	-0.2
2.25	-0.3
2.25	-0.4
2.25	-0.5
2.25	-0.6
2.25	-0.7
2.25	-0.8
2.25	-0.9
2.25	-1
2.25	-1.1
2.25	-1.2
2.25	-1.3
2.25	-1.4
2.25	-1.5
2.25	-1.6
2.75	-0.1
2.75	-0.2
2.75	-0.3
2.75	-0.4
2.75	-0.5
2.75	-0.6
2.75	-0.7
2.75	-0.8
2.75	-0.9
2.75	-1
2.75	-1.1
2.75	-1.2
2.75	-1.3
2.75	-1.4
2.75	-1.5
2.75	-1.6
3.25	-0.1
3.25	-0.2
3.25	-0.3
3.25	-0.4
3.25	-0.5
3.25	-0.6
3.25	-0.7
3.25	-0.8
3.25	-0.9
3.25	-1
3.25	-1.1
3.25	-1.2
3.25	-1.3
3.25	-1.4
3.25	-1.5
3.25	-1.6
3.75	-0.1
3.75	-0.2
3.75	-0.3
3.75	-0.4
3.75	-0.5
3.75	-0.6
3.75	-0.7
3.75	-0.8
3.75	-0.9
3.75	-1
3.75	-1.1
3.75	-1.2
3.75	-1.3
3.75	-1.4
3.75	-1.5
3.75	-1.6
4.25	-0.1
4.25	-0.2
4.25	-0.3
4.25	-0.4
4.25	-0.5
4.25	-0.6
4.25	-0.7
4.25	-0.8
4.25	-0.9
4.25	-1
4.25	-1.1
4.25	-1.2
4.25	-1.3
4.25	-1.4
4.25	-1.5
4.25	-1.6
4.75	-0.1
4.75	-0.2
4.75	-0.3
4.75	-0.4
4.75	-0.5
4.75	-0.6
4.75	-0.7
4.75	-0.8
4.75	-0.9
4.75	-1
4.75	-1.1
4.75	-1.2
4.75	-1.3
4.75	-1.4
4.75	-1.5
4.75	-1.6
5.25	-0.1
5.25	-0.2
5.25	-0.3
5.25	-0.4
5.25	-0.5
5.25	-0.6
5.25	-0.7
5.25	-0.8
5.25	-0.9
5.25	-1
5.25	-1.1
5.25	-1.2
5.25	-1.3
5.25	-1.4
5.25	-1.5
5.25	-1.6
5.75	-0.1
5.75	-0.2
5.75	-0.3
5.75	-0.4
5.75	-0.5
5.75	-0.6
5.75	-0.7
5.75	-0.8
5.75	-0.9
5.75	-1
5.75	-1.1
5.75	-1.2
5.75	-1.3
5.75	-1.4
5.75	-1.5
5.75	-1.6
1256# Number of data
#a	b	m	n	R	err
16	32	15	31	64.61	0.0301548
16	32	31	14	-42.51	0.0302352
16	32	14	30	22.81	0.0304384
16	32	30	13	-19.01	0.030526
16	32	13	29	12.4	0.0308065
16	32	29	12	-11.17	0.0308953
16	32	12	28	8.51	0.0311751
16	32	28	11	-6.8	0.0314706
16	32	11	27	5.27	0.0318975
16	32	27	10	-3.48	0.0328736
16	32	10	26	2.82	0.0335461
16	32	26	9	-2.09	0.0347847
16	32	9	25	1.73	0.0357803
16	32	25	8	-1.38	0.0372464
16	32	8	24	1.17	0.038547
16	32	24	7	-0.96	0.0404167
15	31	14	30	74.72	0.0301338
15	31	30	13	-60.54	0.0301652
15	31	13	29	36.69	0.0302726
15	31	29	12	-33.4	0.0302994
15	31	12	28	24.97	0.0304005
15	31	28	11	-19.47	0.0305136
15	31	11	27	15.59	0.0306414
15	31	27	10	-9.6	0.0310417
15	31	10	26	7.07	0.0314144
15	31	26	9	-4.93	0.0320284
15	31	9	25	4.06	0.0324631
15	31	25	8	-3.09	0.0332362
15	31	8	24	2.6	0.0338462
15	31	24	7	-2.06	0.0348544
15	31	7	23	1.77	0.0356497
15	31	23	6	-1.46	0.0368493
14	30	13	29	87.43	0.0301144
14	30	29	12	-78.56	0.0301273
14	30	12	28	54.24	0.0301844
14	30	28	11	-42.06	0.0302378
14	30	11	27	32.76	0.0303053
14	30	27	10	-19.38	0.030516
14	30	10	26	15.25	0.0306557
14	30	26	9	-10.33	0.0309681
14	30	9	25	7.26	0.0313774
14	30	25	8	-5.38	0.0318587
14	30	8	24	4.48	0.0322321
14	30	24	7	-3.48	0.0328736
14	30	7	23	2.95	0.0333898
14	30	23	6	-2.39	0.0341841
14	30	6	22	2.08	0.0348077
14	30	22	5	-1.68	0.0359524
13	29	12	28	92.85	0.0301077
13	29	28	11	-73.55	0.030136
13	29	11	27	47.38	0.0302111
13	29	27	10	-31.73	0.0303152
13	29	10	26	22.24	0.0304496
13	29	26	9	-16.21	0.0306169
13	29	9	25	12.17	0.0308217
13	29	25	8	-9.51	0.0310515
13	29	8	24	6.43	0.0315552
13	29	24	7	-5.19	0.0319268
13	29	7	23	4.17	0.0323981
13	29	23	6	-3.5	0.0328571
13	29	6	22	2.89	0.0334602
13	29	22	5	-2.41	0.0341494
13	29	5	21	2.07	0.0348309
13	29	21	4	-1.85	0.0354054
12	28	11	27	85.02	0.0301176
12	28	27	10	-62.38	0.0301603
12	28	10	26	36.41	0.0302746
12	28	26	9	-28	0.0303571
12	28	9	25	19.06	0.0305247
12	28	25	8	-15.34	0.0306519
12	28	8	24	11.16	0.0308961
12	28	24	7	-9.22	0.0310846
12	28	7	23	6.14	0.0316287
12	28	23	6	-5.24	0.0319084
12	28	6	22	4.12	0.0324272
12	28	22	5	-3.52	0.0328409
12	28	5	21	2.89	0.0334602
12	28	21	4	-2.62	0.0338168
12	28	4	20	2.21	0.0345249
12	28	20	3	-2.08	0.0348077
11	27	10	26	86.51	0.0301156
11	27	26	9	-62.95	0.0301589
11	27	9	25	38.16	0.0302621
11	27	25	8	-29.7	0.0303367
11	27	8	24	20.24	0.0304941
11	27	24	7	-16.3	0.0306135
11	27	7	23	11.86	0.0308432
11	27	23	6	-9.94	0.031006
11	27	6	22	6.6	0.0315152
11	27	22	5	-5.5	0.0318182
11	27	5	21	4.42	0.0322624
11	27	21	4	-3.96	0.0325253
11	27	4	20	3.27	0.0330581
11	27	20	3	-3.05	0.0332787
11	27	3	19	2.74	0.0336496
11	27	19	2	-2.57	0.0338911
10	26	9	25	96.63	0.0301035
10	26	25	8	-69.51	0.0301439
10	26	8	24	42.67	0.0302344
10	26	24	7	-32.63	0.0303065
10	26	7	23	22.51	0.0304442
10	26	23	6	-18.15	0.030551
10	26	6	22	13.45	0.0307435
10	26	22	5	-10.74	0.0309311
10	26	5	21	7.34	0.0313624
10	26	21	4	-6.4	0.0315625
10	26	4	20	5.21	0.0319194
10	26	20	3	-4.79	0.0320877
10	26	3	19	4.27	0.0323419
10	26	19	2	-3.97	0.0325189
10	26	2	18	3.77	0.0326525
10	26	18	1	-3.48	0.0328736
9	25	8	24	101.58	0.0300984
9	25	24	7	-72.73	0.0301375
9	25	7	23	44.83	0.0302231
9	25	23	6	-34.71	0.0302881
9	25	6	22	24.26	0.0304122
9	25	22	5	-18.45	0.030542
9	25	5	21	13.89	0.0307199
9	25	21	4	-11.86	0.0308432
9	25	4	20	8.12	0.0312315
9	25	20	3	-7.35	0.0313605
9	25	3	19	6.46	0.031548
9	25	19	2	-5.96	0.0316779
9	25	2	18	5.61	0.0317825
9	25	18	1	-5.13	0.0319493
9	25	1	17	4.82	0.0320747
8	24	7	23	106.15	0.0300942
8	24	23	6	-77.16	0.0301296
8	24	6	22	48.62	0.0302057
8	24	22	5	-34.61	0.0302889
8	24	5	21	24.34	0.0304108
8	24	21	4	-20.19	0.0304953
8	24	4	20	15.09	0.0306627
8	24	20	3	-13.46	0.0307429
8	24	3	19	9.96	0.031004
8	24	19	2	-9.1	0.0310989
8	24	2	18	8.48	0.0311792
8	24	18	1	-7.65	0.0313072
8	24	1	17	7.12	0.0314045
7	23	6	22	116.93	0.0300855
7	23	22	5	-76.71	0.0301304
7	23	5	21	47.51	0.0302105
7	23	21	4	-38.1	0.0302625
7	23	4	20	26.05	0.0303839
7	23	20	3	-22.73	0.0304399
7	23	3	19	18.86	0.0305302
7	23	19	2	-17.05	0.0305865
7	23	2	18	13.59	0.0307358
7	23	18	1	-12.05	0.0308299
7	23	1	17	11.07	0.0309033
6	22	1	17	16.83	0.0305942
3	19	2	18	266.08	0.0300376
3	19	18	1	-186.55	0.0300536
3	19	1	17	138.87	0.030072
2	18	1	17	780.71	0.0300128
32	48	31	47	63.65	0.0301571
32	48	47	30	-44.44	0.030225
32	48	30	46	28.36	0.0303526
32	48	46	29	-21.71	0.0304606
32	48	29	45	13.09	0.0307639
32	48	45	28	-10.41	0.0309606
32	48	28	44	6.95	0.0314388
32	48	44	27	-5.62	0.0317794
32	48	27	43	3.88	0.0325773
32	48	43	26	-3.19	0.0331348
32	48	26	42	2.42	0.0341322
32	48	42	25	-2.07	0.0348309
32	48	25	41	1.62	0.0361728
32	48	41	24	-1.41	0.0370922
32	48	24	40	1.12	0.0389286
32	48	40	23	-0.99	0.040101
31	47	30	46	87.81	0.0301139
31	47	46	29	-63.74	0.0301569
31	47	29	45	35.85	0.0302789
31	47	45	28	-27.41	0.0303648
31	47	28	44	17.54	0.0305701
31	47	44	27	-13.72	0.0307289
31	47	27	43	9.61	0.0310406
31	47	43	26	-7.67	0.0313038
31	47	26	42	5.09	0.0319646
31	47	42	25	-4.24	0.0323585
31	47	25	41	3.26	0.0330675
31	47	41	24	-2.76	0.0336232
31	47	24	40	2.17	0.0346083
31	47	40	23	-1.87	0.0353476
31	47	23	39	1.51	0.0366225
31	47	39	22	-1.32	0.0375758
30	46	29	45	85.86	0.0301165
30	46	45	28	-61.26	0.0301632
30	46	28	44	36.45	0.0302743
30	46	44	27	-27.19	0.0303678
30	46	27	43	18.45	0.030542
30	46	43	26	-14.22	0.0307032
30	46	26	42	10.36	0.0309653
30	46	42	25	-8.38	0.0311933
30	46	25	41	5.75	0.0317391
30	46	41	24	-4.73	0.0321142
30	46	24	40	3.71	0.0326954
30	46	40	23	-3.11	0.0332154
30	46	23	39	2.51	0.0339841
30	46	39	22	-2.15	0.0346512
30	46	22	38	1.79	0.0355866
30	46	38	21	-1.57	0.0363694
29	45	28	44	91.63	0.0301091
29	45	44	27	-65.12	0.0301536
29	45	27	43	38.89	0.0302571
29	45	43	26	-29.21	0.0303423
29	45	26	42	19.85	0.0305038
29	45	42	25	-15.79	0.0306333
29	45	25	41	11.47	0.0308718
29	45	41	24	-9.32	0.031073
29	45	24	40	6.37	0.0315699
29	45	40	23	-5.29	0.0318904
29	45	23	39	4.14	0.0324155
29	45	39	22	-3.52	0.0328409
29	45	22	38	2.87	0.0334843
29	45	38	21	-2.5	0.034
29	45	21	37	2.1	0.0347619
29	45	37	20	-1.85	0.0354054
28	44	27	43	94.42	0.0301059
28	44	43	26	-67.83	0.0301474
28	44	26	42	40.32	0.030248
28	44	42	25	-31.3	0.0303195
28	44	25	41	21.13	0.0304733
28	44	41	24	-16.89	0.0305921
28	44	24	40	12.17	0.0308217
28	44	40	23	-9.96	0.031004
28	44	23	39	6.76	0.0314793
28	44	39	22	-5.66	0.0317668
28	44	22	38	4.5	0.0322222
28	44	38	21	-3.88	0.0325773
28	44	21	37	3.19	0.0331348
28	44	37	20	-2.8	0.0335714
28	44	20	36	2.35	0.0342553
28	44	36	19	-2.17	0.0346083
27	43	26	42	95.74	0.0301044
27	43	42	25	-70.91	0.030141
27	43	25	41	42.2	0.030237
27	43	41	24	-32.59	0.0303068
27	43	24	40	22.01	0.0304543
27	43	40	23	-17.55	0.0305698
27	43	23	39	12.72	0.0307862
27	43	39	22	-10.42	0.0309597
27	43	22	38	7.25	0.0313793
27	43	38	21	-6.13	0.0316313
27	43	21	37	4.93	0.0320284
27	43	37	20	-4.25	0.0323529
27	43	20	36	3.51	0.032849
27	43	36	19	-3.22	0.0331056
27	43	19	35	2.85	0.0335088
27	43	35	18	-2.7	0.0337037
26	42	25	41	99.91	0.0301001
26	42	41	24	-72.61	0.0301377
26	42	24	40	43.55	0.0302296
26	42	40	23	-33.33	0.0303
26	42	23	39	22.7	0.0304405
26	42	39	22	-18.03	0.0305546
26	42	22	38	13.39	0.0307468
26	42	38	21	-11.05	0.030905
26	42	21	37	7.79	0.0312837
26	42	37	20	-6.56	0.0315244
26	42	20	36	5.28	0.0318939
26	42	36	19	-4.76	0.0321008
26	42	19	35	4.17	0.0323981
26	42	35	18	-3.93	0.0325445
26	42	18	34	3.69	0.03271
26	42	34	17	-3.47	0.0328818
25	41	24	40	103.08	0.030097
25	41	40	23	-74.66	0.0301339
25	41	23	39	44.89	0.0302228
25	41	39	22	-34.38	0.0302909
25	41	22	38	23.85	0.0304193
25	41	38	21	-19.21	0.0305206
25	41	21	37	14.38	0.0306954
25	41	37	20	-11.81	0.0308467
25	41	20	36	8.15	0.031227
25	41	36	19	-7.24	0.0313812
25	41	19	35	6.19	0.0316155
25	41	35	18	-5.78	0.0317301
25	41	18	34	5.39	0.0318553
25	41	34	17	-5.03	0.0319881
25	41	17	33	4.87	0.0320534
24	40	23	39	105.66	0.0300946
24	40	39	22	-76.74	0.0301303
24	40	22	38	47.12	0.0302122
24	40	38	21	-36.71	0.0302724
24	40	21	37	25.58	0.0303909
24	40	37	20	-20.37	0.0304909
24	40	20	36	14.83	0.0306743
24	40	36	19	-12.92	0.030774
24	40	19	35	9.52	0.0310504
24	40	35	18	-8.81	0.0311351
24	40	18	34	8.09	0.0312361
24	40	34	17	-7.48	0.0313369
24	40	17	33	7.18	0.0313928
23	39	22	38	115.43	0.0300866
23	39	38	21	-85.77	0.0301166
23	39	21	37	52.39	0.0301909
23	39	37	20	-40.02	0.0302499
23	39	20	36	26.32	0.0303799
23	39	36	19	-22.44	0.0304456
23	39	19	35	17.56	0.0305695
23	39	35	18	-16.05	0.0306231
23	39	18	34	12.8	0.0307813
23	39	34	17	-11.71	0.030854
23	39	17	33	11.05	0.030905
22	38	21	37	126.78	0.0300789
22	38	37	20	-91	0.0301099
22	38	20	36	50.59	0.0301977
22	38	36	19	-41.69	0.0302399
22	38	19	35	30.09	0.0303323
22	38	35	18	-27.08	0.0303693
22	38	18	34	23.75	0.0304211
22	38	34	17	-21.25	0.0304706
22	38	17	33	17.51	0.0305711
21	37	20	36	114.58	0.0300873
21	37	36	19	-87.32	0.0301145
21	37	19	35	54.41	0.0301838
21	37	35	18	-47.42	0.0302109
21	37	18	34	40.01	0.0302499
21	37	34	17	-35.22	0.0302839
21	37	17	33	31.91	0.0303134
18	34	17	33	404.74	0.0300247
48	64	47	63	59.24	0.0301688
48	64	63	46	-43.54	0.0302297
48	64	46	62	26.68	0.0303748
48	64	62	45	-17.99	0.0305559
48	64	45	61	12.36	0.0308091
48	64	61	44	-8.94	0.0311186
48	64	44	60	6.56	0.0315244
48	64	60	43	-5.05	0.0319802
48	64	43	59	3.64	0.0327473
48	64	59	42	-2.9	0.0334483
48	64	42	58	2.27	0.0344053
48	64	58	41	-1.86	0.0353763
48	64	41	57	1.5	0.0366667
48	64	57	40	-1.26	0.0379365
48	64	40	56	1.03	0.0397087
48	64	56	39	-0.87	0.0414943
47	63	46	62	81.38	0.0301229
47	63	62	45	-53.11	0.0301883
47	63	45	61	32.97	0.0303033
47	63	61	44	-23.08	0.0304333
47	63	44	60	16.1	0.0306211
47	63	60	43	-12.1	0.0308264
47	63	43	59	8.8	0.0311364
47	63	59	42	-6.89	0.0314514
47	63	42	58	4.71	0.0321231
47	63	58	41	-3.77	0.0326525
47	63	41	57	2.96	0.0333784
47	63	57	40	-2.44	0.0340984
47	63	40	56	1.96	0.035102
47	63	56	39	-1.63	0.036135
47	63	39	55	1.35	0.0374074
47	63	55	38	-1.15	0.0386957
46	62	45	61	80.93	0.0301236
46	62	61	44	-55.83	0.0301791
46	62	44	60	34.06	0.0302936
46	62	60	43	-25.36	0.0303943
46	62	43	59	17.17	0.0305824
46	62	59	42	-13.39	0.0307468
46	62	42	58	9.67	0.0310341
46	62	58	41	-7.74	0.031292
46	62	41	57	5.28	0.0318939
46	62	57	40	-4.34	0.0323041
46	62	40	56	3.34	0.032994
46	62	56	39	-2.79	0.0335842
46	62	39	55	2.23	0.0344843
46	62	55	38	-1.92	0.0352083
46	62	38	54	1.57	0.0363694
46	62	54	37	-1.4	0.0371429
45	61	44	60	86.86	0.0301151
45	61	60	43	-60.43	0.0301655
45	61	43	59	36.64	0.0302729
45	61	59	42	-27.28	0.0303666
45	61	42	58	18.74	0.0305336
45	61	58	41	-14.5	0.0306897
45	61	41	57	10.6	0.0309434
45	61	57	40	-8.48	0.0311792
45	61	40	56	5.86	0.0317065
45	61	56	39	-4.77	0.0320964
45	61	39	55	3.76	0.0326596
45	61	55	38	-3.16	0.0331646
45	61	38	54	2.56	0.0339062
45	61	54	37	-2.24	0.0344643
45	61	37	53	1.89	0.035291
45	61	53	36	-1.65	0.0360606
44	60	43	59	89.83	0.0301113
44	60	59	42	-62	0.0301613
44	60	42	58	38.45	0.0302601
44	60	58	41	-28.27	0.0303537
44	60	41	57	19.75	0.0305063
44	60	57	40	-15.22	0.030657
44	60	40	56	11.09	0.0309017
44	60	56	39	-8.75	0.0311429
44	60	39	55	6.24	0.0316026
44	60	55	38	-5.11	0.0319569
44	60	38	54	4.07	0.032457
44	60	54	37	-3.48	0.0328736
44	60	37	53	2.9	0.0334483
44	60	53	36	-2.48	0.0340323
44	60	36	52	2.18	0.0345872
44	60	52	35	-1.96	0.035102
43	59	42	58	92.43	0.0301082
43	59	58	41	-63.79	0.0301568
43	59	41	57	39.75	0.0302516
43	59	57	40	-29.29	0.0303414
43	59	40	56	20.06	0.0304985
43	59	56	39	-15.35	0.0306515
43	59	39	55	11.5	0.0308696
43	59	55	38	-9.22	0.0310846
43	59	38	54	6.52	0.0315337
43	59	54	37	-5.46	0.0318315
43	59	37	53	4.43	0.0322573
43	59	53	36	-3.73	0.032681
43	59	36	52	3.21	0.0331153
43	59	52	35	-2.86	0.0334965
43	59	35	51	2.5	0.034
43	59	51	34	-2.35	0.0342553
42	58	41	57	94.33	0.030106
42	58	57	40	-65.11	0.0301536
42	58	40	56	39.32	0.0302543
42	58	56	39	-28.73	0.0303481
42	58	39	55	20.7	0.0304831
42	58	55	38	-16.14	0.0306196
42	58	38	54	11.87	0.0308425
42	58	54	37	-9.7	0.0310309
42	58	37	53	6.91	0.0314472
42	58	53	36	-5.67	0.0317637
42	58	36	52	4.78	0.0320921
42	58	52	35	-4.18	0.0323923
42	58	35	51	3.58	0.0327933
42	58	51	34	-3.35	0.0329851
42	58	34	50	3.12	0.0332051
42	58	50	33	-2.84	0.0335211
41	57	40	56	92.76	0.0301078
41	57	56	39	-62.71	0.0301595
41	57	39	55	42.4	0.0302358
41	57	55	38	-31.85	0.030314
41	57	38	54	21.64	0.0304621
41	57	54	37	-17.09	0.0305851
41	57	37	53	12.8	0.0307813
41	57	53	36	-10.19	0.0309814
41	57	36	52	7.43	0.0313459
41	57	52	35	-6.36	0.0315723
41	57	35	51	5.3	0.0318868
41	57	51	34	-4.9	0.0320408
41	57	34	50	4.51	0.0322173
41	57	50	33	-4.08	0.032451
41	57	33	49	3.91	0.0325575
40	56	39	55	94.37	0.030106
40	56	55	38	-64.38	0.0301553
40	56	38	54	42.21	0.0302369
40	56	54	37	-31.3	0.0303195
40	56	37	53	22.79	0.0304388
40	56	53	36	-17.29	0.0305784
40	56	36	52	13.68	0.030731
40	56	52	35	-11.41	0.0308764
40	56	35	51	8.23	0.0312151
40	56	51	34	-7.5	0.0313333
40	56	34	50	6.81	0.0314684
40	56	50	33	-6.12	0.031634
40	56	33	49	5.82	0.0317182
39	55	38	54	111.3	0.0300898
39	55	54	37	-77.8	0.0301285
39	55	37	53	48.69	0.0302054
39	55	53	36	-34.86	0.0302869
39	55	36	52	25.54	0.0303915
39	55	52	35	-20.63	0.0304847
39	55	35	51	15.26	0.0306553
39	55	51	34	-13.99	0.0307148
39	55	34	50	11.02	0.0309074
39	55	50	33	-9.79	0.0310215
39	55	33	49	9.18	0.0310893
38	54	37	53	119.35	0.0300838
38	54	53	36	-78.62	0.0301272
38	54	36	52	50.67	0.0301974
38	54	52	35	-38.94	0.0302568
38	54	35	51	27.04	0.0303698
38	54	51	34	-23.71	0.0304218
38	54	34	50	20.35	0.0304914
38	54	50	33	-17.87	0.0305596
38	54	33	49	14.58	0.0306859
37	53	36	52	120.01	0.0300833
37	53	52	35	-86.94	0.030115
37	53	35	51	50.25	0.030199
37	53	51	34	-42.72	0.0302341
37	53	34	50	34.91	0.0302865
37	53	50	33	-30.21	0.030331
37	53	33	49	27.17	0.0303681
34	50	33	49	290.34	0.0300344
64	80	63	79	45.49	0.0302198
64	80	79	62	-28.74	0.0303479
64	80	62	78	18.49	0.0305408
64	80	78	61	-12.91	0.0307746
64	80	61	77	8.99	0.0311123
64	80	77	60	-6.58	0.0315198
64	80	60	76	5.08	0.0319685
64	80	76	59	-3.81	0.0326247
64	80	59	75	2.98	0.0333557
64	80	75	58	-2.26	0.0344248
64	80	58	74	1.79	0.0355866
64	80	74	57	-1.35	0.0374074
64	80	57	73	1.22	0.0381967
64	80	73	56	-0.93	0.0407527
64	80	56	72	0.92	0.0408696
64	80	72	55	-0.73	0.0436986
63	79	62	78	77.79	0.0301286
63	79	78	61	-57.65	0.0301735
63	79	61	77	29.28	0.0303415
63	79	77	60	-22.27	0.030449
63	79	60	76	14.67	0.0306817
63	79	76	59	-11.4	0.0308772
63	79	59	75	8.02	0.0312469
63	79	75	58	-6.31	0.0315848
63	79	58	74	3.76	0.0326596
63	79	74	57	-2.9	0.0334483
63	79	57	73	2.38	0.0342017
63	79	73	56	-1.84	0.0354348
63	79	56	72	1.71	0.035848
63	79	72	55	-1.39	0.0371942
63	79	55	71	1.36	0.0373529
63	79	71	54	-1.16	0.0386207
62	78	61	77	78.09	0.0301281
62	78	77	60	-56.21	0.0301779
62	78	60	76	32.45	0.0303082
62	78	76	59	-24.34	0.0304108
62	78	59	75	16.19	0.0306177
62	78	75	58	-12.42	0.0308052
62	78	58	74	8.01	0.0312484
62	78	74	57	-6.03	0.0316584
62	78	57	73	4.31	0.0323202
62	78	73	56	-3.24	0.0330864
62	78	56	72	2.97	0.033367
62	78	72	55	-2.37	0.0342194
62	78	55	71	2.31	0.034329
62	78	71	54	-1.93	0.0351813
62	78	54	70	1.77	0.0356497
62	78	70	53	-1.53	0.0365359
61	77	60	76	86.89	0.0301151
61	77	76	59	-63.18	0.0301583
61	77	59	75	34.74	0.0302879
61	77	75	58	-26.11	0.030383
61	77	58	74	15.17	0.0306592
61	77	74	57	-11.19	0.0308937
61	77	57	73	8.5	0.0311765
61	77	73	56	-6.26	0.0315974
61	77	56	72	5.03	0.0319881
61	77	72	55	-3.96	0.0325253
61	77	55	71	3.82	0.0326178
61	77	71	54	-3.16	0.0331646
61	77	54	70	2.88	0.0334722
61	77	70	53	-2.49	0.0340161
61	77	53	69	2.14	0.0346729
61	77	69	52	-1.91	0.0352356
60	76	59	75	86.61	0.0301155
60	76	75	58	-62.89	0.030159
60	76	58	74	29.79	0.0303357
60	76	74	57	-21.13	0.0304733
60	76	57	73	14.99	0.0306671
60	76	73	56	-10.67	0.0309372
60	76	56	72	9.2	0.031087
60	76	72	55	-7.09	0.0314104
60	76	55	71	6.07	0.0316474
60	76	71	54	-4.95	0.0320202
60	76	54	70	4.46	0.0322422
60	76	70	53	-3.83	0.032611
60	76	53	69	3.26	0.0330675
60	76	69	52	-2.9	0.0334483
60	76	52	68	2.52	0.0339683
60	76	68	51	-2.24	0.0344643
59	75	58	74	72.71	0.0301375
59	75	74	57	-48.35	0.0302068
59	75	57	73	29.23	0.0303421
59	75	73	56	-19.7	0.0305076
59	75	56	72	16.14	0.0306196
59	75	72	55	-12.1	0.0308264
59	75	55	71	11.35	0.0308811
59	75	71	54	-9.07	0.0311025
59	75	54	70	7.29	0.0313717
59	75	70	53	-6.17	0.0316207
59	75	53	69	5.2	0.0319231
59	75	69	52	-4.59	0.0321786
59	75	52	68	3.95	0.0325316
59	75	68	51	-3.5	0.0328571
59	75	51	67	3.02	0.0333113
59	75	67	50	-2.84	0.0335211
58	74	57	73	68.28	0.0301465
58	74	73	56	-41.93	0.0302385
58	74	56	72	30.79	0.0303248
58	74	72	55	-22.35	0.0304474
58	74	55	71	20.33	0.0304919
58	74	71	54	-15.8	0.0306329
58	74	54	70	13.79	0.0307252
58	74	70	53	-11.54	0.0308666
58	74	53	69	8.5	0.0311765
58	74	69	52	-7.46	0.0313405
58	74	52	68	6.33	0.0315798
58	74	68	51	-5.58	0.0317921
58	74	51	67	4.75	0.0321053
58	74	67	50	-4.48	0.0322321
58	74	50	66	4.05	0.0324691
58	74	66	49	-3.84	0.0326042
57	73	56	72	58.22	0.0301718
57	73	72	55	-37.54	0.0302664
57	73	55	71	34.28	0.0302917
57	73	71	54	-23.77	0.0304207
57	73	54	70	20.92	0.030478
57	73	70	53	-16.42	0.030609
57	73	53	69	13.7	0.0307299
57	73	69	52	-11.56	0.0308651
57	73	52	68	8.77	0.0311403
57	73	68	51	-7.45	0.0313423
57	73	51	67	6.4	0.0315625
57	73	67	50	-5.92	0.0316892
57	73	50	66	5.4	0.0318519
57	73	66	49	-5.08	0.0319685
57	73	49	65	4.89	0.032045
56	72	55	71	58.58	0.0301707
56	72	71	54	-36.12	0.0302769
56	72	54	70	31.72	0.0303153
56	72	70	53	-22.97	0.0304354
56	72	53	69	19.45	0.0305141
56	72	69	52	-15.56	0.0306427
56	72	52	68	13.51	0.0307402
56	72	68	51	-10.91	0.0309166
56	72	51	67	8.64	0.0311574
56	72	67	50	-7.79	0.0312837
56	72	50	66	7.2	0.0313889
56	72	66	49	-6.68	0.031497
56	72	49	65	6.48	0.0315432
55	71	54	70	68.67	0.0301456
55	71	70	53	-39.4	0.0302538
55	71	53	69	32.76	0.0303053
55	71	69	52	-23.15	0.030432
55	71	52	68	20.41	0.03049
55	71	68	51	-14.96	0.0306684
55	71	51	67	13.25	0.0307547
55	71	67	50	-11.46	0.0308726
55	71	50	66	9.22	0.0310846
55	71	66	49	-8.35	0.0311976
55	71	49	65	8.17	0.031224
54	70	53	69	89.08	0.0301123
54	70	69	52	-60.82	0.0301644
54	70	52	68	39.12	0.0302556
54	70	68	51	-26.83	0.0303727
54	70	51	67	21.13	0.0304733
54	70	67	50	-17.67	0.0305659
54	70	50	66	15.66	0.0306386
54	70	66	49	-13.89	0.0307199
54	70	49	65	11.79	0.0308482
53	69	52	68	112.18	0.0300891
53	69	68	51	-74.94	0.0301334
53	69	51	67	43.09	0.0302321
53	69	67	50	-35.24	0.0302838
53	69	50	66	27.37	0.0303654
53	69	66	49	-23.88	0.0304188
53	69	49	65	21.7	0.0304608
52	68	51	67	105.87	0.0300945
52	68	67	50	-83.64	0.0301196
52	68	50	66	52.21	0.0301915
52	68	66	49	-44.74	0.0302235
52	68	49	65	38.14	0.0302622
80	96	79	95	38.34	0.0302608
80	96	95	78	-28.34	0.0303529
80	96	78	94	15.38	0.0306502
80	96	94	77	-11.65	0.0308584
80	96	77	93	7.32	0.0313661
80	96	93	76	-5.89	0.0316978
80	96	76	92	4	0.0325
80	96	92	75	-3.24	0.0330864
80	96	75	91	2.28	0.034386
80	96	91	74	-1.77	0.0356497
80	96	74	90	1.21	0.0382645
80	96	90	73	-1.03	0.0397087
80	96	73	89	0.64	0.045625
80	96	89	72	-0.56	0.0478571
80	96	72	88	0.24	0.0716667
80	96	88	71	-0.21	0.077619
79	95	78	94	84.1	0.0301189
79	95	94	77	-55.53	0.0301801
79	95	77	93	29.66	0.0303372
79	95	93	76	-22.14	0.0304517
79	95	76	92	14.04	0.0307123
79	95	92	75	-10.71	0.0309337
79	95	75	91	7.26	0.0313774
79	95	91	74	-5.27	0.0318975
79	95	74	90	3.11	0.0332154
79	95	90	73	-2.53	0.0339526
79	95	73	89	1.54	0.0364935
79	95	89	72	-1.31	0.0376336
79	95	72	88	0.56	0.0478571
79	95	88	71	-0.48	0.0508333
79	95	71	87	0.25	0.07
79	95	87	70	-0.22	0.0754545
78	94	77	93	82.25	0.0301216
78	94	93	76	-58.35	0.0301714
78	94	76	92	31.31	0.0303194
78	94	92	75	-23.21	0.0304308
78	94	75	91	14.76	0.0306775
78	94	91	74	-10.48	0.0309542
78	94	74	90	6.63	0.0315083
78	94	90	73	-5.34	0.0318727
78	94	73	89	2.82	0.0335461
78	94	89	72	-2.38	0.0342017
78	94	72	88	0.98	0.0402041
78	94	88	71	-0.85	0.0417647
78	94	71	87	0.43	0.0532558
78	94	87	70	-0.37	0.057027
78	94	70	86	0.35	0.0585714
78	94	86	69	-0.32	0.06125
77	93	76	92	87.67	0.0301141
77	93	92	75	-59.02	0.0301694
77	93	75	91	32.48	0.0303079
77	93	91	74	-21.8	0.0304587
77	93	74	90	12.93	0.0307734
77	93	90	73	-10.06	0.030994
77	93	73	89	5.72	0.0317483
77	93	89	72	-4.76	0.0321008
77	93	72	88	1.72	0.035814
77	93	88	71	-1.48	0.0367568
77	93	71	87	0.73	0.0436986
77	93	87	70	-0.6	0.0466667
77	93	70	86	0.56	0.0478571
77	93	86	69	-0.47	0.0512766
77	93	69	85	0.46	0.0517391
77	93	85	68	-0.39	0.055641
76	92	75	91	87.88	0.0301138
76	92	91	74	-54.91	0.0301821
76	92	74	90	27.01	0.0303702
76	92	90	73	-20.4	0.0304902
76	92	73	89	10.7	0.0309346
76	92	89	72	-8.8	0.0311364
76	92	72	88	3.37	0.0329674
76	92	88	71	-2.88	0.0334722
76	92	71	87	1.22	0.0381967
76	92	87	70	-0.96	0.0404167
76	92	70	86	0.89	0.041236
76	92	86	69	-0.68	0.0447059
76	92	69	85	0.66	0.0451515
76	92	85	68	-0.52	0.0492308
76	92	68	84	0.53	0.0488679
76	92	84	67	-0.43	0.0532558
75	91	74	90	71.98	0.0301389
75	91	90	73	-51.09	0.0301957
75	91	73	89	21.93	0.030456
75	91	89	72	-17.81	0.0305615
75	91	72	88	6.25	0.0316
75	91	88	71	-5.28	0.0318939
75	91	71	87	2.34	0.0342735
75	91	87	70	-1.75	0.0357143
75	91	70	86	1.37	0.0372993
75	91	86	69	-0.95	0.0405263
75	91	69	85	0.91	0.040989
75	91	85	68	-0.63	0.045873
75	91	68	84	0.64	0.045625
75	91	84	67	-0.45	0.0522222
75	91	67	83	0.52	0.0492308
75	91	83	66	-0.39	0.055641
74	90	73	89	58.76	0.0301702
74	90	89	72	-46.55	0.0302148
74	90	72	88	13.37	0.0307479
74	90	88	71	-11.14	0.0308977
74	90	71	87	4.48	0.0322321
74	90	87	70	-3.1	0.0332258
74	90	70	86	2.79	0.0335842
74	90	86	69	-1.66	0.0360241
74	90	69	85	1.37	0.0372993
74	90	85	68	-0.75	0.0433333
74	90	68	84	0.75	0.0433333
74	90	84	67	-0.33	0.060303
74	90	67	83	0.47	0.0512766
74	90	83	66	-0.22	0.0754545
74	90	66	82	0.55	0.0481818
74	90	82	65	-0.44	0.0527273
73	89	72	88	31.25	0.03032
73	89	88	71	-27.64	0.0303618
73	89	71	87	6.77	0.0314771
73	89	87	70	-4.84	0.0320661
73	89	70	86	4.09	0.032445
73	89	86	69	-2.64	0.0337879
73	89	69	85	2.38	0.0342017
73	89	85	68	-1.55	0.0364516
73	89	68	84	1.49	0.0367114
73	89	84	67	-0.96	0.0404167
73	89	67	83	1.05	0.0395238
73	89	83	66	-0.76	0.0431579
73	89	66	82	0.97	0.0403093
73	89	82	65	-0.82	0.0421951
73	89	65	81	0.93	0.0407527
72	88	67	83	2.28	0.034386
72	88	83	66	-2.05	0.034878
72	88	66	82	1.64	0.0360976
72	88	82	65	-1.54	0.0364935
72	88	65	81	1.37	0.0372993
71	87	66	82	2.09	0.0347847
71	87	82	65	-2	0.035
71	87	65	81	1.67	0.035988
70	86	65	81	3.57	0.0328011
96	112	95	111	40.73	0.0302455
96	112	111	94	-27.55	0.030363
96	112	94	110	16.83	0.0305942
96	112	110	93	-12.47	0.0308019
96	112	93	109	8.58	0.0311655
96	112	109	92	-6.64	0.031506
96	112	92	108	4.84	0.0320661
96	112	108	91	-3.86	0.0325907
96	112	91	107	2.9	0.0334483
96	112	107	90	-2.34	0.0342735
96	112	90	106	1.76	0.0356818
96	112	106	89	-1.41	0.0370922
96	112	89	105	1.11	0.039009
96	112	105	88	-0.89	0.041236
96	112	88	104	0.71	0.0440845
96	112	104	87	-0.65	0.0453846
95	111	94	110	83.48	0.0301198
95	111	110	93	-57.53	0.0301738
95	111	93	109	32.45	0.0303082
95	111	109	92	-24.24	0.0304125
95	111	92	108	15.76	0.0306345
95	111	108	91	-12.24	0.030817
95	111	91	107	8.51	0.0311751
95	111	107	90	-6.66	0.0315015
95	111	90	106	4.2	0.032381
95	111	106	89	-3.24	0.0330864
95	111	89	105	2.42	0.0341322
95	111	105	88	-1.82	0.0354945
95	111	88	104	1.39	0.0371942
95	111	104	87	-1.23	0.0381301
95	111	87	103	0.98	0.0402041
95	111	103	86	-0.96	0.0404167
94	110	93	109	93.09	0.0301074
94	110	109	92	-65.71	0.0301522
94	110	92	108	37.32	0.030268
94	110	108	91	-28.82	0.030347
94	110	91	107	18.38	0.0305441
94	110	107	90	-14.49	0.0306901
94	110	90	106	9.49	0.0310537
94	110	106	89	-7.42	0.0313477
94	110	89	105	4.69	0.0321322
94	110	105	88	-3.59	0.0327855
94	110	88	104	2.6	0.0338462
94	110	104	87	-2.31	0.034329
94	110	87	103	1.76	0.0356818
94	110	103	86	-1.72	0.035814
94	110	86	102	1.36	0.0373529
94	110	102	85	-1.33	0.0375188
93	109	92	108	96.1	0.0301041
93	109	108	91	-69.41	0.0301441
93	109	91	107	39.02	0.0302563
93	109	107	90	-29.78	0.0303358
93	109	90	106	18.11	0.0305522
93	109	106	89	-14.01	0.0307138
93	109	89	105	9.39	0.031065
93	109	105	88	-7.12	0.0314045
93	109	88	104	4.39	0.0322779
93	109	104	87	-3.87	0.032584
93	109	87	103	2.85	0.0335088
93	109	103	86	-2.78	0.0335971
93	109	86	102	2.13	0.0346948
93	109	102	85	-2.08	0.0348077
93	109	85	101	1.63	0.036135
93	109	101	84	-1.6	0.03625
92	108	91	107	97.36	0.0301027
92	108	107	90	-69.41	0.0301441
92	108	90	106	36.14	0.0302767
92	108	106	89	-26.9	0.0303717
92	108	89	105	16.9	0.0305917
92	108	105	88	-12.38	0.0308078
92	108	88	104	8.14	0.0312285
92	108	104	87	-7.02	0.0314245
92	108	87	103	4.44	0.0322523
92	108	103	86	-4.33	0.0323095
92	108	86	102	3.21	0.0331153
92	108	102	85	-3.14	0.0331847
92	108	85	101	2.41	0.0341494
92	108	101	84	-2.36	0.0342373
92	108	84	100	1.91	0.0352356
92	108	100	83	-1.77	0.0356497
91	107	90	106	90.8	0.0301101
91	107	106	89	-62.37	0.0301603
91	107	89	105	33.69	0.0302968
91	107	105	88	-23.74	0.0304212
91	107	88	104	14.39	0.0306949
91	107	104	87	-12.07	0.0308285
91	107	87	103	8.04	0.0312438
91	107	103	86	-7.83	0.0312771
91	107	86	102	4.98	0.032008
91	107	102	85	-4.85	0.0320619
91	107	85	101	3.6	0.0327778
91	107	101	84	-3.53	0.0328329
91	107	84	100	2.79	0.0335842
91	107	100	83	-2.59	0.033861
91	107	83	99	2.41	0.0341494
91	107	99	82	-1.84	0.0354348
90	106	89	105	89.47	0.0301118
90	106	105	88	-59.09	0.0301692
90	106	88	104	29.17	0.0303428
90	106	104	87	-23.57	0.0304243
90	106	87	103	14.11	0.0307087
90	106	103	86	-13.7	0.0307299
90	106	86	102	9.09	0.0311001
90	106	102	85	-8.86	0.0311287
90	106	85	101	5.61	0.0317825
90	106	101	84	-5.49	0.0318215
90	106	84	100	4.18	0.0323923
90	106	100	83	-3.87	0.032584
90	106	83	99	3.52	0.0328409
90	106	99	82	-2.7	0.0337037
90	106	82	98	2.63	0.0338023
90	106	98	81	-2.22	0.0345045
89	105	88	104	76.29	0.0301311
89	105	104	87	-56.2	0.0301779
89	105	87	103	27.06	0.0303695
89	105	103	86	-26.17	0.0303821
89	105	86	102	15.67	0.0306382
89	105	102	85	-15.21	0.0306575
89	105	85	101	10.07	0.030993
89	105	101	84	-9.86	0.0310142
89	105	84	100	6.43	0.0315552
89	105	100	83	-5.95	0.0316807
89	105	83	99	5.27	0.0318975
89	105	99	82	-4.03	0.0324814
89	105	82	98	3.84	0.0326042
89	105	98	81	-3.24	0.0330864
89	105	81	97	3.15	0.0331746
88	104	87	103	65.56	0.0301525
88	104	103	86	-62.88	0.030159
88	104	86	102	29.66	0.0303372
88	104	102	85	-28.69	0.0303486
88	104	85	101	17.09	0.0305851
88	104	101	84	-16.69	0.0305992
88	104	84	100	11.42	0.0308757
88	104	100	83	-10.6	0.0309434
88	104	83	99	8.1	0.0312346
88	104	99	82	-6.17	0.0316207
88	104	82	98	5.74	0.0317422
88	104	98	81	-4.82	0.0320747
88	104	81	97	4.61	0.0321692
87	103	82	98	7.24	0.0313812
87	103	98	81	-6.18	0.0316181
87	103	81	97	5.67	0.0317637
86	102	81	97	6.74	0.0314837
112	128	111	127	38.9	0.0302571
112	128	127	110	-28.14	0.0303554
112	128	110	126	16.09	0.0306215
112	128	126	109	-12.24	0.030817
112	128	109	125	8.26	0.0312107
112	128	125	108	-6.53	0.0315314
112	128	108	124	4.71	0.0321231
112	128	124	107	-3.81	0.0326247
112	128	107	123	2.82	0.0335461
112	128	123	106	-2.28	0.034386
112	128	106	122	1.75	0.0357143
112	128	122	105	-1.48	0.0367568
112	128	105	121	1.17	0.038547
112	128	121	104	-1.03	0.0397087
112	128	104	120	0.82	0.0421951
112	128	120	103	-0.74	0.0435135
111	127	110	126	82.01	0.0301219
111	127	126	109	-56.76	0.0301762
111	127	109	125	32.34	0.0303092
111	127	125	108	-23.88	0.0304188
111	127	108	124	15.9	0.0306289
111	127	124	107	-12.23	0.0308177
111	127	107	123	8.57	0.0311669
111	127	123	106	-6.68	0.031497
111	127	106	122	4.33	0.0323095
111	127	122	105	-3.57	0.0328011
111	127	105	121	2.71	0.03369
111	127	121	104	-2.33	0.0342918
111	127	104	120	1.77	0.0356497
111	127	120	103	-1.58	0.0363291
111	127	103	119	1.22	0.0381967
111	127	119	102	-1.12	0.0389286
110	126	109	125	92.94	0.0301076
110	126	125	108	-64.36	0.0301554
110	126	108	124	38.02	0.030263
110	126	124	107	-27.68	0.0303613
110	126	107	123	18.65	0.0305362
110	126	123	106	-13.76	0.0307267
110	126	106	122	9.82	0.0310183
110	126	122	105	-7.81	0.0312804
110	126	105	121	5.21	0.0319194
110	126	121	104	-4.3	0.0323256
110	126	104	120	3.26	0.0330675
110	126	120	103	-2.8	0.0335714
110	126	103	119	2.17	0.0346083
110	126	119	102	-1.92	0.0352083
110	126	102	118	1.51	0.0366225
110	126	118	101	-1.38	0.0372464
109	125	108	124	99.95	0.0301001
109	125	124	107	-69.48	0.0301439
109	125	107	123	40.3	0.0302481
109	125	123	106	-28.28	0.0303536
109	125	106	122	18.97	0.0305271
109	125	122	105	-14.51	0.0306892
109	125	105	121	10.58	0.0309452
109	125	121	104	-8.52	0.0311737
109	125	104	120	5.63	0.0317762
109	125	120	103	-4.72	0.0321186
109	125	103	119	3.6	0.0327778
109	125	119	102	-3.12	0.0332051
109	125	102	118	2.41	0.0341494
109	125	118	101	-2.16	0.0346296
109	125	101	117	1.72	0.035814
109	125	117	100	-1.59	0.0362893
108	124	107	123	99.74	0.0301003
108	124	123	106	-66.02	0.0301515
108	124	106	122	37.82	0.0302644
108	124	122	105	-27.92	0.0303582
108	124	105	121	19.13	0.0305227
108	124	121	104	-15.04	0.0306649
108	124	104	120	10.7	0.0309346
108	124	120	103	-8.81	0.0311351
108	124	103	119	5.84	0.0317123
108	124	119	102	-4.95	0.0320202
108	124	102	118	3.74	0.0326738
108	124	118	101	-3.29	0.0330395
108	124	101	117	2.57	0.0338911
108	124	117	100	-2.35	0.0342553
108	124	100	116	1.89	0.035291
108	124	116	99	-1.74	0.0357471
107	123	106	122	93.01	0.0301075
107	123	122	105	-64.19	0.0301558
107	123	105	121	37.69	0.0302653
107	123	121	104	-28.55	0.0303503
107	123	104	120	18.97	0.0305271
107	123	120	103	-15.22	0.030657
107	123	103	119	10.89	0.0309183
107	123	119	102	-8.99	0.0311123
107	123	102	118	5.91	0.031692
107	123	118	101	-5.07	0.0319724
107	123	101	117	3.87	0.032584
107	123	117	100	-3.46	0.0328902
107	123	100	116	2.73	0.033663
107	123	116	99	-2.5	0.034
107	123	99	115	1.75	0.0357143
107	123	115	98	-1.58	0.0363291
106	122	105	121	97.13	0.030103
106	122	121	104	-66.92	0.0301494
106	122	104	120	37.97	0.0302634
106	122	120	103	-28.89	0.0303461
106	122	103	119	19.51	0.0305126
106	122	119	102	-15.39	0.0306498
106	122	102	118	11	0.0309091
106	122	118	101	-9.02	0.0311086
106	122	101	117	6.06	0.0316502
106	122	117	100	-5.22	0.0319157
106	122	100	116	4.05	0.0324691
106	122	116	99	-3.63	0.0327548
106	122	99	115	2.5	0.034
106	122	115	98	-2.22	0.0345045
106	122	98	114	2.6	0.0338462
106	122	114	97	-2.44	0.0340984
105	121	104	120	93.48	0.030107
105	121	120	103	-64.73	0.0301545
105	121	103	119	38.01	0.0302631
105	121	119	102	-28.3	0.0303534
105	121	102	118	19.1	0.0305236
105	121	118	101	-14.9	0.0306711
105	121	101	117	10.79	0.0309268
105	121	117	100	-8.88	0.0311261
105	121	100	116	6	0.0316667
105	121	116	99	-5.24	0.0319084
105	121	99	115	3.52	0.0328409
105	121	115	98	-3.06	0.033268
105	121	98	114	3.63	0.0327548
105	121	114	97	-3.37	0.0329674
105	121	97	113	2.48	0.0340323
104	120	103	119	98.82	0.0301012
104	120	119	102	-67	0.0301493
104	120	102	118	38.26	0.0302614
104	120	118	101	-28.12	0.0303556
104	120	101	117	19	0.0305263
104	120	117	100	-14.88	0.030672
104	120	100	116	10.81	0.0309251
104	120	116	99	-9.18	0.0310893
104	120	99	115	5.2	0.0319231
104	120	115	98	-4.41	0.0322676
104	120	98	114	5.36	0.0318657
104	120	114	97	-4.93	0.0320284
104	120	97	113	3.48	0.0328736
103	119	102	118	98.59	0.0301014
103	119	118	101	-66.69	0.0301499
103	119	101	117	37.61	0.0302659
103	119	117	100	-27.84	0.0303592
103	119	100	116	18.69	0.030535
103	119	116	99	-15.36	0.030651
103	119	99	115	9.06	0.0311038
103	119	115	98	-7.45	0.0313423
103	119	98	114	8.39	0.0311919
103	119	114	97	-7.64	0.0313089
103	119	97	113	5.05	0.0319802
102	118	101	117	98.37	0.0301017
102	118	117	100	-66.94	0.0301494
102	118	100	116	36.92	0.0302709
102	118	116	99	-29.03	0.0303445
102	118	99	115	15.04	0.0306649
102	118	115	98	-11.85	0.0308439
102	118	98	114	15.89	0.0306293
102	118	114	97	-14.17	0.0307057
102	118	97	113	7.56	0.0313228
128	144	127	143	55.6	0.0301799
128	144	143	126	-43.19	0.0302315
128	144	126	142	20.94	0.0304776
128	144	142	125	-16.72	0.0305981
128	144	125	141	10.32	0.030969
128	144	141	124	-8.48	0.0311792
128	144	124	140	5.67	0.0317637
128	144	140	123	-4.74	0.0321097
128	144	123	139	2.91	0.0334364
128	144	139	122	-2.5	0.034
128	144	122	138	1.83	0.0354645
128	144	138	121	-1.62	0.0361728
128	144	121	137	1.22	0.0381967
128	144	137	120	-1.09	0.0391743
128	144	120	136	0.85	0.0417647
128	144	136	119	-0.77	0.042987
127	143	126	142	85.28	0.0301173
127	143	142	125	-60.45	0.0301654
127	143	125	141	33.35	0.0302999
127	143	141	124	-25.31	0.0303951
127	143	124	140	16.38	0.0306105
127	143	140	123	-12.78	0.0307825
127	143	123	139	8.88	0.0311261
127	143	139	122	-7.16	0.0313966
127	143	122	138	4.65	0.0321505
127	143	138	121	-3.87	0.032584
127	143	121	137	2.95	0.0333898
127	143	137	120	-2.48	0.0340323
127	143	120	136	1.96	0.035102
127	143	136	119	-1.67	0.035988
127	143	119	135	1.35	0.0374074
127	143	135	118	-1.16	0.0386207
126	142	125	141	92.45	0.0301082
126	142	141	124	-66.38	0.0301506
126	142	124	140	36.83	0.0302715
126	142	140	123	-27.81	0.0303596
126	142	123	139	18.08	0.0305531
126	142	139	122	-14.23	0.0307027
126	142	122	138	10.01	0.030999
126	142	138	121	-8.19	0.031221
126	142	121	137	5.42	0.031845
126	142	137	120	-4.46	0.0322422
126	142	120	136	3.46	0.0328902
126	142	136	119	-2.9	0.0334483
126	142	119	135	2.32	0.0343103
126	142	135	118	-1.96	0.035102
126	142	118	134	1.59	0.0362893
126	142	134	117	-1.37	0.0372993
125	141	124	140	98.51	0.0301015
125	141	140	123	-68.92	0.0301451
125	141	123	139	38.3	0.0302611
125	141	139	122	-29.02	0.0303446
125	141	122	138	19.08	0.0305241
125	141	138	121	-15.22	0.030657
125	141	121	137	10.88	0.0309191
125	141	137	120	-8.78	0.031139
125	141	120	136	5.93	0.0316863
125	141	136	119	-4.87	0.0320534
125	141	119	135	3.83	0.032611
125	141	135	118	-3.18	0.0331447
125	141	118	134	2.54	0.033937
125	141	134	117	-2.15	0.0346512
125	141	117	133	1.78	0.035618
125	141	133	116	-1.55	0.0364516
124	140	123	139	97.27	0.0301028
124	140	139	122	-68.74	0.0301455
124	140	122	138	38.47	0.0302599
124	140	138	121	-29.7	0.0303367
124	140	121	137	19.86	0.0305035
124	140	137	120	-15.68	0.0306378
124	140	120	136	11.36	0.0308803
124	140	136	119	-9.17	0.0310905
124	140	119	135	6.22	0.0316077
124	140	135	118	-5.08	0.0319685
124	140	118	134	3.97	0.0325189
124	140	134	117	-3.32	0.033012
124	140	117	133	2.69	0.0337175
124	140	133	116	-2.31	0.034329
124	140	116	132	1.93	0.0351813
124	140	132	115	-1.52	0.0365789
123	139	122	138	95.12	0.0301051
123	139	138	121	-68.24	0.0301465
123	139	121	137	39.18	0.0302552
123	139	137	120	-29.63	0.0303375
123	139	120	136	20.25	0.0304938
123	139	136	119	-15.94	0.0306274
123	139	119	135	11.73	0.0308525
123	139	135	118	-9.42	0.0310616
123	139	118	134	6.35	0.0315748
123	139	134	117	-5.21	0.0319194
123	139	117	133	4.13	0.0324213
123	139	133	116	-3.5	0.0328571
123	139	116	132	2.87	0.0334843
123	139	132	115	-2.22	0.0345045
123	139	115	131	1.85	0.0354054
123	139	131	114	-2.1	0.0347619
122	138	121	137	96.81	0.0301033
122	138	137	120	-67.18	0.0301489
122	138	120	136	39.42	0.0302537
122	138	136	119	-29.96	0.0303338
122	138	119	135	20.61	0.0304852
122	138	135	118	-16.16	0.0306188
122	138	118	134	11.77	0.0308496
122	138	134	117	-9.52	0.0310504
122	138	117	133	6.47	0.0315456
122	138	133	116	-5.4	0.0318519
122	138	116	132	4.33	0.0323095
122	138	132	115	-3.28	0.0330488
122	138	115	131	2.68	0.0337313
122	138	131	114	-3.07	0.0332573
122	138	114	130	2.73	0.033663
122	138	130	113	-2.13	0.0346948
121	137	120	136	95.29	0.0301049
121	137	136	119	-68.18	0.0301467
121	137	119	135	39.56	0.0302528
121	137	135	118	-30.22	0.0303309
121	137	118	134	20.34	0.0304916
121	137	134	117	-16.18	0.030618
121	137	117	133	11.81	0.0308467
121	137	133	116	-9.73	0.0310277
121	137	116	132	6.68	0.031497
121	137	132	115	-5	0.032
121	137	115	131	3.95	0.0325316
121	137	131	114	-4.57	0.0321882
121	137	114	130	3.98	0.0325126
121	137	130	113	-3.06	0.033268
121	137	113	129	2.69	0.0337175
120	136	119	135	97.94	0.0301021
120	136	135	118	-68.84	0.0301453
120	136	118	134	39.45	0.0302535
120	136	134	117	-30.21	0.030331
120	136	117	133	20.49	0.030488
120	136	133	116	-16.43	0.0306086
120	136	116	132	12.2	0.0308197
120	136	132	115	-8.87	0.0311274
120	136	115	131	6	0.0316667
120	136	131	114	-7.02	0.0314245
120	136	114	130	6.01	0.0316639
120	136	130	113	-4.48	0.0322321
120	136	113	129	3.89	0.0325707
119	135	118	134	99.93	0.0301001
119	135	134	117	-70.28	0.0301423
119	135	117	133	39.95	0.0302503
119	135	133	116	-30.76	0.0303251
119	135	116	132	21.26	0.0304704
119	135	132	115	-14.85	0.0306734
119	135	115	131	10.75	0.0309302
119	135	131	114	-12.86	0.0307776
119	135	114	130	9.48	0.0310549
119	135	130	113	-6.75	0.0314815
119	135	113	129	5.75	0.0317391
118	134	113	129	8.75	0.0311429
