144# Number of sensors
#x	z
1.75	-0.1
1.75	-0.2
1.75	-0.3
1.75	-0.4
1.75	-0.5
1.75	-0.6
1.75	-0.7
1.75	-0.8
1.75	-0.9
1.75	-1
1.75	-1.1
1.75	-1.2
1.75	-1.3
1.75	-1.4
1.75	-1.5
1.75	-1.6
2.25	-0.1
2.25	-0.2
2.25	-0.3
2.25	-0.4
2.25	-0.5
2.25	-0.6
2.25	-0.7
2.25	-0.8
2.25	-0.9
2.25	-1
2.25	-1.1
2.25	-1.2
2.25	-1.3
2.25	-1.4
2.25	-1.5
2.25	-1.6
2.75	-0.1
2.75	-0.2
2.75	-0.3
2.75	-0.4
2.75	-0.5
2.75	-0.6
2.75	-0.7
2.75	-0.8
2.75	-0.9
2.75	-1
2.75	-1.1
2.75	-1.2
2.75	-1.3
2.75	-1.4
2.75	-1.5
2.75	-1.6
3.25	-0.1
3.25	-0.2
3.25	-0.3
3.25	-0.4
3.25	-0.5
3.25	-0.6
3.25	-0.7
3.25	-0.8
3.25	-0.9
3.25	-1
3.25	-1.1
3.25	-1.2
3.25	-1.3
3.25	-1.4
3.25	-1.5
3.25	-1.6
3.75	-0.1
3.75	-0.2
3.75	-0.3
3.75	-0.4
3.75	-0.5
3.75	-0.6
3.75	-0.7
3.75	-0.8
3.75	-0.9
3.75	-1
3.75	-1.1
3.75	-1.2
3.75	-1.3
3.75	-1.4
3.75	-1.5
3.75	-1.6
4.25	-0.1
4.25	-0.2
4.25	-0.3
4.25	-0.4
4.25	-0.5
4.25	-0.6
4.25	-0.7
4.25	-0.8
4.25	-0.9
4.25	-1
4.25	-1.1
4.25	-1.2
4.25	-1.3
4.25	-1.4
4.25	-1.5
4.25	-1.6
4.75	-0.1
4.75	-0.2
4.75	-0.3
4.75	-0.4
4.75	-0.5
4.75	-0.6
4.75	-0.7
4.75	-0.8
4.75	-0.9
4.75	-1
4.75	-1.1
4.75	-1.2
4.75	-1.3
4.75	-1.4
4.75	-1.5
4.75	-1.6
5.25	-0.1
5.25	-0.2
5.25	-0.3
5.25	-0.4
5.25	-0.5
5.25	-0.6
5.25	-0.7
5.25	-0.8
5.25	-0.9
5.25	-1
5.25	-1.1
5.25	-1.2
5.25	-1.3
5.25	-1.4
5.25	-1.5
5.25	-1.6
5.75	-0.1
5.75	-0.2
5.75	-0.3
5.75	-0.4
5.75	-0.5
5.75	-0.6
5.75	-0.7
5.75	-0.8
5.75	-0.9
5.75	-1
5.75	-1.1
5.75	-1.2
5.75	-1.3
5.75	-1.4
5.75	-1.5
5.75	-1.6
1256# Number of data
#a	b	m	n	R	err
16	32	15	31	64.53	0.030155
16	32	31	14	-42.52	0.0302352
16	32	14	30	22.7	0.0304405
16	32	30	13	-18.92	0.0305285
16	32	13	29	12.36	0.0308091
16	32	29	12	-11.13	0.0308985
16	32	12	28	8.49	0.0311779
16	32	28	11	-6.78	0.0314749
16	32	11	27	5.25	0.0319048
16	32	27	10	-3.47	0.0328818
16	32	10	26	2.81	0.0335587
16	32	26	9	-2.08	0.0348077
16	32	9	25	1.72	0.035814
16	32	25	8	-1.37	0.0372993
16	32	8	24	1.16	0.0386207
16	32	24	7	-0.96	0.0404167
15	31	14	30	74.73	0.0301338
15	31	30	13	-60.55	0.0301652
15	31	13	29	36.73	0.0302723
15	31	29	12	-33.45	0.030299
15	31	12	28	25.01	0.0303998
15	31	28	11	-19.49	0.0305131
15	31	11	27	15.61	0.0306406
15	31	27	10	-9.61	0.0310406
15	31	10	26	7.09	0.0314104
15	31	26	9	-4.95	0.0320202
15	31	9	25	4.07	0.032457
15	31	25	8	-3.1	0.0332258
15	31	8	24	2.6	0.0338462
15	31	24	7	-2.06	0.0348544
15	31	7	23	1.77	0.0356497
15	31	23	6	-1.46	0.0368493
14	30	13	29	87.64	0.0301141
14	30	29	12	-78.76	0.030127
14	30	12	28	54.38	0.0301839
14	30	28	11	-42.14	0.0302373
14	30	11	27	32.81	0.0303048
14	30	27	10	-19.41	0.0305152
14	30	10	26	15.28	0.0306545
14	30	26	9	-10.35	0.0309662
14	30	9	25	7.25	0.0313793
14	30	25	8	-5.37	0.0318622
14	30	8	24	4.46	0.0322422
14	30	24	7	-3.46	0.0328902
14	30	7	23	2.94	0.0334014
14	30	23	6	-2.38	0.0342017
14	30	6	22	2.07	0.0348309
14	30	22	5	-1.67	0.035988
13	29	12	28	92.97	0.0301076
13	29	28	11	-73.63	0.0301358
13	29	11	27	47.41	0.0302109
13	29	27	10	-31.76	0.0303149
13	29	10	26	22.25	0.0304494
13	29	26	9	-16.22	0.0306165
13	29	9	25	12.17	0.0308217
13	29	25	8	-9.5	0.0310526
13	29	8	24	6.42	0.0315576
13	29	24	7	-5.18	0.0319305
13	29	7	23	4.16	0.0324038
13	29	23	6	-3.49	0.0328653
13	29	6	22	2.88	0.0334722
13	29	22	5	-2.4	0.0341667
13	29	5	21	2.06	0.0348544
13	29	21	4	-1.84	0.0354348
12	28	11	27	85.09	0.0301175
12	28	27	10	-62.44	0.0301602
12	28	10	26	36.43	0.0302745
12	28	26	9	-28.02	0.0303569
12	28	9	25	19.06	0.0305247
12	28	25	8	-15.33	0.0306523
12	28	8	24	11.15	0.0308969
12	28	24	7	-9.21	0.0310858
12	28	7	23	6.11	0.0316367
12	28	23	6	-5.22	0.0319157
12	28	6	22	4.1	0.032439
12	28	22	5	-3.5	0.0328571
12	28	5	21	2.87	0.0334843
12	28	21	4	-2.6	0.0338462
12	28	4	20	2.2	0.0345455
12	28	20	3	-2.06	0.0348544
11	27	10	26	86.64	0.0301154
11	27	26	9	-63.05	0.0301586
11	27	9	25	38.2	0.0302618
11	27	25	8	-29.73	0.0303364
11	27	8	24	20.25	0.0304938
11	27	24	7	-16.3	0.0306135
11	27	7	23	11.85	0.0308439
11	27	23	6	-9.93	0.031007
11	27	6	22	6.57	0.0315221
11	27	22	5	-5.48	0.0318248
11	27	5	21	4.39	0.0322779
11	27	21	4	-3.93	0.0325445
11	27	4	20	3.25	0.0330769
11	27	20	3	-3.03	0.0333003
11	27	3	19	2.73	0.033663
11	27	19	2	-2.56	0.0339062
10	26	9	25	96.64	0.0301035
10	26	25	8	-69.55	0.0301438
10	26	8	24	42.66	0.0302344
10	26	24	7	-32.62	0.0303066
10	26	7	23	22.48	0.0304448
10	26	23	6	-18.13	0.0305516
10	26	6	22	13.43	0.0307446
10	26	22	5	-10.71	0.0309337
10	26	5	21	7.31	0.031368
10	26	21	4	-6.38	0.0315674
10	26	4	20	5.2	0.0319231
10	26	20	3	-4.78	0.0320921
10	26	3	19	4.27	0.0323419
10	26	19	2	-3.98	0.0325126
10	26	2	18	3.77	0.0326525
10	26	18	1	-3.48	0.0328736
9	25	8	24	101.53	0.0300985
9	25	24	7	-72.71	0.0301375
9	25	7	23	44.77	0.0302234
9	25	23	6	-34.68	0.0302884
9	25	6	22	24.22	0.0304129
9	25	22	5	-18.42	0.0305429
9	25	5	21	13.86	0.0307215
9	25	21	4	-11.83	0.0308453
9	25	4	20	8.1	0.0312346
9	25	20	3	-7.36	0.0313587
9	25	3	19	6.46	0.031548
9	25	19	2	-5.97	0.031675
9	25	2	18	5.62	0.0317794
9	25	18	1	-5.14	0.0319455
9	25	1	17	4.83	0.0320704
8	24	7	23	105.99	0.0300943
8	24	23	6	-77.14	0.0301296
8	24	6	22	48.57	0.0302059
8	24	22	5	-34.56	0.0302894
8	24	5	21	24.28	0.0304119
8	24	21	4	-20.15	0.0304963
8	24	4	20	15.07	0.0306636
8	24	20	3	-13.45	0.0307435
8	24	3	19	9.96	0.031004
8	24	19	2	-9.11	0.0310977
8	24	2	18	8.49	0.0311779
8	24	18	1	-7.67	0.0313038
8	24	1	17	7.15	0.0313986
7	23	6	22	116.71	0.0300857
7	23	22	5	-76.6	0.0301305
7	23	5	21	47.41	0.0302109
7	23	21	4	-38.02	0.030263
7	23	4	20	26.02	0.0303843
7	23	20	3	-22.71	0.0304403
7	23	3	19	18.82	0.0305313
7	23	19	2	-17.12	0.0305841
7	23	2	18	13.6	0.0307353
7	23	18	1	-12.08	0.0308278
7	23	1	17	11.12	0.0308993
6	22	1	17	16.93	0.0305907
3	19	2	18	270.15	0.030037
3	19	18	1	-188.15	0.0300531
3	19	1	17	141.35	0.0300707
2	18	1	17	780.6	0.0300128
32	48	31	47	63.55	0.0301574
32	48	47	30	-44.17	0.0302264
32	48	30	46	28.08	0.0303561
32	48	46	29	-21.49	0.0304653
32	48	29	45	12.99	0.0307698
32	48	45	28	-10.31	0.0309699
32	48	28	44	6.88	0.0314535
32	48	44	27	-5.56	0.0317986
32	48	27	43	3.82	0.0326178
32	48	43	26	-3.14	0.0331847
32	48	26	42	2.37	0.0342194
32	48	42	25	-2.02	0.0349505
32	48	25	41	1.58	0.0363291
32	48	41	24	-1.37	0.0372993
32	48	24	40	1.09	0.0391743
32	48	40	23	-0.96	0.0404167
31	47	30	46	87.65	0.0301141
31	47	46	29	-63.6	0.0301572
31	47	29	45	35.81	0.0302793
31	47	45	28	-27.37	0.0303654
31	47	28	44	17.49	0.0305718
31	47	44	27	-13.66	0.0307321
31	47	27	43	9.59	0.0310428
31	47	43	26	-7.59	0.0313175
31	47	26	42	5	0.032
31	47	42	25	-4.15	0.0324096
31	47	25	41	3.17	0.0331546
31	47	41	24	-2.67	0.0337453
31	47	24	40	2.1	0.0347619
31	47	40	23	-1.8	0.0355556
31	47	23	39	1.45	0.0368966
31	47	39	22	-1.27	0.037874
30	46	29	45	86.1	0.0301161
30	46	45	28	-61.44	0.0301628
30	46	28	44	36.16	0.0302765
30	46	44	27	-27.19	0.0303678
30	46	27	43	18.37	0.0305444
30	46	43	26	-14.14	0.0307072
30	46	26	42	10.25	0.0309756
30	46	42	25	-8.26	0.0312107
30	46	25	41	5.62	0.0317794
30	46	41	24	-4.61	0.0321692
30	46	24	40	3.6	0.0327778
30	46	40	23	-3	0.0333333
30	46	23	39	2.43	0.0341152
30	46	39	22	-2.08	0.0348077
30	46	22	38	1.74	0.0357471
30	46	38	21	-1.51	0.0366225
29	45	28	44	91.58	0.0301092
29	45	44	27	-65.05	0.0301537
29	45	27	43	38.72	0.0302583
29	45	43	26	-29.02	0.0303446
29	45	26	42	19.62	0.0305097
29	45	42	25	-15.56	0.0306427
29	45	25	41	11.25	0.0308889
29	45	41	24	-9.1	0.0310989
29	45	24	40	6.2	0.0316129
29	45	40	23	-5.11	0.0319569
29	45	23	39	4.01	0.0324938
29	45	39	22	-3.39	0.0329499
29	45	22	38	2.78	0.0335971
29	45	38	21	-2.4	0.0341667
29	45	21	37	2.03	0.0349261
29	45	37	20	-1.79	0.0355866
28	44	27	43	94.19	0.0301062
28	44	43	26	-67.58	0.030148
28	44	26	42	39.98	0.0302501
28	44	42	25	-30.94	0.0303232
28	44	25	41	20.78	0.0304812
28	44	41	24	-16.53	0.030605
28	44	24	40	11.87	0.0308425
28	44	40	23	-9.65	0.0310363
28	44	23	39	6.56	0.0315244
28	44	39	22	-5.45	0.0318349
28	44	22	38	4.36	0.0322936
28	44	38	21	-3.73	0.032681
28	44	21	37	3.09	0.0332362
28	44	37	20	-2.69	0.0337175
28	44	20	36	2.29	0.0343668
28	44	36	19	-2.11	0.0347393
27	43	26	42	95.34	0.0301049
27	43	42	25	-70.13	0.0301426
27	43	25	41	41.74	0.0302396
27	43	41	24	-32.1	0.0303115
27	43	24	40	21.59	0.0304632
27	43	40	23	-17.12	0.0305841
27	43	23	39	12.38	0.0308078
27	43	39	22	-10.08	0.0309921
27	43	22	38	7.02	0.0314245
27	43	38	21	-5.89	0.0316978
27	43	21	37	4.77	0.0320964
27	43	37	20	-4.08	0.032451
27	43	20	36	3.41	0.0329326
27	43	36	19	-3.11	0.0332154
27	43	19	35	2.78	0.0335971
27	43	35	18	-2.63	0.0338023
26	42	25	41	99.29	0.0301007
26	42	41	24	-71.95	0.030139
26	42	24	40	42.96	0.0302328
26	42	40	23	-32.72	0.0303056
26	42	23	39	22.22	0.03045
26	42	39	22	-17.54	0.0305701
26	42	22	38	13.04	0.0307669
26	42	38	21	-10.69	0.0309355
26	42	21	37	7.55	0.0313245
26	42	37	20	-6.31	0.0315848
26	42	20	36	5.13	0.0319493
26	42	36	19	-4.6	0.0321739
26	42	19	35	4.06	0.0324631
26	42	35	18	-3.82	0.0326178
26	42	18	34	3.62	0.0327624
26	42	34	17	-3.4	0.0329412
25	41	24	40	102.5	0.0300976
25	41	40	23	-74.03	0.0301351
25	41	23	39	44.32	0.0302256
25	41	39	22	-33.78	0.030296
25	41	22	38	23.42	0.030427
25	41	38	21	-18.77	0.0305328
25	41	21	37	14.05	0.0307117
25	41	37	20	-11.47	0.0308718
25	41	20	36	7.95	0.0312579
25	41	36	19	-7.03	0.0314225
25	41	19	35	6.04	0.0316556
25	41	35	18	-5.63	0.0317762
25	41	18	34	5.28	0.0318939
25	41	34	17	-4.92	0.0320325
25	41	17	33	4.79	0.0320877
24	40	23	39	105.05	0.0300952
24	40	39	22	-76.09	0.0301314
24	40	22	38	46.67	0.0302143
24	40	38	21	-36.25	0.0302759
24	40	21	37	25.21	0.0303967
24	40	37	20	-20.01	0.0304998
24	40	20	36	14.56	0.0306868
24	40	36	19	-12.65	0.0307905
24	40	19	35	9.32	0.031073
24	40	35	18	-8.6	0.0311628
24	40	18	34	7.93	0.031261
24	40	34	17	-7.35	0.0313605
24	40	17	33	7.04	0.0314205
23	39	22	38	114.81	0.0300871
23	39	38	21	-85.16	0.0301174
23	39	21	37	51.91	0.0301926
23	39	37	20	-39.59	0.0302526
23	39	20	36	25.98	0.0303849
23	39	36	19	-22.12	0.0304521
23	39	19	35	17.3	0.030578
23	39	35	18	-15.78	0.0306337
23	39	18	34	12.62	0.0307924
23	39	34	17	-11.53	0.0308673
23	39	17	33	10.92	0.0309158
22	38	21	37	125.95	0.0300794
22	38	37	20	-90.39	0.0301106
22	38	20	36	50.07	0.0301997
22	38	36	19	-41.24	0.0302425
22	38	19	35	29.76	0.030336
22	38	35	18	-26.73	0.0303741
22	38	18	34	23.51	0.0304254
22	38	34	17	-21.19	0.0304719
22	38	17	33	17.3	0.030578
21	37	20	36	113.81	0.0300879
21	37	36	19	-86.7	0.0301153
21	37	19	35	54.06	0.030185
21	37	35	18	-47.01	0.0302127
21	37	18	34	39.8	0.0302513
21	37	34	17	-35.07	0.0302851
21	37	17	33	31.67	0.0303158
18	34	17	33	403.23	0.0300248
48	64	47	63	59.05	0.0301693
48	64	63	46	-43.29	0.030231
48	64	46	62	28.49	0.030351
48	64	62	45	-19.9	0.0305025
48	64	45	61	13.27	0.0307536
48	64	61	44	-9.86	0.0310142
48	64	44	60	6.92	0.0314451
48	64	60	43	-5.42	0.031845
48	64	43	59	3.61	0.0327701
48	64	59	42	-2.88	0.0334722
48	64	42	58	1.96	0.035102
48	64	58	41	-1.55	0.0364516
48	64	41	57	1.35	0.0374074
48	64	57	40	-1.12	0.0389286
48	64	40	56	1.05	0.0395238
48	64	56	39	-0.9	0.0411111
47	63	46	62	83.9	0.0301192
47	63	62	45	-55.7	0.0301795
47	63	45	61	34.67	0.0302884
47	63	61	44	-24.78	0.0304036
47	63	44	60	16.72	0.0305981
47	63	60	43	-12.71	0.0307868
47	63	43	59	8.58	0.0311655
47	63	59	42	-6.67	0.0314993
47	63	42	58	3.92	0.032551
47	63	58	41	-2.99	0.0333445
47	63	41	57	2.56	0.0339062
47	63	57	40	-2.05	0.034878
47	63	40	56	1.91	0.0352356
47	63	56	39	-1.6	0.03625
47	63	39	55	1.45	0.0368966
47	63	55	38	-1.26	0.0379365
46	62	45	61	81.28	0.030123
46	62	61	44	-56.05	0.0301784
46	62	44	60	34.4	0.0302907
46	62	60	43	-25.61	0.0303905
46	62	43	59	16.35	0.0306116
46	62	59	42	-12.5	0.0308
46	62	42	58	7.77	0.031287
46	62	58	41	-5.81	0.0317212
46	62	41	57	4.39	0.0322779
46	62	57	40	-3.44	0.032907
46	62	40	56	3.18	0.0331447
46	62	56	39	-2.61	0.0338314
46	62	39	55	2.36	0.0342373
46	62	55	38	-2.04	0.034902
46	62	38	54	1.73	0.0357803
46	62	54	37	-1.56	0.0364103
45	61	44	60	86.71	0.0301153
45	61	60	43	-60.15	0.0301663
45	61	43	59	35.09	0.030285
45	61	59	42	-25.62	0.0303903
45	61	42	58	14.95	0.0306689
45	61	58	41	-10.66	0.0309381
45	61	41	57	8.73	0.0311455
45	61	57	40	-6.58	0.0315198
45	61	40	56	5.5	0.0318182
45	61	56	39	-4.38	0.0322831
45	61	39	55	3.95	0.0325316
45	61	55	38	-3.34	0.032994
45	61	38	54	2.84	0.0335211
45	61	54	37	-2.51	0.0339841
45	61	37	53	2.15	0.0346512
45	61	53	36	-1.91	0.0352356
44	60	43	59	85.4	0.0301171
44	60	59	42	-57.41	0.0301742
44	60	42	58	30.23	0.0303308
44	60	58	41	-19.98	0.0305005
44	60	41	57	16.24	0.0306158
44	60	57	40	-11.35	0.0308811
44	60	40	56	10.25	0.0309756
44	60	56	39	-7.87	0.0312706
44	60	39	55	6.49	0.0315408
44	60	55	38	-5.34	0.0318727
44	60	38	54	4.51	0.0322173
44	60	54	37	-3.91	0.0325575
44	60	37	53	3.35	0.0329851
44	60	53	36	-2.92	0.0334247
44	60	36	52	2.59	0.033861
44	60	52	35	-2.37	0.0342194
43	59	42	58	69.92	0.030143
43	59	58	41	-41.19	0.0302428
43	59	41	57	31.05	0.0303221
43	59	57	40	-20.48	0.0304883
43	59	40	56	18.09	0.0305528
43	59	56	39	-13.29	0.0307524
43	59	39	55	11.86	0.0308432
43	59	55	38	-9.51	0.0310515
43	59	38	54	7.3	0.0313699
43	59	54	37	-6.21	0.0316103
43	59	37	53	5.25	0.0319048
43	59	53	36	-4.52	0.0322124
43	59	36	52	3.99	0.0325063
43	59	52	35	-3.62	0.0327624
43	59	35	51	3.21	0.0331153
43	59	51	34	-3.06	0.033268
42	58	41	57	68.15	0.0301467
42	58	57	40	-38.73	0.0302582
42	58	40	56	33.41	0.0302993
42	58	56	39	-22.62	0.0304421
42	58	39	55	20.24	0.0304941
42	58	55	38	-15.53	0.0306439
42	58	38	54	12.96	0.0307716
42	58	54	37	-10.66	0.0309381
42	58	37	53	8.51	0.0311751
42	58	53	36	-7.13	0.0314025
42	58	36	52	6.28	0.0315924
42	58	52	35	-5.6	0.0317857
42	58	35	51	4.97	0.0320121
42	58	51	34	-4.71	0.0321231
42	58	34	50	4.44	0.0322523
42	58	50	33	-4.1	0.032439
41	57	40	56	67.16	0.0301489
41	57	56	39	-37.04	0.03027
41	57	39	55	33.9	0.030295
41	57	55	38	-23.24	0.0304303
41	57	38	54	19.67	0.0305084
41	57	54	37	-14.93	0.0306698
41	57	37	53	12.85	0.0307782
41	57	53	36	-10.06	0.030994
41	57	36	52	8.48	0.0311792
41	57	52	35	-7.26	0.0313774
41	57	35	51	6.55	0.0315267
41	57	51	34	-6.07	0.0316474
41	57	34	50	5.78	0.0317301
41	57	50	33	-5.28	0.0318939
41	57	33	49	5.19	0.0319268
40	56	39	55	67.78	0.0301475
40	56	55	38	-38.04	0.0302629
40	56	38	54	33.04	0.0303027
40	56	54	37	-22.01	0.0304543
40	56	37	53	19.39	0.0305157
40	56	53	36	-13.7	0.0307299
40	56	36	52	12.41	0.0308058
40	56	52	35	-10.01	0.030999
40	56	35	51	8.72	0.0311468
40	56	51	34	-7.88	0.031269
40	56	34	50	7.57	0.031321
40	56	50	33	-6.8	0.0314706
40	56	33	49	6.72	0.0314881
39	55	38	54	94.65	0.0301057
39	55	54	37	-61.31	0.0301631
39	55	37	53	41.4	0.0302415
39	55	53	36	-27.54	0.0303631
39	55	36	52	21.49	0.0304653
39	55	52	35	-16.87	0.0305928
39	55	35	51	13.99	0.0307148
39	55	51	34	-12.37	0.0308084
39	55	34	50	10.14	0.0309862
39	55	50	33	-8.95	0.0311173
39	55	33	49	8.67	0.0311534
38	54	37	53	113.4	0.0300882
38	54	53	36	-72.71	0.0301375
38	54	36	52	46.93	0.0302131
38	54	52	35	-35.32	0.0302831
38	54	35	51	24.95	0.0304008
38	54	51	34	-21.69	0.030461
38	54	34	50	18.89	0.0305294
38	54	50	33	-16.47	0.0306072
38	54	33	49	13.52	0.0307396
37	53	36	52	116.31	0.030086
37	53	52	35	-83.63	0.0301196
37	53	35	51	48.03	0.0302082
37	53	51	34	-40.69	0.0302458
37	53	34	50	33.27	0.0303006
37	53	50	33	-28.64	0.0303492
37	53	33	49	25.83	0.0303871
34	50	33	49	281.53	0.0300355
64	80	63	79	45.59	0.0302193
64	80	79	62	-30.97	0.0303229
64	80	62	78	20.68	0.0304836
64	80	78	61	-13.99	0.0307148
64	80	61	77	10.04	0.030996
64	80	77	60	-6.96	0.0314368
64	80	60	76	5.44	0.0318382
64	80	76	59	-3.66	0.0327322
64	80	59	75	2.82	0.0335461
64	80	75	58	-1.64	0.0360976
64	80	58	74	1.22	0.0381967
64	80	74	57	-0.93	0.0407527
64	80	57	73	0.6	0.0466667
64	80	73	56	-0.5	0.05
64	80	56	72	0.27	0.067037
64	80	72	55	-0.22	0.0754545
63	79	62	78	80.84	0.0301237
63	79	78	61	-59.9	0.0301669
63	79	61	77	31.36	0.0303189
63	79	77	60	-23.13	0.0304323
63	79	60	76	15.47	0.0306464
63	79	76	59	-11.18	0.0308945
63	79	59	75	7.82	0.0312788
63	79	75	58	-5.18	0.0319305
63	79	58	74	2.98	0.0333557
63	79	74	57	-2.45	0.0340816
63	79	57	73	1.37	0.0372993
63	79	73	56	-1.19	0.0384034
63	79	56	72	0.49	0.0504082
63	79	72	55	-0.42	0.0538095
63	79	55	71	0.37	0.057027
63	79	71	54	-0.31	0.0622581
62	78	61	77	78.17	0.0301279
62	78	77	60	-56.43	0.0301772
62	78	60	76	32.68	0.030306
62	78	76	59	-23.32	0.0304288
62	78	59	75	15.26	0.0306553
62	78	75	58	-10.08	0.0309921
62	78	58	74	6.29	0.0315898
62	78	74	57	-5.19	0.0319268
62	78	57	73	2.46	0.034065
62	78	73	56	-2.13	0.0346948
62	78	56	72	0.82	0.0421951
62	78	72	55	-0.7	0.0442857
62	78	55	71	0.6	0.0466667
62	78	71	54	-0.49	0.0504082
62	78	54	70	0.48	0.0508333
62	78	70	53	-0.38	0.0563158
61	77	60	76	86.64	0.0301154
61	77	76	59	-61.45	0.0301627
61	77	59	75	33.31	0.0303002
61	77	75	58	-21.93	0.030456
61	77	58	74	12.44	0.0308039
61	77	74	57	-10.26	0.0309747
61	77	57	73	5.14	0.0319455
61	77	73	56	-4.46	0.0322422
61	77	56	72	1.41	0.0370922
61	77	72	55	-1.18	0.0384746
61	77	55	71	0.99	0.040101
61	77	71	54	-0.77	0.042987
61	77	54	70	0.74	0.0435135
61	77	70	53	-0.57	0.0475439
61	77	53	69	0.59	0.0469492
61	77	69	52	-0.47	0.0512766
60	76	59	75	83.04	0.0301204
60	76	75	58	-54.78	0.0301825
60	76	58	74	25.11	0.0303982
60	76	74	57	-20.67	0.0304838
60	76	57	73	9.43	0.0310604
60	76	73	56	-8.15	0.031227
60	76	56	72	2.61	0.0338314
60	76	72	55	-2.13	0.0346948
60	76	55	71	1.49	0.0367114
60	76	71	54	-1.1	0.0390909
60	76	54	70	1.05	0.0395238
60	76	70	53	-0.77	0.042987
60	76	53	69	0.78	0.0428205
60	76	69	52	-0.59	0.0469492
60	76	52	68	0.64	0.045625
60	76	68	51	-0.48	0.0508333
59	75	58	74	63.28	0.030158
59	75	74	57	-52.34	0.0301911
59	75	57	73	19.06	0.0305247
59	75	73	56	-16.45	0.0306079
59	75	56	72	4.53	0.0322075
59	75	72	55	-3.6	0.0327778
59	75	55	71	2.8	0.0335714
59	75	71	54	-1.93	0.0351813
59	75	54	70	1.56	0.0364103
59	75	70	53	-1.03	0.0397087
59	75	53	69	1.05	0.0395238
59	75	69	52	-0.72	0.0438889
59	75	52	68	0.79	0.0426582
59	75	68	51	-0.52	0.0492308
59	75	51	67	0.64	0.045625
59	75	67	50	-0.53	0.0488679
58	74	57	73	46.81	0.0302136
58	74	73	56	-41.09	0.0302434
58	74	56	72	7.83	0.0312771
58	74	72	55	-6.19	0.0316155
58	74	55	71	4.39	0.0322779
58	74	71	54	-2.79	0.0335842
58	74	54	70	2.52	0.0339683
58	74	70	53	-1.49	0.0367114
58	74	53	69	1.26	0.0379365
58	74	69	52	-0.74	0.0435135
58	74	52	68	0.84	0.0419048
58	74	68	51	-0.43	0.0532558
58	74	51	67	0.64	0.045625
58	74	67	50	-0.47	0.0512766
58	74	50	66	0.65	0.0453846
58	74	66	49	-0.55	0.0481818
57	73	56	72	14.95	0.0306689
57	73	72	55	-12.93	0.0307734
57	73	55	71	6.67	0.0314993
57	73	71	54	-4.65	0.0321505
57	73	54	70	3.89	0.0325707
57	73	70	53	-2.77	0.0336101
57	73	53	69	2.61	0.0338314
57	73	69	52	-2	0.035
57	73	52	68	2.02	0.0349505
57	73	68	51	-1.57	0.0363694
57	73	51	67	1.44	0.0369444
57	73	67	50	-1.27	0.037874
57	73	50	66	1.22	0.0381967
57	73	66	49	-1.11	0.039009
57	73	49	65	1.1	0.0390909
56	72	55	71	10.63	0.0309407
56	72	71	54	-7.91	0.0312642
56	72	54	70	6	0.0316667
56	72	70	53	-4.76	0.0321008
56	72	53	69	4.3	0.0323256
56	72	69	52	-3.71	0.0326954
56	72	52	68	3.62	0.0327624
56	72	68	51	-3.22	0.0331056
56	72	51	67	2.49	0.0340161
56	72	67	50	-2.35	0.0342553
56	72	50	66	1.9	0.0352632
56	72	66	49	-1.81	0.0355249
56	72	49	65	1.65	0.0360606
55	71	54	70	31.43	0.0303182
55	71	70	53	-14.59	0.0306854
55	71	53	69	13.6	0.0307353
55	71	69	52	-9.07	0.0311025
55	71	52	68	8.89	0.0311249
55	71	68	51	-6.69	0.0314948
55	71	51	67	5.49	0.0318215
55	71	67	50	-4.84	0.0320661
55	71	50	66	4.04	0.0324752
55	71	66	49	-3.69	0.03271
55	71	49	65	3.43	0.0329155
54	70	53	69	51.09	0.0301957
54	70	69	52	-26.53	0.0303769
54	70	52	68	25.88	0.0303864
54	70	68	51	-16.21	0.0306169
54	70	51	67	13.81	0.0307241
54	70	67	50	-11.3	0.030885
54	70	50	66	9.83	0.0310173
54	70	66	49	-8.63	0.0311587
54	70	49	65	7.36	0.0313587
53	69	52	68	68.36	0.0301463
53	69	68	51	-33.57	0.0302979
53	69	51	67	28.61	0.0303495
53	69	67	50	-21.57	0.0304636
53	69	50	66	18.94	0.030528
53	69	66	49	-16.02	0.0306242
53	69	49	65	15.21	0.0306575
52	68	51	67	64.65	0.0301547
52	68	67	50	-43.39	0.0302305
52	68	50	66	35.08	0.0302851
52	68	66	49	-28.34	0.0303529
52	68	49	65	26.49	0.0303775
80	96	79	95	38.37	0.0302606
80	96	95	78	-28.38	0.0303524
80	96	78	94	15.36	0.030651
80	96	94	77	-11.66	0.0308576
80	96	77	93	7.34	0.0313624
80	96	93	76	-5.93	0.0316863
80	96	76	92	4.05	0.0324691
80	96	92	75	-3.35	0.0329851
80	96	75	91	2.39	0.0341841
80	96	91	74	-2.01	0.0349751
80	96	74	90	1.46	0.0368493
80	96	90	73	-1.25	0.038
80	96	73	89	0.9	0.0411111
80	96	89	72	-0.8	0.0425
80	96	72	88	0.55	0.0481818
80	96	88	71	-0.54	0.0485185
79	95	78	94	84.52	0.0301183
79	95	94	77	-55.86	0.030179
79	95	77	93	29.85	0.030335
79	95	93	76	-22.36	0.0304472
79	95	76	92	14.25	0.0307018
79	95	92	75	-11.06	0.0309042
79	95	75	91	7.62	0.0313123
79	95	91	74	-6.05	0.0316529
79	95	74	90	3.83	0.032611
79	95	90	73	-3.04	0.0332895
79	95	73	89	2.13	0.0346948
79	95	89	72	-1.75	0.0357143
79	95	72	88	1.17	0.038547
79	95	88	71	-1.13	0.0388496
79	95	71	87	0.73	0.0436986
79	95	87	70	-0.71	0.0440845
78	94	77	93	82.66	0.030121
78	94	93	76	-58.83	0.03017
78	94	76	92	31.7	0.0303155
78	94	92	75	-23.87	0.0304189
78	94	75	91	15.44	0.0306477
78	94	91	74	-11.96	0.0308361
78	94	74	90	8.2	0.0312195
78	94	90	73	-6.35	0.0315748
78	94	73	89	3.89	0.0325707
78	94	89	72	-3.09	0.0332362
78	94	72	88	2	0.035
78	94	88	71	-1.92	0.0352083
78	94	71	87	1.22	0.0381967
78	94	87	70	-1.18	0.0384746
78	94	70	86	0.68	0.0447059
78	94	86	69	-0.65	0.0453846
77	93	76	92	88.57	0.0301129
77	93	92	75	-60.42	0.0301655
77	93	75	91	33.86	0.0302953
77	93	91	74	-24.85	0.0304024
77	93	74	90	16.14	0.0306196
77	93	90	73	-11.9	0.0308403
77	93	73	89	7.87	0.0312706
77	93	89	72	-5.9	0.0316949
77	93	72	88	3.32	0.033012
77	93	88	71	-3.16	0.0331646
77	93	71	87	1.96	0.035102
77	93	87	70	-1.89	0.035291
77	93	70	86	1.07	0.0393458
77	93	86	69	-1.01	0.039901
77	93	69	85	0.86	0.0416279
77	93	85	68	-0.8	0.0425
76	92	75	91	90.79	0.0301101
76	92	91	74	-61.45	0.0301627
76	92	74	90	33.78	0.030296
76	92	90	73	-23.79	0.0304203
76	92	73	89	14.68	0.0306812
76	92	89	72	-10.46	0.030956
76	92	72	88	6.19	0.0316155
76	92	88	71	-5.83	0.0317153
76	92	71	87	3.1	0.0332258
76	92	87	70	-2.99	0.0333445
76	92	70	86	1.64	0.0360976
76	92	86	69	-1.55	0.0364516
76	92	69	85	1.28	0.0378125
76	92	85	68	-1.21	0.0382645
76	92	68	84	1.18	0.0384746
76	92	84	67	-0.91	0.040989
75	91	74	90	89.81	0.0301113
75	91	90	73	-58.17	0.0301719
75	91	73	89	30.07	0.0303326
75	91	89	72	-20.15	0.0304963
75	91	72	88	10.79	0.0309268
75	91	88	71	-10.02	0.030998
75	91	71	87	5.59	0.0317889
75	91	87	70	-5.37	0.0318622
75	91	70	86	2.52	0.0339683
75	91	86	69	-2.38	0.0342017
75	91	69	85	1.93	0.0351813
75	91	85	68	-1.81	0.0355249
75	91	68	84	1.75	0.0357143
75	91	84	67	-1.35	0.0374074
75	91	67	83	1.53	0.0365359
75	91	83	66	-1.21	0.0382645
74	90	73	89	80.39	0.0301244
74	90	89	72	-49.56	0.0302018
74	90	72	88	21.01	0.030476
74	90	88	71	-19.17	0.0305216
74	90	71	87	9.59	0.0310428
74	90	87	70	-9.14	0.0310941
74	90	70	86	4.42	0.0322624
74	90	86	69	-4.15	0.0324096
74	90	69	85	2.95	0.0333898
74	90	85	68	-2.77	0.0336101
74	90	68	84	2.62	0.0338168
74	90	84	67	-2.02	0.0349505
74	90	67	83	2.21	0.0345249
74	90	83	66	-1.75	0.0357143
74	90	66	82	1.89	0.035291
74	90	82	65	-1.69	0.0359172
73	89	72	88	54.96	0.030182
73	89	88	71	-48.02	0.0302082
73	89	71	87	18.6	0.0305376
73	89	87	70	-17.61	0.0305679
73	89	70	86	7.52	0.0313298
73	89	86	69	-7.02	0.0314245
73	89	69	85	5.26	0.0319011
73	89	85	68	-4.94	0.0320243
73	89	68	84	4.1	0.032439
73	89	84	67	-3.15	0.0331746
73	89	67	83	3.31	0.0330211
73	89	83	66	-2.59	0.033861
73	89	66	82	2.74	0.0336496
73	89	82	65	-2.44	0.0340984
73	89	65	81	2.49	0.0340161
72	88	67	83	4.65	0.0321505
72	88	83	66	-3.67	0.0327248
72	88	66	82	3.68	0.0327174
72	88	82	65	-3.29	0.0330395
72	88	65	81	3.27	0.0330581
71	87	66	82	4.86	0.0320576
71	87	82	65	-4.42	0.0322624
71	87	65	81	4.11	0.0324331
70	86	65	81	4.66	0.0321459
96	112	95	111	40.81	0.030245
96	112	111	94	-27.59	0.0303625
96	112	94	110	16.85	0.0305935
96	112	110	93	-12.5	0.0308
96	112	93	109	8.58	0.0311655
96	112	109	92	-6.65	0.0315038
96	112	92	108	4.85	0.0320619
96	112	108	91	-3.88	0.0325773
96	112	91	107	2.93	0.033413
96	112	107	90	-2.36	0.0342373
96	112	90	106	1.81	0.0355249
96	112	106	89	-1.47	0.0368027
96	112	89	105	1.17	0.038547
96	112	105	88	-0.97	0.0403093
96	112	88	104	0.81	0.0423457
96	112	104	87	-0.7	0.0442857
95	111	94	110	84.18	0.0301188
95	111	110	93	-58.06	0.0301722
95	111	93	109	32.65	0.0303063
95	111	109	92	-24.73	0.0304044
95	111	92	108	15.87	0.0306301
95	111	108	91	-12.37	0.0308084
95	111	91	107	8.62	0.0311601
95	111	107	90	-6.78	0.0314749
95	111	90	106	4.28	0.0323364
95	111	106	89	-3.37	0.0329674
95	111	89	105	2.57	0.0338911
95	111	105	88	-2.03	0.0349261
95	111	88	104	1.62	0.0361728
95	111	104	87	-1.33	0.0375188
95	111	87	103	1.12	0.0389286
95	111	103	86	-0.97	0.0403093
94	110	93	109	93.74	0.0301067
94	110	109	92	-66.25	0.0301509
94	110	92	108	37.58	0.0302661
94	110	108	91	-29.07	0.030344
94	110	91	107	18.59	0.0305379
94	110	107	90	-14.73	0.0306789
94	110	90	106	9.73	0.0310277
94	110	106	89	-7.71	0.031297
94	110	89	105	4.97	0.0320121
94	110	105	88	-3.97	0.0325189
94	110	88	104	3.02	0.0333113
94	110	104	87	-2.49	0.0340161
94	110	87	103	2.01	0.0349751
94	110	103	86	-1.75	0.0357143
94	110	86	102	1.45	0.0368966
94	110	102	85	-1.37	0.0372993
93	109	92	108	96.81	0.0301033
93	109	108	91	-70.06	0.0301427
93	109	91	107	39.43	0.0302536
93	109	107	90	-30.61	0.0303267
93	109	90	106	18.52	0.03054
93	109	106	89	-14.54	0.0306878
93	109	89	105	9.93	0.031007
93	109	105	88	-7.88	0.031269
93	109	88	104	5.14	0.0319455
93	109	104	87	-4.21	0.0323753
93	109	87	103	3.27	0.0330581
93	109	103	86	-2.83	0.0335336
93	109	86	102	2.26	0.0344248
93	109	102	85	-2.13	0.0346948
93	109	85	101	1.8	0.0355556
93	109	101	84	-1.67	0.035988
92	108	91	107	98.22	0.0301018
92	108	107	90	-70.34	0.0301422
92	108	90	106	36.86	0.0302713
92	108	106	89	-27.84	0.0303592
92	108	89	105	17.85	0.0305602
92	108	105	88	-14.19	0.0307047
92	108	88	104	9.67	0.0310341
92	108	104	87	-7.74	0.031292
92	108	87	103	5.22	0.0319157
92	108	103	86	-4.39	0.0322779
92	108	86	102	3.4	0.0329412
92	108	102	85	-3.18	0.0331447
92	108	85	101	2.62	0.0338168
92	108	101	84	-2.42	0.0341322
92	108	84	100	2.09	0.0347847
92	108	100	83	-1.77	0.0356497
91	107	90	106	92.17	0.0301085
91	107	106	89	-64.15	0.0301559
91	107	89	105	35.41	0.0302824
91	107	105	88	-26.49	0.0303775
91	107	88	104	17.27	0.030579
91	107	104	87	-13.49	0.0307413
91	107	87	103	9.69	0.031032
91	107	103	86	-7.97	0.0312547
91	107	86	102	5.28	0.0318939
91	107	102	85	-4.9	0.0320408
91	107	85	101	3.89	0.0325707
91	107	101	84	-3.6	0.0327778
91	107	84	100	3.01	0.0333223
91	107	100	83	-2.57	0.0338911
91	107	83	99	2.25	0.0344444
91	107	99	82	-1.91	0.0352356
90	106	89	105	92.95	0.0301076
90	106	105	88	-65.03	0.0301538
90	106	88	104	35.22	0.0302839
90	106	104	87	-26.66	0.0303751
90	106	87	103	17.55	0.0305698
90	106	103	86	-14.06	0.0307112
90	106	86	102	9.76	0.0310246
90	106	102	85	-8.99	0.0311123
90	106	85	101	6.06	0.0316502
90	106	101	84	-5.6	0.0317857
90	106	84	100	4.51	0.0322173
90	106	100	83	-3.85	0.0325974
90	106	83	99	3.28	0.0330488
90	106	99	82	-2.79	0.0335842
90	106	82	98	2.46	0.034065
90	106	98	81	-2.23	0.0344843
89	105	88	104	92.03	0.0301087
89	105	104	87	-63.98	0.0301563
89	105	87	103	35.32	0.0302831
89	105	103	86	-27.13	0.0303686
89	105	86	102	17.08	0.0305855
89	105	102	85	-15.49	0.0306456
89	105	85	101	10.97	0.0309116
89	105	101	84	-10.09	0.0309911
89	105	84	100	6.98	0.0314327
89	105	100	83	-5.94	0.0316835
89	105	83	99	4.9	0.0320408
89	105	99	82	-4.15	0.0324096
89	105	82	98	3.59	0.0327855
89	105	98	81	-3.25	0.0330769
89	105	81	97	2.93	0.033413
88	104	87	103	90.97	0.0301099
88	104	103	86	-65.55	0.0301526
88	104	86	102	32.9	0.030304
88	104	102	85	-29.24	0.030342
88	104	85	101	18.64	0.0305365
88	104	101	84	-17.01	0.0305879
88	104	84	100	12.32	0.0308117
88	104	100	83	-10.43	0.0309588
88	104	83	99	7.36	0.0313587
88	104	99	82	-6.23	0.0316051
88	104	82	98	5.22	0.0319157
88	104	98	81	-4.71	0.0321231
88	104	81	97	4.15	0.0324096
87	103	82	98	7.8	0.0312821
87	103	98	81	-6.98	0.0314327
87	103	81	97	6	0.0316667
86	102	81	97	8.74	0.0311442
112	128	111	127	38.89	0.0302571
112	128	127	110	-28.12	0.0303556
112	128	110	126	16.13	0.03062
112	128	126	109	-12.27	0.030815
112	128	109	125	8.28	0.0312077
112	128	125	108	-6.53	0.0315314
112	128	108	124	4.71	0.0321231
112	128	124	107	-3.8	0.0326316
112	128	107	123	2.82	0.0335461
112	128	123	106	-2.28	0.034386
112	128	106	122	1.75	0.0357143
112	128	122	105	-1.48	0.0367568
112	128	105	121	1.17	0.038547
112	128	121	104	-1.03	0.0397087
112	128	104	120	0.82	0.0421951
112	128	120	103	-0.73	0.0436986
111	127	110	126	82.52	0.0301212
111	127	126	109	-56.96	0.0301756
111	127	109	125	32.42	0.0303085
111	127	125	108	-23.89	0.0304186
111	127	108	124	15.89	0.0306293
111	127	124	107	-12.22	0.0308183
111	127	107	123	8.57	0.0311669
111	127	123	106	-6.67	0.0314993
111	127	106	122	4.33	0.0323095
111	127	122	105	-3.57	0.0328011
111	127	105	121	2.71	0.03369
111	127	121	104	-2.33	0.0342918
111	127	104	120	1.77	0.0356497
111	127	120	103	-1.57	0.0363694
111	127	103	119	1.22	0.0381967
111	127	119	102	-1.1	0.0390909
110	126	109	125	93.49	0.030107
110	126	125	108	-64.64	0.0301547
110	126	108	124	38.12	0.0302623
110	126	124	107	-27.73	0.0303606
110	126	107	123	18.68	0.0305353
110	126	123	106	-13.77	0.0307262
110	126	106	122	9.83	0.0310173
110	126	122	105	-7.76	0.0312887
110	126	105	121	5.2	0.0319231
110	126	121	104	-4.31	0.0323202
110	126	104	120	3.27	0.0330581
110	126	120	103	-2.8	0.0335714
110	126	103	119	2.18	0.0345872
110	126	119	102	-1.91	0.0352356
110	126	102	118	1.5	0.0366667
110	126	118	101	-1.34	0.0374627
109	125	108	124	100.41	0.0300996
109	125	124	107	-70.03	0.0301428
109	125	107	123	40.53	0.0302467
109	125	123	106	-28.77	0.0303476
109	125	106	122	19.08	0.0305241
109	125	122	105	-14.59	0.0306854
109	125	105	121	10.65	0.030939
109	125	121	104	-8.58	0.0311655
109	125	104	120	5.67	0.0317637
109	125	120	103	-4.76	0.0321008
109	125	103	119	3.66	0.0327322
109	125	119	102	-3.14	0.0331847
109	125	102	118	2.44	0.0340984
109	125	118	101	-2.14	0.0346729
109	125	101	117	1.7	0.0358824
109	125	117	100	-1.51	0.0366225
108	124	107	123	100.27	0.0300997
108	124	123	106	-66.37	0.0301507
108	124	106	122	37.98	0.0302633
108	124	122	105	-28.05	0.0303565
108	124	105	121	19.23	0.03052
108	124	121	104	-15.15	0.0306601
108	124	104	120	10.79	0.0309268
108	124	120	103	-8.91	0.0311223
108	124	103	119	5.94	0.0316835
108	124	119	102	-5	0.032
108	124	102	118	3.81	0.0326247
108	124	118	101	-3.29	0.0330395
108	124	101	117	2.57	0.0338911
108	124	117	100	-2.26	0.0344248
108	124	100	116	1.81	0.0355249
108	124	116	99	-1.64	0.0360976
107	123	106	122	93.58	0.0301069
107	123	122	105	-64.64	0.0301547
107	123	105	121	37.93	0.0302636
107	123	121	104	-28.8	0.0303472
107	123	104	120	19.16	0.0305219
107	123	120	103	-15.43	0.0306481
107	123	103	119	11.09	0.0309017
107	123	119	102	-9.14	0.0310941
107	123	102	118	6.06	0.0316502
107	123	118	101	-5.12	0.0319531
107	123	101	117	3.93	0.0325445
107	123	117	100	-3.4	0.0329412
107	123	100	116	2.67	0.0337453
107	123	116	99	-2.4	0.0341667
107	123	99	115	1.66	0.0360241
107	123	115	98	-1.5	0.0366667
106	122	105	121	97.82	0.0301022
106	122	121	104	-67.92	0.0301472
106	122	104	120	38.35	0.0302608
106	122	120	103	-29.32	0.0303411
106	122	103	119	19.92	0.030502
106	122	119	102	-15.72	0.0306361
106	122	102	118	11.33	0.0308826
106	122	118	101	-9.25	0.0310811
106	122	101	117	6.25	0.0316
106	122	117	100	-5.22	0.0319157
106	122	100	116	4.06	0.0324631
106	122	116	99	-3.55	0.0328169
106	122	99	115	2.43	0.0341152
106	122	115	98	-2.15	0.0346512
106	122	98	114	2.54	0.033937
106	122	114	97	-2.35	0.0342553
105	121	104	120	94.25	0.0301061
105	121	120	103	-65.6	0.0301524
105	121	103	119	38.75	0.0302581
105	121	119	102	-28.94	0.0303455
105	121	102	118	19.74	0.0305066
105	121	118	101	-15.38	0.0306502
105	121	101	117	11.28	0.0308865
105	121	117	100	-9.08	0.0311013
105	121	100	116	6.21	0.0316103
105	121	116	99	-5.27	0.0318975
105	121	99	115	3.55	0.0328169
105	121	115	98	-3.04	0.0332895
105	121	98	114	3.61	0.0327701
105	121	114	97	-3.32	0.033012
105	121	97	113	2.44	0.0340984
104	120	103	119	100.73	0.0300993
104	120	119	102	-68.08	0.0301469
104	120	102	118	39.47	0.0302534
104	120	118	101	-29.13	0.0303433
104	120	101	117	19.99	0.0305003
104	120	117	100	-15.45	0.0306472
104	120	100	116	11.39	0.030878
104	120	116	99	-9.38	0.0310661
104	120	99	115	5.39	0.0318553
104	120	115	98	-4.49	0.0322272
104	120	98	114	5.43	0.0318416
104	120	114	97	-4.94	0.0320243
104	120	97	113	3.49	0.0328653
103	119	102	118	101.21	0.0300988
103	119	118	101	-68.78	0.0301454
103	119	101	117	39.55	0.0302528
103	119	117	100	-29.14	0.0303432
103	119	100	116	19.99	0.0305003
103	119	116	99	-15.93	0.0306277
103	119	99	115	9.65	0.0310363
103	119	115	98	-7.75	0.0312903
103	119	98	114	8.64	0.0311574
103	119	114	97	-7.76	0.0312887
103	119	97	113	5.18	0.0319305
102	118	101	117	104.02	0.0300961
102	118	117	100	-70.24	0.0301424
102	118	100	116	40.16	0.030249
102	118	116	99	-30.55	0.0303273
102	118	99	115	16.66	0.0306002
102	118	115	98	-12.7	0.0307874
102	118	98	114	16.57	0.0306035
102	118	114	97	-14.66	0.0306821
102	118	97	113	8.01	0.0312484
128	144	127	143	55.31	0.0301808
128	144	143	126	-42.94	0.0302329
128	144	126	142	20.92	0.030478
128	144	142	125	-16.78	0.0305959
128	144	125	141	10.31	0.0309699
128	144	141	124	-8.46	0.031182
128	144	124	140	5.65	0.0317699
128	144	140	123	-4.73	0.0321142
128	144	123	139	2.89	0.0334602
128	144	139	122	-2.48	0.0340323
128	144	122	138	1.81	0.0355249
128	144	138	121	-1.6	0.03625
128	144	121	137	1.22	0.0381967
128	144	137	120	-1.08	0.0392593
128	144	120	136	0.85	0.0417647
128	144	136	119	-0.77	0.042987
127	143	126	142	84.89	0.0301178
127	143	142	125	-59.97	0.0301668
127	143	125	141	33.17	0.0303015
127	143	141	124	-25.12	0.0303981
127	143	124	140	16.28	0.0306143
127	143	140	123	-12.69	0.030788
127	143	123	139	8.81	0.0311351
127	143	139	122	-7.1	0.0314085
127	143	122	138	4.61	0.0321692
127	143	138	121	-3.84	0.0326042
127	143	121	137	2.93	0.033413
127	143	137	120	-2.46	0.034065
127	143	120	136	1.95	0.0351282
127	143	136	119	-1.66	0.0360241
127	143	119	135	1.35	0.0374074
127	143	135	118	-1.16	0.0386207
126	142	125	141	93.07	0.0301074
126	142	141	124	-66.84	0.0301496
126	142	124	140	36.74	0.0302722
126	142	140	123	-27.7	0.030361
126	142	123	139	18.01	0.0305552
126	142	139	122	-14.16	0.0307062
126	142	122	138	9.96	0.031004
126	142	138	121	-8.15	0.031227
126	142	121	137	5.38	0.0318587
126	142	137	120	-4.43	0.0322573
126	142	120	136	3.44	0.032907
126	142	136	119	-2.88	0.0334722
126	142	119	135	2.31	0.034329
126	142	135	118	-1.96	0.035102
126	142	118	134	1.59	0.0362893
126	142	134	117	-1.37	0.0372993
125	141	124	140	98.61	0.0301014
125	141	140	123	-68.75	0.0301455
125	141	123	139	38.24	0.0302615
125	141	139	122	-28.94	0.0303455
125	141	122	138	19.03	0.0305255
125	141	138	121	-15.17	0.0306592
125	141	121	137	10.86	0.0309208
125	141	137	120	-8.75	0.0311429
125	141	120	136	5.92	0.0316892
125	141	136	119	-4.86	0.0320576
125	141	119	135	3.82	0.0326178
125	141	135	118	-3.18	0.0331447
125	141	118	134	2.54	0.033937
125	141	134	117	-2.16	0.0346296
125	141	117	133	1.78	0.035618
125	141	133	116	-1.55	0.0364516
124	140	123	139	97.4	0.0301027
124	140	139	122	-68.67	0.0301456
124	140	122	138	38.48	0.0302599
124	140	138	121	-29.66	0.0303372
124	140	121	137	19.85	0.0305038
124	140	137	120	-15.58	0.0306418
124	140	120	136	11.36	0.0308803
124	140	136	119	-9.17	0.0310905
124	140	119	135	6.23	0.0316051
124	140	135	118	-5.1	0.0319608
124	140	118	134	3.99	0.0325063
124	140	134	117	-3.34	0.032994
124	140	117	133	2.71	0.03369
124	140	133	116	-2.32	0.0343103
124	140	116	132	1.94	0.0351546
124	140	132	115	-1.53	0.0365359
123	139	122	138	95.24	0.030105
123	139	138	121	-68.18	0.0301467
123	139	121	137	39.19	0.0302552
123	139	137	120	-29.59	0.030338
123	139	120	136	20.26	0.0304936
123	139	136	119	-15.94	0.0306274
123	139	119	135	11.75	0.0308511
123	139	135	118	-9.43	0.0310604
123	139	118	134	6.37	0.0315699
123	139	134	117	-5.23	0.031912
123	139	117	133	4.16	0.0324038
123	139	133	116	-3.51	0.032849
123	139	116	132	2.88	0.0334722
123	139	132	115	-2.23	0.0344843
123	139	115	131	1.87	0.0353476
123	139	131	114	-2.13	0.0346948
122	138	121	137	96.95	0.0301031
122	138	137	120	-67.09	0.0301491
122	138	120	136	39.47	0.0302534
122	138	136	119	-29.97	0.0303337
122	138	119	135	20.64	0.0304845
122	138	135	118	-16.18	0.030618
122	138	118	134	11.81	0.0308467
122	138	134	117	-9.55	0.0310471
122	138	117	133	6.51	0.0315361
122	138	133	116	-5.41	0.0318484
122	138	116	132	4.36	0.0322936
122	138	132	115	-3.3	0.0330303
122	138	115	131	2.7	0.0337037
122	138	131	114	-3.1	0.0332258
122	138	114	130	2.76	0.0336232
122	138	130	113	-2.16	0.0346296
121	137	120	136	95.46	0.0301048
121	137	136	119	-68.18	0.0301467
121	137	119	135	39.62	0.0302524
121	137	135	118	-30.26	0.0303305
121	137	118	134	20.41	0.03049
121	137	134	117	-16.22	0.0306165
121	137	117	133	11.86	0.0308432
121	137	133	116	-9.76	0.0310246
121	137	116	132	6.69	0.0314948
121	137	132	115	-5.01	0.031996
121	137	115	131	3.97	0.0325189
121	137	131	114	-4.59	0.0321786
121	137	114	130	4.01	0.0324938
121	137	130	113	-3.08	0.0332468
121	137	113	129	2.73	0.033663
120	136	119	135	97.97	0.0301021
120	136	135	118	-68.78	0.0301454
120	136	118	134	39.53	0.030253
120	136	134	117	-30.23	0.0303308
120	136	117	133	20.53	0.0304871
120	136	133	116	-16.44	0.0306083
120	136	116	132	12.24	0.030817
120	136	132	115	-8.9	0.0311236
120	136	115	131	6.03	0.0316584
120	136	131	114	-7.07	0.0314144
120	136	114	130	6.07	0.0316474
120	136	130	113	-4.52	0.0322124
120	136	113	129	3.94	0.0325381
119	135	118	134	100.15	0.0300999
119	135	134	117	-70.33	0.0301422
119	135	117	133	40	0.03025
119	135	133	116	-30.74	0.0303253
119	135	116	132	21.32	0.030469
119	135	132	115	-14.89	0.0306716
119	135	115	131	10.81	0.0309251
119	135	131	114	-12.94	0.0307728
119	135	114	130	9.55	0.0310471
119	135	130	113	-6.81	0.0314684
119	135	113	129	5.83	0.0317153
118	134	113	129	8.87	0.0311274
