144# Number of sensors
#x	z
1.75	-0.1
1.75	-0.2
1.75	-0.3
1.75	-0.4
1.75	-0.5
1.75	-0.6
1.75	-0.7
1.75	-0.8
1.75	-0.9
1.75	-1
1.75	-1.1
1.75	-1.2
1.75	-1.3
1.75	-1.4
1.75	-1.5
1.75	-1.6
2.25	-0.1
2.25	-0.2
2.25	-0.3
2.25	-0.4
2.25	-0.5
2.25	-0.6
2.25	-0.7
2.25	-0.8
2.25	-0.9
2.25	-1
2.25	-1.1
2.25	-1.2
2.25	-1.3
2.25	-1.4
2.25	-1.5
2.25	-1.6
2.75	-0.1
2.75	-0.2
2.75	-0.3
2.75	-0.4
2.75	-0.5
2.75	-0.6
2.75	-0.7
2.75	-0.8
2.75	-0.9
2.75	-1
2.75	-1.1
2.75	-1.2
2.75	-1.3
2.75	-1.4
2.75	-1.5
2.75	-1.6
3.25	-0.1
3.25	-0.2
3.25	-0.3
3.25	-0.4
3.25	-0.5
3.25	-0.6
3.25	-0.7
3.25	-0.8
3.25	-0.9
3.25	-1
3.25	-1.1
3.25	-1.2
3.25	-1.3
3.25	-1.4
3.25	-1.5
3.25	-1.6
3.75	-0.1
3.75	-0.2
3.75	-0.3
3.75	-0.4
3.75	-0.5
3.75	-0.6
3.75	-0.7
3.75	-0.8
3.75	-0.9
3.75	-1
3.75	-1.1
3.75	-1.2
3.75	-1.3
3.75	-1.4
3.75	-1.5
3.75	-1.6
4.25	-0.1
4.25	-0.2
4.25	-0.3
4.25	-0.4
4.25	-0.5
4.25	-0.6
4.25	-0.7
4.25	-0.8
4.25	-0.9
4.25	-1
4.25	-1.1
4.25	-1.2
4.25	-1.3
4.25	-1.4
4.25	-1.5
4.25	-1.6
4.75	-0.1
4.75	-0.2
4.75	-0.3
4.75	-0.4
4.75	-0.5
4.75	-0.6
4.75	-0.7
4.75	-0.8
4.75	-0.9
4.75	-1
4.75	-1.1
4.75	-1.2
4.75	-1.3
4.75	-1.4
4.75	-1.5
4.75	-1.6
5.25	-0.1
5.25	-0.2
5.25	-0.3
5.25	-0.4
5.25	-0.5
5.25	-0.6
5.25	-0.7
5.25	-0.8
5.25	-0.9
5.25	-1
5.25	-1.1
5.25	-1.2
5.25	-1.3
5.25	-1.4
5.25	-1.5
5.25	-1.6
5.75	-0.1
5.75	-0.2
5.75	-0.3
5.75	-0.4
5.75	-0.5
5.75	-0.6
5.75	-0.7
5.75	-0.8
5.75	-0.9
5.75	-1
5.75	-1.1
5.75	-1.2
5.75	-1.3
5.75	-1.4
5.75	-1.5
5.75	-1.6
1256# Number of data
#a	b	m	n	R	err
16	32	15	31	64.56	0.0301549
16	32	31	14	-42.56	0.030235
16	32	14	30	22.68	0.0304409
16	32	30	13	-18.9	0.0305291
16	32	13	29	12.36	0.0308091
16	32	29	12	-11.12	0.0308993
16	32	12	28	8.48	0.0311792
16	32	28	11	-6.77	0.0314771
16	32	11	27	5.25	0.0319048
16	32	27	10	-3.46	0.0328902
16	32	10	26	2.8	0.0335714
16	32	26	9	-2.07	0.0348309
16	32	9	25	1.72	0.035814
16	32	25	8	-1.37	0.0372993
16	32	8	24	1.16	0.0386207
16	32	24	7	-0.95	0.0405263
15	31	14	30	74.83	0.0301336
15	31	30	13	-60.65	0.0301649
15	31	13	29	36.78	0.0302719
15	31	29	12	-33.5	0.0302985
15	31	12	28	25.05	0.0303992
15	31	28	11	-19.51	0.0305126
15	31	11	27	15.62	0.0306402
15	31	27	10	-9.62	0.0310395
15	31	10	26	7.12	0.0314045
15	31	26	9	-4.97	0.0320121
15	31	9	25	4.08	0.032451
15	31	25	8	-3.1	0.0332258
15	31	8	24	2.61	0.0338314
15	31	24	7	-2.07	0.0348309
15	31	7	23	1.77	0.0356497
15	31	23	6	-1.46	0.0368493
14	30	13	29	87.66	0.0301141
14	30	29	12	-78.79	0.0301269
14	30	12	28	54.37	0.0301839
14	30	28	11	-42.14	0.0302373
14	30	11	27	32.81	0.0303048
14	30	27	10	-19.41	0.0305152
14	30	10	26	15.27	0.0306549
14	30	26	9	-10.34	0.0309671
14	30	9	25	7.24	0.0313812
14	30	25	8	-5.36	0.0318657
14	30	8	24	4.46	0.0322422
14	30	24	7	-3.46	0.0328902
14	30	7	23	2.93	0.033413
14	30	23	6	-2.37	0.0342194
14	30	6	22	2.06	0.0348544
14	30	22	5	-1.66	0.0360241
13	29	12	28	93	0.0301075
13	29	28	11	-73.65	0.0301358
13	29	11	27	47.42	0.0302109
13	29	27	10	-31.77	0.0303148
13	29	10	26	22.24	0.0304496
13	29	26	9	-16.21	0.0306169
13	29	9	25	12.15	0.030823
13	29	25	8	-9.49	0.0310537
13	29	8	24	6.4	0.0315625
13	29	24	7	-5.16	0.031938
13	29	7	23	4.14	0.0324155
13	29	23	6	-3.47	0.0328818
13	29	6	22	2.86	0.0334965
13	29	22	5	-2.39	0.0341841
13	29	5	21	2.04	0.034902
13	29	21	4	-1.83	0.0354645
12	28	11	27	85.12	0.0301175
12	28	27	10	-62.46	0.0301601
12	28	10	26	36.43	0.0302745
12	28	26	9	-28.01	0.030357
12	28	9	25	19.04	0.0305252
12	28	25	8	-15.31	0.0306532
12	28	8	24	11.12	0.0308993
12	28	24	7	-9.19	0.0310881
12	28	7	23	6.09	0.031642
12	28	23	6	-5.2	0.0319231
12	28	6	22	4.08	0.032451
12	28	22	5	-3.48	0.0328736
12	28	5	21	2.86	0.0334965
12	28	21	4	-2.59	0.033861
12	28	4	20	2.18	0.0345872
12	28	20	3	-2.05	0.034878
11	27	10	26	86.6	0.0301155
11	27	26	9	-63.02	0.0301587
11	27	9	25	38.16	0.0302621
11	27	25	8	-29.69	0.0303368
11	27	8	24	20.2	0.030495
11	27	24	7	-16.26	0.030615
11	27	7	23	11.81	0.0308467
11	27	23	6	-9.9	0.0310101
11	27	6	22	6.56	0.0315244
11	27	22	5	-5.47	0.0318282
11	27	5	21	4.38	0.0322831
11	27	21	4	-3.92	0.032551
11	27	4	20	3.24	0.0330864
11	27	20	3	-3.02	0.0333113
11	27	3	19	2.72	0.0336765
11	27	19	2	-2.55	0.0339216
10	26	9	25	96.62	0.0301035
10	26	25	8	-69.54	0.0301438
10	26	8	24	42.62	0.0302346
10	26	24	7	-32.58	0.0303069
10	26	7	23	22.45	0.0304454
10	26	23	6	-18.09	0.0305528
10	26	6	22	13.39	0.0307468
10	26	22	5	-10.68	0.0309363
10	26	5	21	7.25	0.0313793
10	26	21	4	-6.35	0.0315748
10	26	4	20	5.17	0.0319342
10	26	20	3	-4.76	0.0321008
10	26	3	19	4.25	0.0323529
10	26	19	2	-3.96	0.0325253
10	26	2	18	3.75	0.0326667
10	26	18	1	-3.47	0.0328818
9	25	8	24	101.51	0.0300985
9	25	24	7	-72.7	0.0301376
9	25	7	23	44.74	0.0302235
9	25	23	6	-34.65	0.0302886
9	25	6	22	24.19	0.0304134
9	25	22	5	-18.38	0.0305441
9	25	5	21	13.82	0.0307236
9	25	21	4	-11.8	0.0308475
9	25	4	20	8.08	0.0312376
9	25	20	3	-7.32	0.0313661
9	25	3	19	6.45	0.0315504
9	25	19	2	-5.96	0.0316779
9	25	2	18	5.61	0.0317825
9	25	18	1	-5.13	0.0319493
9	25	1	17	4.83	0.0320704
8	24	7	23	105.82	0.0300945
8	24	23	6	-77.02	0.0301298
8	24	6	22	48.47	0.0302063
8	24	22	5	-34.48	0.03029
8	24	5	21	24.22	0.0304129
8	24	21	4	-20.09	0.0304978
8	24	4	20	15.03	0.0306653
8	24	20	3	-13.41	0.0307457
8	24	3	19	9.95	0.031005
8	24	19	2	-9.11	0.0310977
8	24	2	18	8.49	0.0311779
8	24	18	1	-7.67	0.0313038
8	24	1	17	7.15	0.0313986
7	23	6	22	116.46	0.0300859
7	23	22	5	-76.45	0.0301308
7	23	5	21	47.3	0.0302114
7	23	21	4	-37.94	0.0302636
7	23	4	20	25.96	0.0303852
7	23	20	3	-22.66	0.0304413
7	23	3	19	18.85	0.0305305
7	23	19	2	-17.1	0.0305848
7	23	2	18	13.61	0.0307348
7	23	18	1	-12.09	0.0308271
7	23	1	17	11.13	0.0308985
6	22	1	17	16.94	0.0305903
3	19	2	18	271.75	0.0300368
3	19	18	1	-188.38	0.0300531
3	19	1	17	142.09	0.0300704
2	18	1	17	783.13	0.0300128
32	48	31	47	63.35	0.0301579
32	48	47	30	-43.92	0.0302277
32	48	30	46	27.94	0.0303579
32	48	46	29	-21.36	0.0304682
32	48	29	45	12.93	0.0307734
32	48	45	28	-10.26	0.0309747
32	48	28	44	6.83	0.0314641
32	48	44	27	-5.51	0.0318149
32	48	27	43	3.74	0.0326738
32	48	43	26	-3.06	0.033268
32	48	26	42	2.3	0.0343478
32	48	42	25	-1.95	0.0351282
32	48	25	41	1.54	0.0364935
32	48	41	24	-1.33	0.0375188
32	48	24	40	1.07	0.0393458
32	48	40	23	-0.94	0.0406383
31	47	30	46	87.49	0.0301143
31	47	46	29	-63.42	0.0301577
31	47	29	45	35.75	0.0302797
31	47	45	28	-27.31	0.0303662
31	47	28	44	17.4	0.0305747
31	47	44	27	-13.57	0.0307369
31	47	27	43	9.37	0.0310672
31	47	43	26	-7.42	0.0313477
31	47	26	42	4.85	0.0320619
31	47	42	25	-3.99	0.0325063
31	47	25	41	3.09	0.0332362
31	47	41	24	-2.58	0.033876
31	47	24	40	2.06	0.0348544
31	47	40	23	-1.76	0.0356818
31	47	23	39	1.44	0.0369444
31	47	39	22	-1.25	0.038
30	46	29	45	85.95	0.0301163
30	46	45	28	-61.27	0.0301632
30	46	28	44	36.27	0.0302757
30	46	44	27	-26.98	0.0303706
30	46	27	43	18.04	0.0305543
30	46	43	26	-13.8	0.0307246
30	46	26	42	9.91	0.0310091
30	46	42	25	-7.92	0.0312626
30	46	25	41	5.47	0.0318282
30	46	41	24	-4.44	0.0322523
30	46	24	40	3.53	0.0328329
30	46	40	23	-2.92	0.0334247
30	46	23	39	2.4	0.0341667
30	46	39	22	-2.04	0.034902
30	46	22	38	1.74	0.0357471
30	46	38	21	-1.53	0.0365359
29	45	28	44	91.26	0.0301096
29	45	44	27	-64.71	0.0301545
29	45	27	43	38.08	0.0302626
29	45	43	26	-28.37	0.0303525
29	45	26	42	18.91	0.0305288
29	45	42	25	-14.84	0.0306739
29	45	25	41	10.84	0.0309225
29	45	41	24	-8.68	0.0311521
29	45	24	40	6	0.0316667
29	45	40	23	-4.9	0.0320408
29	45	23	39	3.92	0.032551
29	45	39	22	-3.28	0.0330488
29	45	22	38	2.75	0.0336364
29	45	38	21	-2.37	0.0342194
29	45	21	37	2.04	0.034902
29	45	37	20	-1.79	0.0355866
28	44	27	43	92.84	0.0301077
28	44	43	26	-66.21	0.030151
28	44	26	42	38.4	0.0302604
28	44	42	25	-29.34	0.0303408
28	44	25	41	19.9	0.0305025
28	44	41	24	-15.64	0.0306394
28	44	24	40	11.43	0.0308749
28	44	40	23	-9.2	0.031087
28	44	23	39	6.36	0.0315723
28	44	39	22	-5.24	0.0319084
28	44	22	38	4.29	0.032331
28	44	38	21	-3.65	0.0327397
28	44	21	37	3.09	0.0332362
28	44	37	20	-2.69	0.0337175
28	44	20	36	2.34	0.0342735
28	44	36	19	-2.15	0.0346512
27	43	26	42	91.11	0.0301098
27	43	42	25	-65.87	0.0301518
27	43	25	41	39.76	0.0302515
27	43	41	24	-30.1	0.0303322
27	43	24	40	20.67	0.0304838
27	43	40	23	-16.17	0.0306184
27	43	23	39	11.95	0.0308368
27	43	39	22	-9.62	0.0310395
27	43	22	38	6.88	0.0314535
27	43	38	21	-5.72	0.0317483
27	43	21	37	4.76	0.0321008
27	43	37	20	-4.05	0.0324691
27	43	20	36	3.48	0.0328736
27	43	36	19	-3.17	0.0331546
27	43	19	35	2.89	0.0334602
27	43	35	18	-2.73	0.033663
26	42	25	41	92.98	0.0301076
26	42	41	24	-65.6	0.0301524
26	42	24	40	40.43	0.0302473
26	42	40	23	-30.14	0.0303318
26	42	23	39	21.07	0.0304746
26	42	39	22	-16.33	0.0306124
26	42	22	38	12.54	0.0307974
26	42	38	21	-10.14	0.0309862
26	42	21	37	7.4	0.0313514
26	42	37	20	-6.12	0.031634
26	42	20	36	5.15	0.0319417
26	42	36	19	-4.6	0.0321739
26	42	19	35	4.17	0.0323981
26	42	35	18	-3.92	0.032551
26	42	18	34	3.76	0.0326596
26	42	34	17	-3.52	0.0328409
25	41	24	40	97.35	0.0301027
25	41	40	23	-68.84	0.0301453
25	41	23	39	41.92	0.0302385
25	41	39	22	-31.32	0.0303193
25	41	22	38	22.24	0.0304496
25	41	38	21	-17.53	0.0305705
25	41	21	37	13.49	0.0307413
25	41	37	20	-10.86	0.0309208
25	41	20	36	7.77	0.031287
25	41	36	19	-6.82	0.0314663
25	41	19	35	6.03	0.0316584
25	41	35	18	-5.6	0.0317857
25	41	18	34	5.32	0.0318797
25	41	34	17	-4.95	0.0320202
25	41	17	33	4.89	0.032045
24	40	23	39	102.55	0.0300975
24	40	39	22	-73.56	0.0301359
24	40	22	38	45.26	0.0302209
24	40	38	21	-34.81	0.0302873
24	40	21	37	24.08	0.0304153
24	40	37	20	-19.2	0.0305208
24	40	20	36	14.17	0.0307057
24	40	36	19	-12.25	0.0308163
24	40	19	35	9.16	0.0310917
24	40	35	18	-8.43	0.0311862
24	40	18	34	7.85	0.0312739
24	40	34	17	-7.24	0.0313812
24	40	17	33	7.02	0.0314245
23	39	22	38	113.61	0.030088
23	39	38	21	-83.94	0.0301191
23	39	21	37	51.18	0.0301954
23	39	37	20	-38.85	0.0302574
23	39	20	36	25.54	0.0303915
23	39	36	19	-21.67	0.0304615
23	39	19	35	17.04	0.0305869
23	39	35	18	-15.88	0.0306297
23	39	18	34	12.43	0.0308045
23	39	34	17	-11.34	0.0308818
23	39	17	33	10.76	0.0309294
22	38	21	37	125.3	0.0300798
22	38	37	20	-89.79	0.0301114
22	38	20	36	49.61	0.0302016
22	38	36	19	-40.81	0.030245
22	38	19	35	29.48	0.0303392
22	38	35	18	-26.44	0.0303782
22	38	18	34	23.29	0.0304294
22	38	34	17	-20.99	0.0304764
22	38	17	33	17.14	0.0305834
21	37	20	36	113.16	0.0300884
21	37	36	19	-86.14	0.0301161
21	37	19	35	53.73	0.0301861
21	37	35	18	-46.68	0.0302142
21	37	18	34	39.53	0.030253
21	37	34	17	-34.84	0.030287
21	37	17	33	31.47	0.0303178
18	34	17	33	402.38	0.0300249
48	64	47	63	57.88	0.0301728
48	64	63	46	-42.26	0.0302366
48	64	46	62	28.2	0.0303546
48	64	62	45	-19.7	0.0305076
48	64	45	61	13.4	0.0307463
48	64	61	44	-10.01	0.030999
48	64	44	60	6.94	0.0314409
48	64	60	43	-5.41	0.0318484
48	64	43	59	3.53	0.0328329
48	64	59	42	-2.76	0.0336232
48	64	42	58	1.73	0.0357803
48	64	58	41	-1.33	0.0375188
48	64	41	57	1	0.04
48	64	57	40	-0.83	0.0420482
48	64	40	56	0.77	0.042987
48	64	56	39	-0.67	0.0449254
47	63	46	62	81.87	0.0301221
47	63	62	45	-53.95	0.0301854
47	63	45	61	34.48	0.03029
47	63	61	44	-24.84	0.0304026
47	63	44	60	16.66	0.0306002
47	63	60	43	-12.58	0.0307949
47	63	43	59	8.36	0.0311962
47	63	59	42	-6.36	0.0315723
47	63	42	58	3.5	0.0328571
47	63	58	41	-2.6	0.0338462
47	63	41	57	1.92	0.0352083
47	63	57	40	-1.51	0.0366225
47	63	40	56	1.4	0.0371429
47	63	56	39	-1.17	0.038547
47	63	39	55	1.16	0.0386207
47	63	55	38	-1.03	0.0397087
46	62	45	61	79.87	0.0301252
46	62	61	44	-54.7	0.0301828
46	62	44	60	33.8	0.0302959
46	62	60	43	-24.87	0.0304021
46	62	43	59	15.78	0.0306337
46	62	59	42	-11.79	0.0308482
46	62	42	58	6.88	0.0314535
46	62	58	41	-4.98	0.032008
46	62	41	57	3.21	0.0331153
46	62	57	40	-2.46	0.034065
46	62	40	56	2.26	0.0344248
46	62	56	39	-1.84	0.0354348
46	62	39	55	1.81	0.0355249
46	62	55	38	-1.59	0.0362893
46	62	38	54	1.43	0.036993
46	62	54	37	-1.32	0.0375758
45	61	44	60	85.35	0.0301172
45	61	60	43	-58.34	0.0301714
45	61	43	59	34.03	0.0302939
45	61	59	42	-24.23	0.0304127
45	61	42	58	13.44	0.030744
45	61	58	41	-9.31	0.0310741
45	61	41	57	6.47	0.0315456
45	61	57	40	-4.7	0.0321277
45	61	40	56	3.88	0.0325773
45	61	56	39	-3.02	0.0333113
45	61	39	55	2.98	0.0333557
45	61	55	38	-2.54	0.033937
45	61	38	54	2.28	0.034386
45	61	54	37	-2.07	0.0348309
45	61	37	53	1.78	0.035618
45	61	53	36	-1.62	0.0361728
44	60	43	59	83.39	0.0301199
44	60	59	42	-54.71	0.0301828
44	60	42	58	27.63	0.0303619
44	60	58	41	-17.96	0.0305568
44	60	41	57	11.9	0.0308403
44	60	57	40	-8.07	0.0312392
44	60	40	56	7.22	0.031385
44	60	56	39	-5.34	0.0318727
44	60	39	55	4.81	0.032079
44	60	55	38	-3.96	0.0325253
44	60	38	54	3.55	0.0328169
44	60	54	37	-3.14	0.0331847
44	60	37	53	2.71	0.03369
44	60	53	36	-2.42	0.0341322
44	60	36	52	2.11	0.0347393
44	60	52	35	-1.95	0.0351282
43	59	42	58	65.65	0.0301523
43	59	58	41	-39.18	0.0302552
43	59	41	57	23.38	0.0304277
43	59	57	40	-14.52	0.0306887
43	59	40	56	12.65	0.0307905
43	59	56	39	-8.78	0.031139
43	59	39	55	8.55	0.0311696
43	59	55	38	-6.8	0.0314706
43	59	38	54	5.53	0.0318083
43	59	54	37	-4.79	0.0320877
43	59	37	53	4.09	0.032445
43	59	53	36	-3.59	0.0327855
43	59	36	52	3.1	0.0332258
43	59	52	35	-2.86	0.0334965
43	59	35	51	2.47	0.0340486
43	59	51	34	-2.37	0.0342194
42	58	41	57	51.86	0.0301928
42	58	57	40	-27.97	0.0303575
42	58	40	56	23.21	0.0304308
42	58	56	39	-14.7	0.0306803
42	58	39	55	14.2	0.0307042
42	58	55	38	-10.77	0.0309285
42	58	38	54	9.54	0.0310482
42	58	54	37	-8.01	0.0312484
42	58	37	53	6.32	0.0315823
42	58	53	36	-5.43	0.0318416
42	58	36	52	4.65	0.0321505
42	58	52	35	-4.24	0.0323585
42	58	35	51	3.63	0.0327548
42	58	51	34	-3.47	0.0328818
42	58	34	50	3.2	0.033125
42	58	50	33	-2.97	0.033367
41	57	40	56	51.85	0.0301929
41	57	56	39	-26.22	0.0303814
41	57	39	55	25.35	0.0303945
41	57	55	38	-16.85	0.0305935
41	57	38	54	15.14	0.0306605
41	57	54	37	-11.63	0.0308598
41	57	37	53	10.01	0.030999
41	57	53	36	-8.02	0.0312469
41	57	36	52	6.42	0.0315576
41	57	52	35	-5.6	0.0317857
41	57	35	51	4.86	0.0320576
41	57	51	34	-4.56	0.032193
41	57	34	50	4.25	0.0323529
41	57	50	33	-3.9	0.0325641
41	57	33	49	3.77	0.0326525
40	56	39	55	58.72	0.0301703
40	56	55	38	-31.05	0.0303221
40	56	38	54	28.59	0.0303498
40	56	54	37	-18.82	0.0305313
40	56	37	53	16.7	0.0305988
40	56	53	36	-11.83	0.0308453
40	56	36	52	10.5	0.0309524
40	56	52	35	-8.54	0.031171
40	56	35	51	7.38	0.031355
40	56	51	34	-6.69	0.0314948
40	56	34	50	6.32	0.0315823
40	56	50	33	-5.69	0.0317575
40	56	33	49	5.55	0.0318018
39	55	38	54	71.43	0.03014
39	55	54	37	-39.17	0.0302553
39	55	37	53	33.43	0.0302991
39	55	53	36	-20.21	0.0304948
39	55	36	52	17.94	0.0305574
39	55	52	35	-13.33	0.0307502
39	55	35	51	11.94	0.0308375
39	55	51	34	-10.43	0.0309588
39	55	34	50	9.02	0.0311086
39	55	50	33	-7.92	0.0312626
39	55	33	49	7.8	0.0312821
38	54	37	53	101.58	0.0300984
38	54	53	36	-61.44	0.0301628
38	54	36	52	40.9	0.0302445
38	54	52	35	-29.63	0.0303375
38	54	35	51	21.93	0.030456
38	54	51	34	-18.78	0.0305325
38	54	34	50	16.74	0.0305974
38	54	50	33	-14.47	0.0306911
38	54	33	49	12.06	0.0308292
37	53	36	52	110.84	0.0300902
37	53	52	35	-78.53	0.0301273
37	53	35	51	45.13	0.0302216
37	53	51	34	-37.9	0.0302639
37	53	34	50	31.17	0.0303208
37	53	50	33	-26.67	0.030375
37	53	33	49	24.18	0.0304136
34	50	33	49	279.21	0.0300358
64	80	63	79	45.11	0.0302217
64	80	79	62	-30.9	0.0303236
64	80	62	78	20.6	0.0304854
64	80	78	61	-14.25	0.0307018
64	80	61	77	10.3	0.0309709
64	80	77	60	-7.15	0.0313986
64	80	60	76	5.63	0.0317762
64	80	76	59	-3.82	0.0326178
64	80	59	75	2.98	0.0333557
64	80	75	58	-1.82	0.0354945
64	80	58	74	1.39	0.0371942
64	80	74	57	-0.98	0.0402041
64	80	57	73	0.65	0.0453846
64	80	73	56	-0.57	0.0475439
64	80	56	72	0.32	0.06125
64	80	72	55	-0.28	0.0657143
63	79	62	78	79.47	0.0301258
63	79	78	61	-60.33	0.0301658
63	79	61	77	31.74	0.0303151
63	79	77	60	-23.49	0.0304257
63	79	60	76	15.81	0.0306325
63	79	76	59	-11.52	0.0308681
63	79	59	75	8.14	0.0312285
63	79	75	58	-5.59	0.0317889
63	79	58	74	3.35	0.0329851
63	79	74	57	-2.59	0.033861
63	79	57	73	1.5	0.0366667
63	79	73	56	-1.36	0.0373529
63	79	56	72	0.64	0.045625
63	79	72	55	-0.56	0.0478571
63	79	55	71	0.38	0.0563158
63	79	71	54	-0.32	0.06125
62	78	61	77	77.64	0.0301288
62	78	77	60	-56.74	0.0301762
62	78	60	76	32.94	0.0303036
62	78	76	59	-23.8	0.0304202
62	78	59	75	15.73	0.0306357
62	78	75	58	-10.78	0.0309276
62	78	58	74	6.99	0.0314306
62	78	74	57	-5.4	0.0318519
62	78	57	73	2.64	0.0337879
62	78	73	56	-2.4	0.0341667
62	78	56	72	1.05	0.0395238
62	78	72	55	-0.92	0.0408696
62	78	55	71	0.6	0.0466667
62	78	71	54	-0.5	0.05
62	78	54	70	0.46	0.0517391
62	78	70	53	-0.34	0.0594118
61	77	60	76	86.16	0.0301161
61	77	76	59	-62.05	0.0301612
61	77	59	75	33.88	0.0302952
61	77	75	58	-23.11	0.0304327
61	77	58	74	13.67	0.0307315
61	77	74	57	-10.5	0.0309524
61	77	57	73	5.43	0.0318416
61	77	73	56	-4.92	0.0320325
61	77	56	72	1.78	0.035618
61	77	72	55	-1.56	0.0364103
61	77	55	71	0.98	0.0402041
61	77	71	54	-0.82	0.0421951
61	77	54	70	0.73	0.0436986
61	77	70	53	-0.54	0.0485185
61	77	53	69	0.54	0.0485185
61	77	69	52	-0.39	0.055641
60	76	59	75	83.81	0.0301193
60	76	75	58	-57.08	0.0301752
60	76	58	74	27.55	0.030363
60	76	74	57	-20.91	0.0304782
60	76	57	73	9.8	0.0310204
60	76	73	56	-8.82	0.0311338
60	76	56	72	3.25	0.0330769
60	76	72	55	-2.87	0.0334843
60	76	55	71	1.55	0.0364516
60	76	71	54	-1.27	0.037874
60	76	54	70	1.12	0.0389286
60	76	70	53	-0.8	0.0425
60	76	53	69	0.79	0.0426582
60	76	69	52	-0.55	0.0481818
60	76	52	68	0.59	0.0469492
60	76	68	51	-0.38	0.0563158
59	75	58	74	69.7	0.0301435
59	75	74	57	-52.45	0.0301907
59	75	57	73	19.5	0.0305128
59	75	73	56	-17.42	0.0305741
59	75	56	72	5.56	0.0317986
59	75	72	55	-4.91	0.0320367
59	75	55	71	2.8	0.0335714
59	75	71	54	-2.25	0.0344444
59	75	54	70	1.68	0.0359524
59	75	70	53	-1.15	0.0386957
59	75	53	69	1.13	0.0388496
59	75	69	52	-0.75	0.0433333
59	75	52	68	0.8	0.0425
59	75	68	51	-0.47	0.0512766
59	75	51	67	0.68	0.0447059
59	75	67	50	-0.54	0.0485185
58	74	57	73	48.17	0.0302076
58	74	73	56	-43.01	0.0302325
58	74	56	72	9.99	0.031001
58	74	72	55	-8.92	0.0311211
58	74	55	71	4.55	0.0321978
58	74	71	54	-3.6	0.0327778
58	74	54	70	2.99	0.0333445
58	74	70	53	-2.03	0.0349261
58	74	53	69	1.7	0.0358824
58	74	69	52	-1.09	0.0391743
58	74	52	68	1.14	0.0387719
58	74	68	51	-0.63	0.045873
58	74	51	67	0.91	0.040989
58	74	67	50	-0.7	0.0442857
58	74	50	66	0.97	0.0403093
58	74	66	49	-0.84	0.0419048
57	73	56	72	21.5	0.0304651
57	73	72	55	-19.84	0.030504
57	73	55	71	6.99	0.0314306
57	73	71	54	-5.78	0.0317301
57	73	54	70	4.35	0.0322989
57	73	70	53	-3.25	0.0330769
57	73	53	69	2.89	0.0334602
57	73	69	52	-2.17	0.0346083
57	73	52	68	2.15	0.0346512
57	73	68	51	-1.57	0.0363694
57	73	51	67	1.6	0.03625
57	73	67	50	-1.37	0.0372993
57	73	50	66	1.45	0.0368966
57	73	66	49	-1.3	0.0376923
57	73	49	65	1.35	0.0374074
56	72	55	71	11.28	0.0308865
56	72	71	54	-9.81	0.0310194
56	72	54	70	6.32	0.0315823
56	72	70	53	-5.23	0.031912
56	72	53	69	4.37	0.0322883
56	72	69	52	-3.76	0.0326596
56	72	52	68	3.61	0.0327701
56	72	68	51	-3.15	0.0331746
56	72	51	67	2.58	0.033876
56	72	67	50	-2.41	0.0341494
56	72	50	66	2	0.035
56	72	66	49	-1.88	0.0353191
56	72	49	65	1.75	0.0357143
55	71	54	70	11	0.0309091
55	71	70	53	-7.87	0.0312706
55	71	53	69	6.11	0.0316367
55	71	69	52	-5.07	0.0319724
55	71	52	68	4.79	0.0320877
55	71	68	51	-4.16	0.0324038
55	71	51	67	3.27	0.0330581
55	71	67	50	-3.07	0.0332573
55	71	50	66	2.35	0.0342553
55	71	66	49	-2.22	0.0345045
55	71	49	65	2	0.035
54	70	53	69	36.35	0.0302751
54	70	69	52	-18.2	0.0305495
54	70	52	68	17.47	0.0305724
54	70	68	51	-11.07	0.0309033
54	70	51	67	9.36	0.0310684
54	70	67	50	-7.8	0.0312821
54	70	50	66	6.52	0.0315337
54	70	66	49	-5.78	0.0317301
54	70	49	65	5.3	0.0318868
53	69	52	68	60.63	0.0301649
53	69	68	51	-28.68	0.0303487
53	69	51	67	24.74	0.0304042
53	69	67	50	-18.6	0.0305376
53	69	50	66	15.91	0.0306285
53	69	66	49	-13.44	0.030744
53	69	49	65	12.63	0.0307918
52	68	51	67	59.8	0.0301672
52	68	67	50	-39.21	0.030255
52	68	50	66	32.28	0.0303098
52	68	66	49	-25.88	0.0303864
52	68	49	65	24.22	0.0304129
80	96	79	95	38.46	0.03026
80	96	95	78	-28.46	0.0303514
80	96	78	94	15.39	0.0306498
80	96	94	77	-11.67	0.0308569
80	96	77	93	7.35	0.0313605
80	96	93	76	-5.95	0.0316807
80	96	76	92	4.07	0.032457
80	96	92	75	-3.37	0.0329674
80	96	75	91	2.41	0.0341494
80	96	91	74	-2.04	0.034902
80	96	74	90	1.5	0.0366667
80	96	90	73	-1.29	0.0377519
80	96	73	89	0.95	0.0405263
80	96	89	72	-0.86	0.0416279
80	96	72	88	0.63	0.045873
80	96	88	71	-0.63	0.045873
79	95	78	94	84.72	0.030118
79	95	94	77	-56.01	0.0301785
79	95	77	93	29.91	0.0303343
79	95	93	76	-22.43	0.0304458
79	95	76	92	14.3	0.0306993
79	95	92	75	-11.12	0.0308993
79	95	75	91	7.69	0.0313004
79	95	91	74	-6.13	0.0316313
79	95	74	90	3.91	0.0325575
79	95	90	73	-3.13	0.0331949
79	95	73	89	2.25	0.0344444
79	95	89	72	-1.86	0.0353763
79	95	72	88	1.33	0.0375188
79	95	88	71	-1.28	0.0378125
79	95	71	87	0.93	0.0407527
79	95	87	70	-0.91	0.040989
78	94	77	93	82.79	0.0301208
78	94	93	76	-58.96	0.0301696
78	94	76	92	31.79	0.0303146
78	94	92	75	-23.99	0.0304168
78	94	75	91	15.56	0.0306427
78	94	91	74	-12.1	0.0308264
78	94	74	90	8.37	0.0311947
78	94	90	73	-6.53	0.0315314
78	94	73	89	4.11	0.0324331
78	94	89	72	-3.29	0.0330395
78	94	72	88	2.29	0.0343668
78	94	88	71	-2.17	0.0346083
78	94	71	87	1.54	0.0364935
78	94	87	70	-1.5	0.0366667
78	94	70	86	1.06	0.039434
78	94	86	69	-1.02	0.0398039
77	93	76	92	88.75	0.0301127
77	93	92	75	-60.62	0.030165
77	93	75	91	34.06	0.0302936
77	93	91	74	-25.09	0.0303986
77	93	74	90	16.42	0.030609
77	93	90	73	-12.21	0.030819
77	93	73	89	8.28	0.0312077
77	93	89	72	-6.29	0.0315898
77	93	72	88	3.81	0.0326247
77	93	88	71	-3.54	0.0328249
77	93	71	87	2.45	0.0340816
77	93	87	70	-2.37	0.0342194
77	93	70	86	1.65	0.0360606
77	93	86	69	-1.59	0.0362893
77	93	69	85	1.26	0.0379365
77	93	85	68	-1.22	0.0381967
76	92	75	91	91.1	0.0301098
76	92	91	74	-61.87	0.0301616
76	92	74	90	34.25	0.030292
76	92	90	73	-24.71	0.0304047
76	92	73	89	15.38	0.0306502
76	92	89	72	-11.23	0.0308905
76	92	72	88	7.13	0.0314025
76	92	88	71	-6.49	0.0315408
76	92	71	87	3.87	0.032584
76	92	87	70	-3.73	0.032681
76	92	70	86	2.51	0.0339841
76	92	86	69	-2.42	0.0341322
76	92	69	85	1.88	0.0353191
76	92	85	68	-1.82	0.0354945
76	92	68	84	1.75	0.0357143
76	92	84	67	-1.46	0.0368493
75	91	74	90	90.79	0.0301101
75	91	90	73	-59.26	0.0301687
75	91	73	89	31.37	0.0303188
75	91	89	72	-21.5	0.0304651
75	91	72	88	12.52	0.0307987
75	91	88	71	-11.1	0.0309009
75	91	71	87	6.95	0.0314388
75	91	87	70	-6.65	0.0315038
75	91	70	86	3.88	0.0325773
75	91	86	69	-3.73	0.032681
75	91	69	85	2.82	0.0335461
75	91	85	68	-2.73	0.033663
75	91	68	84	2.58	0.033876
75	91	84	67	-2.15	0.0346512
75	91	67	83	2.06	0.0348544
75	91	83	66	-1.67	0.035988
74	90	73	89	83	0.0301205
74	90	89	72	-52.48	0.0301905
74	90	72	88	24.53	0.0304077
74	90	88	71	-21.08	0.0304744
74	90	71	87	11.88	0.0308418
74	90	87	70	-11.27	0.0308873
74	90	70	86	6.83	0.0314641
74	90	86	69	-6.54	0.0315291
74	90	69	85	4.32	0.0323148
74	90	85	68	-4.17	0.0323981
74	90	68	84	3.85	0.0325974
74	90	84	67	-3.2	0.033125
74	90	67	83	3	0.0333333
74	90	83	66	-2.43	0.0341152
74	90	66	82	2.36	0.0342373
74	90	82	65	-2.14	0.0346729
73	89	72	88	64.31	0.0301555
73	89	88	71	-52.01	0.0301923
73	89	71	87	23.04	0.030434
73	89	87	70	-21.57	0.0304636
73	89	70	86	11.79	0.0308482
73	89	86	69	-11.19	0.0308937
73	89	69	85	7.76	0.0312887
73	89	85	68	-7.49	0.0313351
73	89	68	84	6.05	0.0316529
73	89	84	67	-5	0.032
73	89	67	83	4.56	0.032193
73	89	83	66	-3.65	0.0327397
73	89	66	82	3.5	0.0328571
73	89	82	65	-3.15	0.0331746
73	89	65	81	3.07	0.0332573
72	88	67	83	6.62	0.0315106
72	88	83	66	-5.29	0.0318904
72	88	66	82	4.93	0.0320284
72	88	82	65	-4.42	0.0322624
72	88	65	81	4.23	0.0323641
71	87	66	82	6.29	0.0315898
71	87	82	65	-5.7	0.0317544
71	87	65	81	5.25	0.0319048
70	86	65	81	7.14	0.0314006
96	112	95	111	40.85	0.0302448
96	112	111	94	-27.58	0.0303626
96	112	94	110	16.86	0.0305931
96	112	110	93	-12.51	0.0307994
96	112	93	109	8.59	0.0311641
96	112	109	92	-6.68	0.031497
96	112	92	108	4.86	0.0320576
96	112	108	91	-3.88	0.0325773
96	112	91	107	2.93	0.033413
96	112	107	90	-2.37	0.0342194
96	112	90	106	1.81	0.0355249
96	112	106	89	-1.47	0.0368027
96	112	89	105	1.18	0.0384746
96	112	105	88	-0.98	0.0402041
96	112	88	104	0.82	0.0421951
96	112	104	87	-0.69	0.0444928
95	111	94	110	84.21	0.0301188
95	111	110	93	-58.03	0.0301723
95	111	93	109	32.68	0.030306
95	111	109	92	-24.44	0.0304092
95	111	92	108	15.88	0.0306297
95	111	108	91	-12.38	0.0308078
95	111	91	107	8.62	0.0311601
95	111	107	90	-6.79	0.0314728
95	111	90	106	4.32	0.0323148
95	111	106	89	-3.39	0.0329499
95	111	89	105	2.6	0.0338462
95	111	105	88	-2.06	0.0348544
95	111	88	104	1.66	0.0360241
95	111	104	87	-1.34	0.0374627
95	111	87	103	1.14	0.0387719
95	111	103	86	-0.95	0.0405263
94	110	93	109	93.97	0.0301064
94	110	109	92	-66.4	0.0301506
94	110	92	108	37.64	0.0302657
94	110	108	91	-29.12	0.0303434
94	110	91	107	18.62	0.0305371
94	110	107	90	-14.76	0.0306775
94	110	90	106	9.77	0.0310235
94	110	106	89	-7.76	0.0312887
94	110	89	105	5.01	0.031996
94	110	105	88	-4.02	0.0324876
94	110	88	104	3.08	0.0332468
94	110	104	87	-2.52	0.0339683
94	110	87	103	2.04	0.034902
94	110	103	86	-1.73	0.0357803
94	110	86	102	1.43	0.036993
94	110	102	85	-1.3	0.0376923
93	109	92	108	96.93	0.0301032
93	109	108	91	-70.17	0.0301425
93	109	91	107	39.48	0.0302533
93	109	107	90	-30.68	0.0303259
93	109	90	106	18.58	0.0305382
93	109	106	89	-14.62	0.030684
93	109	89	105	10.02	0.030998
93	109	105	88	-7.99	0.0312516
93	109	88	104	5.26	0.0319011
93	109	104	87	-4.29	0.032331
93	109	87	103	3.36	0.0329762
93	109	103	86	-2.82	0.0335461
93	109	86	102	2.27	0.0344053
93	109	102	85	-2.04	0.034902
93	109	85	101	1.71	0.035848
93	109	101	84	-1.51	0.0366225
92	108	91	107	98.46	0.0301016
92	108	107	90	-70.58	0.0301417
92	108	90	106	36.99	0.0302703
92	108	106	89	-28.04	0.0303566
92	108	89	105	18.02	0.0305549
92	108	105	88	-14.06	0.0307112
92	108	88	104	9.91	0.0310091
92	108	104	87	-7.92	0.0312626
92	108	87	103	5.4	0.0318519
92	108	103	86	-4.45	0.0322472
92	108	86	102	3.47	0.0328818
92	108	102	85	-3.08	0.0332468
92	108	85	101	2.52	0.0339683
92	108	101	84	-2.23	0.0344843
92	108	84	100	1.89	0.035291
92	108	100	83	-1.62	0.0361728
91	107	90	106	92.51	0.0301081
91	107	106	89	-64.56	0.0301549
91	107	89	105	35.71	0.03028
91	107	105	88	-26.91	0.0303716
91	107	88	104	17.71	0.0305647
91	107	104	87	-13.87	0.030721
91	107	87	103	10.07	0.030993
91	107	103	86	-8.16	0.0312255
91	107	86	102	5.5	0.0318182
91	107	102	85	-4.82	0.0320747
91	107	85	101	3.8	0.0326316
91	107	101	84	-3.35	0.0329851
91	107	84	100	2.77	0.0336101
91	107	100	83	-2.37	0.0342194
91	107	83	99	2.05	0.034878
91	107	99	82	-1.79	0.0355866
90	106	89	105	93.76	0.0301067
90	106	105	88	-66.02	0.0301515
90	106	88	104	36.12	0.0302769
90	106	104	87	-27.44	0.0303644
90	106	87	103	18.36	0.0305447
90	106	103	86	-14.6	0.0306849
90	106	86	102	10.32	0.030969
90	106	102	85	-8.92	0.0311211
90	106	85	101	6.01	0.0316639
90	106	101	84	-5.27	0.0318975
90	106	84	100	4.2	0.032381
90	106	100	83	-3.57	0.0328011
90	106	83	99	3.01	0.0333223
90	106	99	82	-2.63	0.0338023
90	106	82	98	2.31	0.034329
90	106	98	81	-2.11	0.0347393
89	105	88	104	94	0.0301064
89	105	104	87	-65.74	0.0301521
89	105	87	103	37.07	0.0302698
89	105	103	86	-28.45	0.0303515
89	105	86	102	18.43	0.0305426
89	105	102	85	-15.63	0.0306398
89	105	85	101	11	0.0309091
89	105	101	84	-9.58	0.0310438
89	105	84	100	6.56	0.0315244
89	105	100	83	-5.53	0.0318083
89	105	83	99	4.51	0.0322173
89	105	99	82	-3.91	0.0325575
89	105	82	98	3.36	0.0329762
89	105	98	81	-3.06	0.033268
89	105	81	97	2.75	0.0336364
88	104	87	103	95.8	0.0301044
88	104	103	86	-69.17	0.0301446
88	104	86	102	36.52	0.0302738
88	104	102	85	-29.79	0.0303357
88	104	85	101	19.09	0.0305238
88	104	101	84	-16.39	0.0306101
88	104	84	100	11.74	0.0308518
88	104	100	83	-9.79	0.0310215
88	104	83	99	6.85	0.0314599
88	104	99	82	-5.88	0.0317007
88	104	82	98	4.9	0.0320408
88	104	98	81	-4.45	0.0322472
88	104	81	97	3.91	0.0325575
87	103	82	98	7.39	0.0313532
87	103	98	81	-6.63	0.0315083
87	103	81	97	5.68	0.0317606
86	102	81	97	8.54	0.031171
112	128	111	127	38.88	0.0302572
112	128	127	110	-28.12	0.0303556
112	128	110	126	16.14	0.0306196
112	128	126	109	-12.28	0.0308143
112	128	109	125	8.29	0.0312063
112	128	125	108	-6.54	0.0315291
112	128	108	124	4.71	0.0321231
112	128	124	107	-3.81	0.0326247
112	128	107	123	2.82	0.0335461
112	128	123	106	-2.29	0.0343668
112	128	106	122	1.75	0.0357143
112	128	122	105	-1.48	0.0367568
112	128	105	121	1.18	0.0384746
112	128	121	104	-1.03	0.0397087
112	128	104	120	0.82	0.0421951
112	128	120	103	-0.73	0.0436986
111	127	110	126	82.36	0.0301214
111	127	126	109	-56.85	0.0301759
111	127	109	125	32.43	0.0303084
111	127	125	108	-23.87	0.0304189
111	127	108	124	15.9	0.0306289
111	127	124	107	-12.23	0.0308177
111	127	107	123	8.57	0.0311669
111	127	123	106	-6.67	0.0314993
111	127	106	122	4.34	0.0323041
111	127	122	105	-3.57	0.0328011
111	127	105	121	2.71	0.03369
111	127	121	104	-2.33	0.0342918
111	127	104	120	1.77	0.0356497
111	127	120	103	-1.57	0.0363694
111	127	103	119	1.22	0.0381967
111	127	119	102	-1.1	0.0390909
110	126	109	125	93.49	0.030107
110	126	125	108	-64.57	0.0301549
110	126	108	124	38.13	0.0302623
110	126	124	107	-27.73	0.0303606
110	126	107	123	18.69	0.030535
110	126	123	106	-13.78	0.0307257
110	126	106	122	9.83	0.0310173
110	126	122	105	-7.76	0.0312887
110	126	105	121	5.23	0.031912
110	126	121	104	-4.32	0.0323148
110	126	104	120	3.28	0.0330488
110	126	120	103	-2.81	0.0335587
110	126	103	119	2.19	0.0345662
110	126	119	102	-1.92	0.0352083
110	126	102	118	1.51	0.0366225
110	126	118	101	-1.34	0.0374627
109	125	108	124	100.81	0.0300992
109	125	124	107	-69.99	0.0301429
109	125	107	123	40.57	0.0302465
109	125	123	106	-28.44	0.0303516
109	125	106	122	18.74	0.0305336
109	125	122	105	-14.6	0.0306849
109	125	105	121	10.65	0.030939
109	125	121	104	-8.59	0.0311641
109	125	104	120	5.68	0.0317606
109	125	120	103	-4.77	0.0320964
109	125	103	119	3.66	0.0327322
109	125	119	102	-3.14	0.0331847
109	125	102	118	2.45	0.0340816
109	125	118	101	-2.14	0.0346729
109	125	101	117	1.7	0.0358824
109	125	117	100	-1.53	0.0365359
108	124	107	123	100.5	0.0300995
108	124	123	106	-66.43	0.0301505
108	124	106	122	38.08	0.0302626
108	124	122	105	-28.11	0.0303557
108	124	105	121	19.26	0.0305192
108	124	121	104	-15.18	0.0306588
108	124	104	120	10.82	0.0309242
108	124	120	103	-8.94	0.0311186
108	124	103	119	5.95	0.0316807
108	124	119	102	-5.02	0.031992
108	124	102	118	3.83	0.032611
108	124	118	101	-3.3	0.0330303
108	124	101	117	2.59	0.033861
108	124	117	100	-2.28	0.034386
108	124	100	116	1.82	0.0354945
108	124	116	99	-1.65	0.0360606
107	123	106	122	93.75	0.0301067
107	123	122	105	-64.68	0.0301546
107	123	105	121	37.98	0.0302633
107	123	121	104	-28.84	0.0303467
107	123	104	120	19.2	0.0305208
107	123	120	103	-15.47	0.0306464
107	123	103	119	11.12	0.0308993
107	123	119	102	-9.17	0.0310905
107	123	102	118	6.09	0.031642
107	123	118	101	-5.15	0.0319417
107	123	101	117	3.96	0.0325253
107	123	117	100	-3.42	0.032924
107	123	100	116	2.69	0.0337175
107	123	116	99	-2.41	0.0341494
107	123	99	115	1.67	0.035988
107	123	115	98	-1.51	0.0366225
106	122	105	121	98.01	0.030102
106	122	121	104	-68.01	0.030147
106	122	104	120	38.44	0.0302601
106	122	120	103	-29.41	0.03034
106	122	103	119	19.97	0.0305008
106	122	119	102	-15.8	0.0306329
106	122	102	118	11.4	0.0308772
106	122	118	101	-9.28	0.0310776
106	122	101	117	6.29	0.0315898
106	122	117	100	-5.26	0.0319011
106	122	100	116	4.1	0.032439
106	122	116	99	-3.58	0.0327933
106	122	99	115	2.46	0.034065
106	122	115	98	-2.17	0.0346083
106	122	98	114	2.54	0.033937
106	122	114	97	-2.37	0.0342194
105	121	104	120	94.54	0.0301058
105	121	120	103	-65.82	0.0301519
105	121	103	119	38.9	0.0302571
105	121	119	102	-29.08	0.0303439
105	121	102	118	19.87	0.0305033
105	121	118	101	-15.45	0.0306472
105	121	101	117	11.34	0.0308818
105	121	117	100	-9.14	0.0310941
105	121	100	116	6.27	0.0315949
105	121	116	99	-5.31	0.0318832
105	121	99	115	3.6	0.0327778
105	121	115	98	-3.08	0.0332468
105	121	98	114	3.64	0.0327473
105	121	114	97	-3.35	0.0329851
105	121	97	113	2.47	0.0340486
104	120	103	119	101.15	0.0300989
104	120	119	102	-68.48	0.030146
104	120	102	118	39.78	0.0302514
104	120	118	101	-29.28	0.0303415
104	120	101	117	20.11	0.0304973
104	120	117	100	-15.56	0.0306427
104	120	100	116	11.49	0.0308703
104	120	116	99	-9.45	0.0310582
104	120	99	115	5.46	0.0318315
104	120	115	98	-4.53	0.0322075
104	120	98	114	5.47	0.0318282
104	120	114	97	-4.97	0.0320121
104	120	97	113	3.53	0.0328329
103	119	102	118	102.05	0.030098
103	119	118	101	-69.05	0.0301448
103	119	101	117	39.73	0.0302517
103	119	117	100	-29.25	0.0303419
103	119	100	116	20.09	0.0304978
103	119	116	99	-16.01	0.0306246
103	119	99	115	9.74	0.0310267
103	119	115	98	-7.82	0.0312788
103	119	98	114	8.7	0.0311494
103	119	114	97	-7.8	0.0312821
103	119	97	113	5.23	0.031912
102	118	101	117	104.71	0.0300955
102	118	117	100	-70.49	0.0301419
102	118	100	116	40.41	0.0302475
102	118	116	99	-30.69	0.0303258
102	118	99	115	16.81	0.0305949
102	118	115	98	-12.81	0.0307806
102	118	98	114	16.67	0.0305999
102	118	114	97	-14.75	0.030678
102	118	97	113	8.12	0.0312315
128	144	127	143	55.35	0.0301807
128	144	143	126	-42.98	0.0302327
128	144	126	142	20.92	0.030478
128	144	142	125	-16.79	0.0305956
128	144	125	141	10.31	0.0309699
128	144	141	124	-8.46	0.031182
128	144	124	140	5.65	0.0317699
128	144	140	123	-4.73	0.0321142
128	144	123	139	2.9	0.0334483
128	144	139	122	-2.49	0.0340161
128	144	122	138	1.82	0.0354945
128	144	138	121	-1.61	0.0362112
128	144	121	137	1.22	0.0381967
128	144	137	120	-1.09	0.0391743
128	144	120	136	0.85	0.0417647
128	144	136	119	-0.77	0.042987
127	143	126	142	84.85	0.0301179
127	143	142	125	-60.03	0.0301666
127	143	125	141	33.16	0.0303016
127	143	141	124	-25.06	0.030399
127	143	124	140	16.27	0.0306146
127	143	140	123	-12.68	0.0307886
127	143	123	139	8.81	0.0311351
127	143	139	122	-7.1	0.0314085
127	143	122	138	4.61	0.0321692
127	143	138	121	-3.84	0.0326042
127	143	121	137	2.93	0.033413
127	143	137	120	-2.46	0.034065
127	143	120	136	1.94	0.0351546
127	143	136	119	-1.65	0.0360606
127	143	119	135	1.35	0.0374074
127	143	135	118	-1.16	0.0386207
126	142	125	141	92.95	0.0301076
126	142	141	124	-66.09	0.0301513
126	142	124	140	36.7	0.0302725
126	142	140	123	-27.68	0.0303613
126	142	123	139	17.99	0.0305559
126	142	139	122	-14.14	0.0307072
126	142	122	138	9.95	0.031005
126	142	138	121	-8.15	0.031227
126	142	121	137	5.4	0.0318519
126	142	137	120	-4.45	0.0322472
126	142	120	136	3.45	0.0328986
126	142	136	119	-2.89	0.0334602
126	142	119	135	2.32	0.0343103
126	142	135	118	-1.96	0.035102
126	142	118	134	1.59	0.0362893
126	142	134	117	-1.37	0.0372993
125	141	124	140	98.47	0.0301016
125	141	140	123	-68.68	0.0301456
125	141	123	139	38.22	0.0302616
125	141	139	122	-28.91	0.0303459
125	141	122	138	19.03	0.0305255
125	141	138	121	-15.16	0.0306596
125	141	121	137	10.85	0.0309217
125	141	137	120	-8.75	0.0311429
125	141	120	136	5.92	0.0316892
125	141	136	119	-4.86	0.0320576
125	141	119	135	3.83	0.032611
125	141	135	118	-3.18	0.0331447
125	141	118	134	2.55	0.0339216
125	141	134	117	-2.16	0.0346296
125	141	117	133	1.79	0.0355866
125	141	133	116	-1.55	0.0364516
124	140	123	139	97.22	0.0301029
124	140	139	122	-68.53	0.0301459
124	140	122	138	38.44	0.0302601
124	140	138	121	-29.62	0.0303376
124	140	121	137	19.83	0.0305043
124	140	137	120	-15.57	0.0306423
124	140	120	136	11.35	0.0308811
124	140	136	119	-9.16	0.0310917
124	140	119	135	6.24	0.0316026
124	140	135	118	-5.1	0.0319608
124	140	118	134	4	0.0325
124	140	134	117	-3.34	0.032994
124	140	117	133	2.71	0.03369
124	140	133	116	-2.32	0.0343103
124	140	116	132	1.95	0.0351282
124	140	132	115	-1.54	0.0364935
123	139	122	138	95.06	0.0301052
123	139	138	121	-68	0.0301471
123	139	121	137	39.13	0.0302556
123	139	137	120	-29.53	0.0303386
123	139	120	136	20.23	0.0304943
123	139	136	119	-15.9	0.0306289
123	139	119	135	11.73	0.0308525
123	139	135	118	-9.41	0.0310627
123	139	118	134	6.37	0.0315699
123	139	134	117	-5.23	0.031912
123	139	117	133	4.16	0.0324038
123	139	133	116	-3.51	0.032849
123	139	116	132	2.9	0.0334483
123	139	132	115	-2.23	0.0344843
123	139	115	131	1.87	0.0353476
123	139	131	114	-2.13	0.0346948
122	138	121	137	96.8	0.0301033
122	138	137	120	-66.93	0.0301494
122	138	120	136	39.43	0.0302536
122	138	136	119	-29.9	0.0303344
122	138	119	135	20.61	0.0304852
122	138	135	118	-16.14	0.0306196
122	138	118	134	11.87	0.0308425
122	138	134	117	-9.53	0.0310493
122	138	117	133	6.5	0.0315385
122	138	133	116	-5.41	0.0318484
122	138	116	132	4.36	0.0322936
122	138	132	115	-3.3	0.0330303
122	138	115	131	2.71	0.03369
122	138	131	114	-3.1	0.0332258
122	138	114	130	2.77	0.0336101
122	138	130	113	-2.16	0.0346296
121	137	120	136	95.27	0.030105
121	137	136	119	-67.95	0.0301472
121	137	119	135	39.53	0.030253
121	137	135	118	-30.16	0.0303316
121	137	118	134	20.36	0.0304912
121	137	134	117	-16.17	0.0306184
121	137	117	133	11.82	0.030846
121	137	133	116	-9.73	0.0310277
121	137	116	132	6.7	0.0314925
121	137	132	115	-5.01	0.031996
121	137	115	131	3.98	0.0325126
121	137	131	114	-4.6	0.0321739
121	137	114	130	4.02	0.0324876
121	137	130	113	-3.09	0.0332362
121	137	113	129	2.73	0.033663
120	136	119	135	97.84	0.0301022
120	136	135	118	-68.6	0.0301458
120	136	118	134	39.47	0.0302534
120	136	134	117	-30.15	0.0303317
120	136	117	133	20.49	0.030488
120	136	133	116	-16.41	0.0306094
120	136	116	132	12.22	0.0308183
120	136	132	115	-8.89	0.0311249
120	136	115	131	6.04	0.0316556
120	136	131	114	-7.07	0.0314144
120	136	114	130	6.08	0.0316447
120	136	130	113	-4.53	0.0322075
120	136	113	129	3.95	0.0325316
119	135	118	134	99.93	0.0301001
119	135	134	117	-70.04	0.0301428
119	135	117	133	39.9	0.0302506
119	135	133	116	-30.65	0.0303263
119	135	116	132	21.27	0.0304701
119	135	132	115	-14.85	0.0306734
119	135	115	131	10.8	0.0309259
119	135	131	114	-12.92	0.030774
119	135	114	130	9.57	0.0310449
119	135	130	113	-6.82	0.0314663
119	135	113	129	5.84	0.0317123
118	134	113	129	8.87	0.0311274
