144# Number of sensors
#x	z
1.75	-0.1
1.75	-0.2
1.75	-0.3
1.75	-0.4
1.75	-0.5
1.75	-0.6
1.75	-0.7
1.75	-0.8
1.75	-0.9
1.75	-1
1.75	-1.1
1.75	-1.2
1.75	-1.3
1.75	-1.4
1.75	-1.5
1.75	-1.6
2.25	-0.1
2.25	-0.2
2.25	-0.3
2.25	-0.4
2.25	-0.5
2.25	-0.6
2.25	-0.7
2.25	-0.8
2.25	-0.9
2.25	-1
2.25	-1.1
2.25	-1.2
2.25	-1.3
2.25	-1.4
2.25	-1.5
2.25	-1.6
2.75	-0.1
2.75	-0.2
2.75	-0.3
2.75	-0.4
2.75	-0.5
2.75	-0.6
2.75	-0.7
2.75	-0.8
2.75	-0.9
2.75	-1
2.75	-1.1
2.75	-1.2
2.75	-1.3
2.75	-1.4
2.75	-1.5
2.75	-1.6
3.25	-0.1
3.25	-0.2
3.25	-0.3
3.25	-0.4
3.25	-0.5
3.25	-0.6
3.25	-0.7
3.25	-0.8
3.25	-0.9
3.25	-1
3.25	-1.1
3.25	-1.2
3.25	-1.3
3.25	-1.4
3.25	-1.5
3.25	-1.6
3.75	-0.1
3.75	-0.2
3.75	-0.3
3.75	-0.4
3.75	-0.5
3.75	-0.6
3.75	-0.7
3.75	-0.8
3.75	-0.9
3.75	-1
3.75	-1.1
3.75	-1.2
3.75	-1.3
3.75	-1.4
3.75	-1.5
3.75	-1.6
4.25	-0.1
4.25	-0.2
4.25	-0.3
4.25	-0.4
4.25	-0.5
4.25	-0.6
4.25	-0.7
4.25	-0.8
4.25	-0.9
4.25	-1
4.25	-1.1
4.25	-1.2
4.25	-1.3
4.25	-1.4
4.25	-1.5
4.25	-1.6
4.75	-0.1
4.75	-0.2
4.75	-0.3
4.75	-0.4
4.75	-0.5
4.75	-0.6
4.75	-0.7
4.75	-0.8
4.75	-0.9
4.75	-1
4.75	-1.1
4.75	-1.2
4.75	-1.3
4.75	-1.4
4.75	-1.5
4.75	-1.6
5.25	-0.1
5.25	-0.2
5.25	-0.3
5.25	-0.4
5.25	-0.5
5.25	-0.6
5.25	-0.7
5.25	-0.8
5.25	-0.9
5.25	-1
5.25	-1.1
5.25	-1.2
5.25	-1.3
5.25	-1.4
5.25	-1.5
5.25	-1.6
5.75	-0.1
5.75	-0.2
5.75	-0.3
5.75	-0.4
5.75	-0.5
5.75	-0.6
5.75	-0.7
5.75	-0.8
5.75	-0.9
5.75	-1
5.75	-1.1
5.75	-1.2
5.75	-1.3
5.75	-1.4
5.75	-1.5
5.75	-1.6
1256# Number of data
#a	b	m	n	R	err
16	32	15	31	63.95	0.0301564
16	32	31	14	-42.03	0.0302379
16	32	14	30	22.29	0.0304486
16	32	30	13	-18.52	0.03054
16	32	13	29	12.34	0.0308104
16	32	29	12	-11.11	0.0309001
16	32	12	28	8.44	0.0311848
16	32	28	11	-6.73	0.0314859
16	32	11	27	5.16	0.031938
16	32	27	10	-3.38	0.0329586
16	32	10	26	2.71	0.03369
16	32	26	9	-1.98	0.0350505
16	32	9	25	1.68	0.0359524
16	32	25	8	-1.33	0.0375188
16	32	8	24	1.15	0.0386957
16	32	24	7	-0.94	0.0406383
15	31	14	30	73.52	0.030136
15	31	30	13	-59.33	0.0301685
15	31	13	29	36.89	0.0302711
15	31	29	12	-33.61	0.0302975
15	31	12	28	25.04	0.0303994
15	31	28	11	-19.5	0.0305128
15	31	11	27	15.47	0.0306464
15	31	27	10	-9.46	0.0310571
15	31	10	26	6.94	0.0314409
15	31	26	9	-4.77	0.0320964
15	31	9	25	4.01	0.0324938
15	31	25	8	-3.02	0.0333113
15	31	8	24	2.59	0.033861
15	31	24	7	-2.04	0.034902
15	31	7	23	1.77	0.0356497
15	31	23	6	-1.46	0.0368493
14	30	13	29	85.22	0.0301173
14	30	29	12	-76.34	0.030131
14	30	12	28	53.44	0.0301871
14	30	28	11	-41.19	0.0302428
14	30	11	27	32.12	0.0303113
14	30	27	10	-18.71	0.0305345
14	30	10	26	14.61	0.0306845
14	30	26	9	-9.66	0.0310352
14	30	9	25	6.97	0.0314347
14	30	25	8	-5.08	0.0319685
14	30	8	24	4.33	0.0323095
14	30	24	7	-3.31	0.0330211
14	30	7	23	2.87	0.0334843
14	30	23	6	-2.3	0.0343478
14	30	6	22	2.05	0.034878
14	30	22	5	-1.63	0.036135
13	29	12	28	91.88	0.0301088
13	29	28	11	-72.57	0.0301378
13	29	11	27	46.25	0.0302162
13	29	27	10	-30.62	0.0303266
13	29	10	26	20.89	0.0304787
13	29	26	9	-14.85	0.0306734
13	29	9	25	11.41	0.0308764
13	29	25	8	-8.74	0.0311442
13	29	8	24	6.09	0.031642
13	29	24	7	-4.83	0.0320704
13	29	7	23	3.97	0.0325189
13	29	23	6	-3.28	0.0330488
13	29	6	22	2.78	0.0335971
13	29	22	5	-2.29	0.0343668
13	29	5	21	2.02	0.0349505
13	29	21	4	-1.79	0.0355866
12	28	11	27	83.4	0.0301199
12	28	27	10	-60.71	0.0301647
12	28	10	26	33.88	0.0302952
12	28	26	9	-25.45	0.0303929
12	28	9	25	17.63	0.0305672
12	28	25	8	-13.88	0.0307205
12	28	8	24	10.37	0.0309643
12	28	24	7	-8.41	0.0311891
12	28	7	23	5.75	0.0317391
12	28	23	6	-4.83	0.0320704
12	28	6	22	3.92	0.032551
12	28	22	5	-3.29	0.0330395
12	28	5	21	2.79	0.0335842
12	28	21	4	-2.51	0.0339841
12	28	4	20	2.19	0.0345662
12	28	20	3	-2.04	0.034902
11	27	10	26	80.91	0.0301236
11	27	26	9	-57.29	0.0301746
11	27	9	25	35.19	0.0302842
11	27	25	8	-26.68	0.0303748
11	27	8	24	18.75	0.0305333
11	27	24	7	-14.76	0.0306775
11	27	7	23	11.03	0.0309066
11	27	23	6	-9.07	0.0311025
11	27	6	22	6.23	0.0316051
11	27	22	5	-5.09	0.0319646
11	27	5	21	4.23	0.0323641
11	27	21	4	-3.75	0.0326667
11	27	4	20	3.22	0.0331056
11	27	20	3	-2.99	0.0333445
11	27	3	19	2.76	0.0336232
11	27	19	2	-2.59	0.033861
10	26	9	25	88.25	0.0301133
10	26	25	8	-61.11	0.0301636
10	26	8	24	39.08	0.0302559
10	26	24	7	-28.96	0.0303453
10	26	7	23	20.69	0.0304833
10	26	23	6	-16.27	0.0306146
10	26	6	22	12.55	0.0307968
10	26	22	5	-9.75	0.0310256
10	26	5	21	6.96	0.0314368
10	26	21	4	-5.99	0.0316694
10	26	4	20	5.1	0.0319608
10	26	20	3	-4.66	0.0321459
10	26	3	19	4.28	0.0323364
10	26	19	2	-3.98	0.0325126
10	26	2	18	3.84	0.0326042
10	26	18	1	-3.53	0.0328329
9	25	8	24	93.57	0.0301069
9	25	24	7	-64.72	0.0301545
9	25	7	23	40.84	0.0302449
9	25	23	6	-30.78	0.0303249
9	25	6	22	22.25	0.0304494
9	25	22	5	-16.37	0.0306109
9	25	5	21	12.78	0.0307825
9	25	21	4	-10.71	0.0309337
9	25	4	20	7.63	0.0313106
9	25	20	3	-6.85	0.0314599
9	25	3	19	6.21	0.0316103
9	25	19	2	-5.72	0.0317483
9	25	2	18	5.48	0.0318248
9	25	18	1	-4.97	0.0320121
9	25	1	17	4.77	0.0320964
8	24	7	23	101.41	0.0300986
8	24	23	6	-72.66	0.0301376
8	24	6	22	46.07	0.0302171
8	24	22	5	-32.03	0.0303122
8	24	5	21	22.77	0.0304392
8	24	21	4	-18.64	0.0305365
8	24	4	20	14.24	0.0307022
8	24	20	3	-12.61	0.030793
8	24	3	19	9.5	0.0310526
8	24	19	2	-8.66	0.0311547
8	24	2	18	8.17	0.031224
8	24	18	1	-7.32	0.0313661
8	24	1	17	6.92	0.0314451
7	23	6	22	114.4	0.0300874
7	23	22	5	-74.46	0.0301343
7	23	5	21	45.89	0.0302179
7	23	21	4	-36.58	0.0302734
7	23	4	20	25.14	0.0303978
7	23	20	3	-21.85	0.0304577
7	23	3	19	18.28	0.030547
7	23	19	2	-16.53	0.030605
7	23	2	18	13.26	0.0307541
7	23	18	1	-11.72	0.0308532
7	23	1	17	10.87	0.03092
6	22	1	17	17.13	0.0305838
3	19	2	18	275.13	0.0300363
3	19	18	1	-189.05	0.0300529
3	19	1	17	143.73	0.0300696
2	18	1	17	794.99	0.0300126
32	48	31	47	57.44	0.0301741
32	48	47	30	-38.1	0.0302625
32	48	30	46	25.18	0.0303971
32	48	46	29	-19.03	0.0305255
32	48	29	45	13.29	0.0307524
32	48	45	28	-10.57	0.0309461
32	48	28	44	7.23	0.0313831
32	48	44	27	-5.83	0.0317153
32	48	27	43	3.8	0.0326316
32	48	43	26	-3	0.0333333
32	48	26	42	1.78	0.035618
32	48	42	25	-1.45	0.0368966
32	48	25	41	1.04	0.0396154
32	48	41	24	-0.88	0.0413636
32	48	24	40	0.81	0.0423457
32	48	40	23	-0.73	0.0436986
31	47	30	46	78.94	0.0301267
31	47	46	29	-56.39	0.0301773
31	47	29	45	37.55	0.0302663
31	47	45	28	-28.93	0.0303457
31	47	28	44	19.18	0.0305214
31	47	44	27	-15.09	0.0306627
31	47	27	43	9.97	0.031003
31	47	43	26	-7.73	0.0312937
31	47	26	42	3.9	0.0325641
31	47	42	25	-3.09	0.0332362
31	47	25	41	2.12	0.034717
31	47	41	24	-1.72	0.035814
31	47	24	40	1.56	0.0364103
31	47	40	23	-1.37	0.0372993
31	47	23	39	1.32	0.0375758
31	47	39	22	-1.21	0.0382645
30	46	29	45	80.35	0.0301245
30	46	45	28	-57.4	0.0301742
30	46	28	44	36.91	0.0302709
30	46	44	27	-27.77	0.0303601
30	46	27	43	18.08	0.0305531
30	46	43	26	-13.56	0.0307375
30	46	26	42	7.58	0.0313193
30	46	42	25	-5.8	0.0317241
30	46	25	41	3.5	0.0328571
30	46	41	24	-2.72	0.0336765
30	46	24	40	2.45	0.0340816
30	46	40	23	-2.05	0.034878
30	46	23	39	1.97	0.0350761
30	46	39	22	-1.77	0.0356497
30	46	22	38	1.54	0.0364935
30	46	38	21	-1.41	0.0370922
29	45	28	44	86.07	0.0301162
29	45	44	27	-59.2	0.0301689
29	45	27	43	37.02	0.0302701
29	45	43	26	-26.58	0.0303762
29	45	26	42	14.19	0.0307047
29	45	42	25	-10.51	0.0309515
29	45	25	41	6.76	0.0314793
29	45	41	24	-5.04	0.0319841
29	45	24	40	3.98	0.0325126
29	45	40	23	-3.21	0.0331153
29	45	23	39	3.08	0.0332468
29	45	39	22	-2.68	0.0337313
29	45	22	38	2.33	0.0342918
29	45	38	21	-2.1	0.0347619
29	45	21	37	1.79	0.0355866
29	45	37	20	-1.65	0.0360606
28	44	27	43	85.25	0.0301173
28	44	43	26	-57.02	0.0301754
28	44	26	42	28.23	0.0303542
28	44	42	25	-20.13	0.0304968
28	44	25	41	12.02	0.0308319
28	44	41	24	-8.57	0.0311669
28	44	24	40	7.31	0.031368
28	44	40	23	-5.67	0.0317637
28	44	23	39	4.82	0.0320747
28	44	39	22	-4.09	0.032445
28	44	22	38	3.52	0.0328409
28	44	38	21	-3.12	0.0332051
28	44	21	37	2.65	0.0337736
28	44	37	20	-2.41	0.0341494
28	44	20	36	2.05	0.034878
28	44	36	19	-1.94	0.0351546
27	43	26	42	62.6	0.0301597
27	43	42	25	-40.07	0.0302496
27	43	25	41	22.65	0.0304415
27	43	41	24	-14.92	0.0306702
27	43	24	40	12.35	0.0308097
27	43	40	23	-8.97	0.0311148
27	43	23	39	8.5	0.0311765
27	43	39	22	-6.91	0.0314472
27	43	22	38	5.3	0.0318868
27	43	38	21	-4.55	0.0321978
27	43	21	37	3.85	0.0325974
27	43	37	20	-3.42	0.032924
27	43	20	36	2.9	0.0334483
27	43	36	19	-2.72	0.0336765
27	43	19	35	2.43	0.0341152
27	43	35	18	-2.33	0.0342918
26	42	25	41	48.63	0.0302056
26	42	41	24	-27.25	0.030367
26	42	24	40	22.14	0.0304517
26	42	40	23	-14.53	0.0306882
26	42	23	39	13.69	0.0307305
26	42	39	22	-10.48	0.0309542
26	42	22	38	8.96	0.0311161
26	42	38	21	-7.41	0.0313495
26	42	21	37	5.56	0.0317986
26	42	37	20	-4.79	0.0320877
26	42	20	36	4.04	0.0324752
26	42	36	19	-3.72	0.0326882
26	42	19	35	3.32	0.033012
26	42	35	18	-3.16	0.0331646
26	42	18	34	2.99	0.0333445
26	42	34	17	-2.86	0.0334965
25	41	24	40	47.94	0.0302086
25	41	40	23	-25.35	0.0303945
25	41	23	39	23.78	0.0304205
25	41	39	22	-16.06	0.0306227
25	41	22	38	13.94	0.0307174
25	41	38	21	-10.68	0.0309363
25	41	21	37	9.09	0.0311001
25	41	37	20	-7.37	0.0313569
25	41	20	36	5.51	0.0318149
25	41	36	19	-4.91	0.0320367
25	41	19	35	4.42	0.0322624
25	41	35	18	-4.14	0.0324155
25	41	18	34	3.95	0.0325316
25	41	34	17	-3.72	0.0326882
25	41	17	33	3.67	0.0327248
24	40	23	39	55.09	0.0301815
24	40	39	22	-29.48	0.0303392
24	40	22	38	26.09	0.0303833
24	40	38	21	-17.32	0.0305774
24	40	21	37	15.14	0.0306605
24	40	37	20	-10.93	0.0309149
24	40	20	36	9.54	0.0310482
24	40	36	19	-8.01	0.0312484
24	40	19	35	6.57	0.0315221
24	40	35	18	-5.99	0.0316694
24	40	18	34	5.77	0.0317331
24	40	34	17	-5.3	0.0318868
24	40	17	33	5.29	0.0318904
23	39	22	38	75.81	0.0301319
23	39	38	21	-47.63	0.03021
23	39	21	37	34.13	0.030293
23	39	37	20	-22.79	0.0304388
23	39	20	36	17.53	0.0305705
23	39	36	19	-14.03	0.0307128
23	39	19	35	12.27	0.030815
23	39	35	18	-10.92	0.0309158
23	39	18	34	9.16	0.0310917
23	39	34	17	-8.19	0.031221
23	39	17	33	8.13	0.03123
22	38	21	37	113.92	0.0300878
22	38	37	20	-79.07	0.0301265
22	38	20	36	43.33	0.0302308
22	38	36	19	-34.81	0.0302873
22	38	19	35	25.4	0.0303937
22	38	35	18	-22.52	0.030444
22	38	18	34	20.03	0.0304993
22	38	34	17	-17.86	0.0305599
22	38	17	33	14.8	0.0306757
21	37	20	36	108.33	0.0300923
21	37	36	19	-81.59	0.0301226
21	37	19	35	50.47	0.0301981
21	37	35	18	-43.64	0.0302291
21	37	18	34	36.92	0.0302709
21	37	34	17	-32.38	0.0303088
21	37	17	33	29.3	0.0303413
18	34	17	33	406.5	0.0300246
48	64	47	63	46	0.0302174
48	64	63	46	-33.26	0.0303007
48	64	46	62	26.69	0.0303747
48	64	62	45	-21.15	0.0304728
48	64	45	61	16.47	0.0306072
48	64	61	44	-13.3	0.0307519
48	64	44	60	10.13	0.0309872
48	64	60	43	-8.43	0.0311862
48	64	43	59	5.96	0.0316779
48	64	59	42	-4.91	0.0320367
48	64	42	58	3.21	0.0331153
48	64	58	41	-2.81	0.0335587
48	64	41	57	1.43	0.036993
48	64	57	40	-1.35	0.0374074
48	64	40	56	0.46	0.0517391
48	64	56	39	-0.45	0.0522222
47	63	46	62	66.14	0.0301512
47	63	62	45	-47.85	0.030209
47	63	45	61	38.06	0.0302627
47	63	61	44	-28.56	0.0303501
47	63	44	60	22.29	0.0304486
47	63	60	43	-17.42	0.0305741
47	63	43	59	12.94	0.0307728
47	63	59	42	-9.85	0.0310152
47	63	42	58	6.36	0.0315723
47	63	58	41	-5.25	0.0319048
47	63	41	57	2.72	0.0336765
47	63	57	40	-2.5	0.034
47	63	40	56	0.87	0.0414943
47	63	56	39	-0.83	0.0420482
47	63	39	55	0.7	0.0442857
47	63	55	38	-0.69	0.0444928
46	62	45	61	65.52	0.0301526
46	62	61	44	-45.33	0.0302206
46	62	44	60	36.01	0.0302777
46	62	60	43	-26.44	0.0303782
46	62	43	59	20.11	0.0304973
46	62	59	42	-14.25	0.0307018
46	62	42	58	9.69	0.031032
46	62	58	41	-7.56	0.0313228
46	62	41	57	3.83	0.032611
46	62	57	40	-3.44	0.032907
46	62	40	56	1.23	0.0381301
46	62	56	39	-1.16	0.0386207
46	62	39	55	0.99	0.040101
46	62	55	38	-0.91	0.040989
46	62	38	54	0.82	0.0421951
46	62	54	37	-0.79	0.0426582
45	61	44	60	68.68	0.0301456
45	61	60	43	-46.8	0.0302137
45	61	43	59	36.05	0.0302774
45	61	59	42	-23.81	0.03042
45	61	42	58	16.38	0.0306105
45	61	58	41	-12.09	0.0308271
45	61	41	57	6.42	0.0315576
45	61	57	40	-5.62	0.0317794
45	61	40	56	1.94	0.0351546
45	61	56	39	-1.8	0.0355556
45	61	39	55	1.54	0.0364935
45	61	55	38	-1.35	0.0374074
45	61	38	54	1.21	0.0382645
45	61	54	37	-1.11	0.039009
45	61	37	53	1.11	0.039009
45	61	53	36	-1.02	0.0398039
44	60	43	59	68.98	0.030145
44	60	59	42	-41.1	0.0302433
44	60	42	58	28.71	0.0303483
44	60	58	41	-19.57	0.030511
44	60	41	57	10.49	0.0309533
44	60	57	40	-8.9	0.0311236
44	60	40	56	3.18	0.0331447
44	60	56	39	-2.89	0.0334602
44	60	39	55	2.38	0.0342017
44	60	55	38	-1.98	0.0350505
44	60	38	54	1.77	0.0356497
44	60	54	37	-1.52	0.0365789
44	60	37	53	1.53	0.0365359
44	60	53	36	-1.33	0.0375188
44	60	36	52	1.18	0.0384746
44	60	52	35	-1.06	0.039434
43	59	42	58	52.29	0.0301912
43	59	58	41	-33.21	0.0303011
43	59	41	57	17.65	0.0305666
43	59	57	40	-14.58	0.0306859
43	59	40	56	4.99	0.032004
43	59	56	39	-4.48	0.0322321
43	59	39	55	3.8	0.0326316
43	59	55	38	-3.07	0.0332573
43	59	38	54	2.61	0.0338314
43	59	54	37	-2.15	0.0346512
43	59	37	53	2.17	0.0346083
43	59	53	36	-1.82	0.0354945
43	59	36	52	1.62	0.0361728
43	59	52	35	-1.43	0.036993
43	59	35	51	1.28	0.0378125
43	59	51	34	-1.2	0.0383333
42	58	41	57	30.42	0.0303287
42	58	57	40	-24.56	0.0304072
42	58	40	56	7.82	0.0312788
42	58	56	39	-6.92	0.0314451
42	58	39	55	5.8	0.0317241
42	58	55	38	-4.56	0.032193
42	58	38	54	3.97	0.0325189
42	58	54	37	-3.18	0.0331447
42	58	37	53	3.16	0.0331646
42	58	53	36	-2.56	0.0339062
42	58	36	52	2.28	0.034386
42	58	52	35	-1.95	0.0351282
42	58	35	51	1.77	0.0356497
42	58	51	34	-1.64	0.0360976
42	58	34	50	1.57	0.0363694
42	58	50	33	-1.41	0.0370922
41	57	40	56	11.77	0.0308496
41	57	56	39	-10.11	0.0309891
41	57	39	55	8.01	0.0312484
41	57	55	38	-6.36	0.0315723
41	57	38	54	5.32	0.0318797
41	57	54	37	-4.32	0.0323148
41	57	37	53	4.25	0.0323529
41	57	53	36	-3.55	0.0328169
41	57	36	52	2.97	0.033367
41	57	52	35	-2.6	0.0338462
41	57	35	51	2.19	0.0345662
41	57	51	34	-2.05	0.034878
41	57	34	50	1.9	0.0352632
41	57	50	33	-1.72	0.035814
41	57	33	49	1.66	0.0360241
40	56	39	55	10.64	0.0309398
40	56	55	38	-8.18	0.0312225
40	56	38	54	6.89	0.0314514
40	56	54	37	-5.66	0.0317668
40	56	37	53	5.48	0.0318248
40	56	53	36	-4.73	0.0321142
40	56	36	52	3.79	0.0326385
40	56	52	35	-3.43	0.0329155
40	56	35	51	2.65	0.0337736
40	56	51	34	-2.51	0.0339841
40	56	34	50	2.23	0.0344843
40	56	50	33	-2.05	0.034878
40	56	33	49	1.92	0.0352083
39	55	38	54	23.18	0.0304314
39	55	54	37	-12.2	0.0308197
39	55	37	53	11.8	0.0308475
39	55	53	36	-7.81	0.0312804
39	55	36	52	6.44	0.0315528
39	55	52	35	-5.22	0.0319157
39	55	35	51	4.15	0.0324096
39	55	51	34	-3.78	0.0326455
39	55	34	50	3.37	0.0329674
39	55	50	33	-3.03	0.0333003
39	55	33	49	2.86	0.0334965
38	54	37	53	60.99	0.030164
38	54	53	36	-26.73	0.0303741
38	54	36	52	23.61	0.0304235
38	54	52	35	-14.92	0.0306702
38	54	35	51	12.7	0.0307874
38	54	51	34	-10.46	0.030956
38	54	34	50	9.67	0.0310341
38	54	50	33	-8.2	0.0312195
38	54	33	49	7.63	0.0313106
37	53	36	52	69.15	0.0301446
37	53	52	35	-39.07	0.030256
37	53	35	51	29.31	0.0303412
37	53	51	34	-22.86	0.0304374
37	53	34	50	20.69	0.0304833
37	53	50	33	-17.06	0.0305862
37	53	33	49	16.27	0.0306146
34	50	33	49	277.15	0.0300361
64	80	63	79	40.26	0.0302484
64	80	79	62	-33.57	0.0302979
64	80	62	78	23.34	0.0304284
64	80	78	61	-18.55	0.0305391
64	80	61	77	14.48	0.0306906
64	80	77	60	-11.2	0.0308929
64	80	60	76	9.58	0.0310438
64	80	76	59	-7.14	0.0314006
64	80	59	75	6.29	0.0315898
64	80	75	58	-4.43	0.0322573
64	80	58	74	4	0.0325
64	80	74	57	-2.51	0.0339841
64	80	57	73	2.22	0.0345045
64	80	73	56	-1.25	0.038
64	80	56	72	1.06	0.039434
64	80	72	55	-0.95	0.0405263
63	79	62	78	75.24	0.0301329
63	79	78	61	-65.24	0.0301533
63	79	61	77	36.33	0.0302753
63	79	77	60	-29.86	0.0303349
63	79	60	76	21.99	0.0304548
63	79	76	59	-17.31	0.0305777
63	79	59	75	13.76	0.0307267
63	79	75	58	-10.36	0.0309653
63	79	58	74	7.5	0.0313333
63	79	74	57	-5.12	0.0319531
63	79	57	73	4.1	0.032439
63	79	73	56	-2.57	0.0338911
63	79	56	72	1.95	0.0351282
63	79	72	55	-1.79	0.0355866
63	79	55	71	1.41	0.0370922
63	79	71	54	-1.3	0.0376923
62	78	61	77	69.5	0.0301439
62	78	77	60	-60	0.0301667
62	78	60	76	35.98	0.0302779
62	78	76	59	-29.51	0.0303389
62	78	59	75	21.27	0.0304701
62	78	75	58	-16.6	0.0306024
62	78	58	74	12.74	0.0307849
62	78	74	57	-9.17	0.0310905
62	78	57	73	6.1	0.0316393
62	78	73	56	-4.06	0.0324631
62	78	56	72	2.88	0.0334722
62	78	72	55	-2.67	0.0337453
62	78	55	71	2	0.035
62	78	71	54	-1.85	0.0354054
62	78	54	70	1.35	0.0374074
62	78	70	53	-1.23	0.0381301
61	77	60	76	76.99	0.0301299
61	77	76	59	-66.28	0.0301509
61	77	59	75	38.01	0.0302631
61	77	75	58	-30.74	0.0303253
61	77	58	74	21.3	0.0304695
61	77	74	57	-15.84	0.0306313
61	77	57	73	11.04	0.0309058
61	77	73	56	-7.6	0.0313158
61	77	56	72	4.5	0.0322222
61	77	72	55	-4.19	0.0323866
61	77	55	71	2.99	0.0333445
61	77	71	54	-2.78	0.0335971
61	77	54	70	1.93	0.0351813
61	77	70	53	-1.77	0.0356497
61	77	53	69	1.63	0.036135
61	77	69	52	-1.29	0.0377519
60	76	59	75	78.24	0.0301278
60	76	75	58	-66.26	0.0301509
60	76	58	74	36.9	0.030271
60	76	74	57	-28.39	0.0303522
60	76	57	73	17.91	0.0305583
60	76	73	56	-12.56	0.0307962
60	76	56	72	7.74	0.031292
60	76	72	55	-7.23	0.0313831
60	76	55	71	4.41	0.0322676
60	76	71	54	-4.1	0.032439
60	76	54	70	2.72	0.0336765
60	76	70	53	-2.51	0.0339841
60	76	53	69	2.25	0.0344444
60	76	69	52	-1.81	0.0355249
60	76	52	68	1.78	0.035618
60	76	68	51	-1.33	0.0375188
59	75	58	74	77.66	0.0301288
59	75	74	57	-63.08	0.0301585
59	75	57	73	31.53	0.0303172
59	75	73	56	-22.66	0.0304413
59	75	56	72	12.38	0.0308078
59	75	72	55	-11.58	0.0308636
59	75	55	71	7.51	0.0313316
59	75	71	54	-6.99	0.0314306
59	75	54	70	3.97	0.0325189
59	75	70	53	-3.67	0.0327248
59	75	53	69	3.2	0.033125
59	75	69	52	-2.59	0.033861
59	75	52	68	2.5	0.034
59	75	68	51	-1.89	0.035291
59	75	51	67	1.97	0.0350761
59	75	67	50	-1.74	0.0357471
58	74	57	73	66.43	0.0301505
58	74	73	56	-50.97	0.0301962
58	74	56	72	21.22	0.0304713
58	74	72	55	-19.94	0.0305015
58	74	55	71	11.83	0.0308453
58	74	71	54	-10.99	0.0309099
58	74	54	70	6.5	0.0315385
58	74	70	53	-6.03	0.0316584
58	74	53	69	4.53	0.0322075
58	74	69	52	-3.72	0.0326882
58	74	52	68	3.46	0.0328902
58	74	68	51	-2.66	0.0337594
58	74	51	67	2.69	0.0337175
58	74	67	50	-2.38	0.0342017
58	74	50	66	2.39	0.0341841
58	74	66	49	-2.19	0.0345662
57	73	56	72	46.69	0.0302142
57	73	72	55	-44.25	0.030226
57	73	55	71	20.69	0.0304833
57	73	71	54	-19.33	0.0305173
57	73	54	70	10.05	0.030995
57	73	70	53	-9.35	0.0310695
57	73	53	69	7.44	0.0313441
57	73	69	52	-6.2	0.0316129
57	73	52	68	4.98	0.032008
57	73	68	51	-3.89	0.0325707
57	73	51	67	3.73	0.032681
57	73	67	50	-3.32	0.033012
57	73	50	66	3.2	0.033125
57	73	66	49	-2.94	0.0334014
57	73	49	65	2.92	0.0334247
56	72	55	71	41.64	0.0302402
56	72	71	54	-39.9	0.0302506
56	72	54	70	15.54	0.0306435
56	72	70	53	-14.62	0.030684
56	72	53	69	10.59	0.0309443
56	72	69	52	-9.04	0.0311062
56	72	52	68	7.72	0.0312953
56	72	68	51	-6.2	0.0316129
56	72	51	67	5.53	0.0318083
56	72	67	50	-4.97	0.0320121
56	72	50	66	4.55	0.0321978
56	72	66	49	-4.2	0.032381
56	72	49	65	4.08	0.032451
55	71	54	70	31.6	0.0303165
55	71	70	53	-30.28	0.0303303
55	71	53	69	16.19	0.0306177
55	71	69	52	-14.34	0.0306974
55	71	52	68	10.98	0.0309107
55	71	68	51	-9.28	0.0310776
55	71	51	67	7.41	0.0313495
55	71	67	50	-6.8	0.0314706
55	71	50	66	5.6	0.0317857
55	71	66	49	-5.21	0.0319194
55	71	49	65	4.85	0.0320619
54	70	53	69	29.39	0.0303403
54	70	69	52	-26.57	0.0303764
54	70	52	68	17.25	0.0305797
54	70	68	51	-15.02	0.0306658
54	70	51	67	10.56	0.030947
54	70	67	50	-9.83	0.0310173
54	70	50	66	7.33	0.0313643
54	70	66	49	-6.88	0.0314535
54	70	49	65	6.03	0.0316584
53	69	52	68	38.91	0.030257
53	69	68	51	-30.39	0.0303291
53	69	51	67	18.44	0.0305423
53	69	67	50	-16.66	0.0306002
53	69	50	66	11.49	0.0308703
53	69	66	49	-10.63	0.0309407
53	69	49	65	9.18	0.0310893
52	68	51	67	77.82	0.0301285
52	68	67	50	-59.93	0.0301669
52	68	50	66	37.58	0.0302661
52	68	66	49	-31.88	0.0303137
52	68	49	65	27.4	0.030365
80	96	79	95	38.52	0.0302596
80	96	95	78	-28.49	0.030351
80	96	78	94	15.43	0.0306481
80	96	94	77	-11.71	0.030854
80	96	77	93	7.36	0.0313587
80	96	93	76	-5.97	0.031675
80	96	76	92	4.08	0.032451
80	96	92	75	-3.39	0.0329499
80	96	75	91	2.44	0.0340984
80	96	91	74	-2.07	0.0348309
80	96	74	90	1.55	0.0364516
80	96	90	73	-1.34	0.0374627
80	96	73	89	1.02	0.0398039
80	96	89	72	-0.92	0.0408696
80	96	72	88	0.72	0.0438889
80	96	88	71	-0.69	0.0444928
79	95	78	94	85.04	0.0301176
79	95	94	77	-56.18	0.030178
79	95	77	93	29.95	0.0303339
79	95	93	76	-22.46	0.0304452
79	95	76	92	14.33	0.0306978
79	95	92	75	-11.17	0.0308953
79	95	75	91	7.76	0.0312887
79	95	91	74	-6.2	0.0316129
79	95	74	90	4.02	0.0324876
79	95	90	73	-3.26	0.0330675
79	95	73	89	2.42	0.0341322
79	95	89	72	-2.04	0.034902
79	95	72	88	1.56	0.0364103
79	95	88	71	-1.42	0.0370423
79	95	71	87	1.12	0.0389286
79	95	87	70	-1.06	0.039434
78	94	77	93	83.28	0.0301201
78	94	93	76	-59.32	0.0301686
78	94	76	92	31.97	0.0303128
78	94	92	75	-24.15	0.0304141
78	94	75	91	15.71	0.0306365
78	94	91	74	-12.28	0.0308143
78	94	74	90	8.58	0.0311655
78	94	90	73	-6.8	0.0314706
78	94	73	89	4.42	0.0322624
78	94	89	72	-3.62	0.0327624
78	94	72	88	2.72	0.0336765
78	94	88	71	-2.42	0.0341322
78	94	71	87	1.86	0.0353763
78	94	87	70	-1.73	0.0357803
78	94	70	86	1.42	0.0370423
78	94	86	69	-1.34	0.0374627
77	93	76	92	89.3	0.030112
77	93	92	75	-61.49	0.0301626
77	93	75	91	34.39	0.0302908
77	93	91	74	-25.49	0.0303923
77	93	74	90	16.82	0.0305945
77	93	90	73	-12.77	0.0307831
77	93	73	89	8.94	0.0311186
77	93	89	72	-7.05	0.0314184
77	93	72	88	4.64	0.0321552
77	93	88	71	-4.01	0.0324938
77	93	71	87	3.02	0.0333113
77	93	87	70	-2.71	0.03369
77	93	70	86	2.19	0.0345662
77	93	86	69	-2.04	0.034902
77	93	69	85	1.71	0.035848
77	93	85	68	-1.57	0.0363694
76	92	75	91	91.85	0.0301089
76	92	91	74	-62.7	0.0301595
76	92	74	90	34.99	0.0302858
76	92	90	73	-25.4	0.0303937
76	92	73	89	16.59	0.0306028
76	92	89	72	-12.64	0.0307911
76	92	72	88	8.85	0.0311299
76	92	88	71	-7.45	0.0313423
76	92	71	87	4.89	0.032045
76	92	87	70	-4.26	0.0323474
76	92	70	86	3.36	0.0329762
76	92	86	69	-3.1	0.0332258
76	92	69	85	2.54	0.033937
76	92	85	68	-2.33	0.0342918
76	92	68	84	1.99	0.0350251
76	92	84	67	-1.74	0.0357471
75	91	74	90	92.38	0.0301082
75	91	90	73	-61.49	0.0301626
75	91	73	89	33.69	0.0302968
75	91	89	72	-24.44	0.0304092
75	91	72	88	15.86	0.0306305
75	91	88	71	-12.94	0.0307728
75	91	71	87	9	0.0311111
75	91	87	70	-7.59	0.0313175
75	91	70	86	5.2	0.0319231
75	91	86	69	-4.75	0.0321053
75	91	69	85	3.79	0.0326385
75	91	85	68	-3.46	0.0328902
75	91	68	84	2.9	0.0334483
75	91	84	67	-2.54	0.033937
75	91	67	83	2.17	0.0346083
75	91	83	66	-1.9	0.0352632
74	90	73	89	87.99	0.0301136
74	90	89	72	-59.04	0.0301694
74	90	72	88	31.6	0.0303165
74	90	88	71	-24.89	0.0304018
74	90	71	87	15.91	0.0306285
74	90	87	70	-12.9	0.0307752
74	90	70	86	9.28	0.0310776
74	90	86	69	-8.35	0.0311976
74	90	69	85	5.8	0.0317241
74	90	85	68	-5.27	0.0318975
74	90	68	84	4.29	0.032331
74	90	84	67	-3.73	0.032681
74	90	67	83	3.13	0.0331949
74	90	83	66	-2.74	0.0336496
74	90	66	82	2.43	0.0341152
74	90	82	65	-2.27	0.0344053
73	89	72	88	83.42	0.0301199
73	89	88	71	-61.19	0.0301634
73	89	71	87	32.14	0.0303111
73	89	87	70	-24.65	0.0304057
73	89	70	86	16.21	0.0306169
73	89	86	69	-14.26	0.0307013
73	89	69	85	10.43	0.0309588
73	89	85	68	-9.37	0.0310672
73	89	68	84	6.68	0.031497
73	89	84	67	-5.75	0.0317391
73	89	67	83	4.7	0.0321277
73	89	83	66	-4.06	0.0324631
73	89	66	82	3.54	0.0328249
73	89	82	65	-3.3	0.0330303
73	89	65	81	3.04	0.0332895
72	88	67	83	7.02	0.0314245
72	88	83	66	-6.01	0.0316639
72	88	66	82	5.12	0.0319531
72	88	82	65	-4.73	0.0321142
72	88	65	81	4.3	0.0323256
71	87	66	82	7.82	0.0312788
71	87	82	65	-7.17	0.0313947
71	87	65	81	6.37	0.0315699
70	86	65	81	9.4	0.0310638
96	112	95	111	40.92	0.0302444
96	112	111	94	-27.62	0.0303621
96	112	94	110	16.92	0.030591
96	112	110	93	-12.53	0.0307981
96	112	93	109	8.63	0.0311587
96	112	109	92	-6.69	0.0314948
96	112	92	108	4.89	0.032045
96	112	108	91	-3.91	0.0325575
96	112	91	107	2.95	0.0333898
96	112	107	90	-2.39	0.0341841
96	112	90	106	1.83	0.0354645
96	112	106	89	-1.49	0.0367114
96	112	89	105	1.2	0.0383333
96	112	105	88	-0.99	0.040101
96	112	88	104	0.83	0.0420482
96	112	104	87	-0.7	0.0442857
95	111	94	110	84.31	0.0301186
95	111	110	93	-57.96	0.0301725
95	111	93	109	32.72	0.0303056
95	111	109	92	-24.47	0.0304087
95	111	92	108	15.92	0.0306281
95	111	108	91	-12.44	0.0308039
95	111	91	107	8.66	0.0311547
95	111	107	90	-6.84	0.031462
95	111	90	106	4.36	0.0322936
95	111	106	89	-3.45	0.0328986
95	111	89	105	2.65	0.0337736
95	111	105	88	-2.12	0.034717
95	111	88	104	1.72	0.035814
95	111	104	87	-1.38	0.0372464
95	111	87	103	1.18	0.0384746
95	111	103	86	-0.97	0.0403093
94	110	93	109	94	0.0301064
94	110	109	92	-66.31	0.0301508
94	110	92	108	37.7	0.0302653
94	110	108	91	-29.18	0.0303427
94	110	91	107	18.67	0.0305356
94	110	107	90	-14.83	0.0306743
94	110	90	106	9.83	0.0310173
94	110	106	89	-7.85	0.0312739
94	110	89	105	5.1	0.0319608
94	110	105	88	-4.12	0.0324272
94	110	88	104	3.18	0.0331447
94	110	104	87	-2.59	0.033861
94	110	87	103	2.12	0.034717
94	110	103	86	-1.77	0.0356497
94	110	86	102	1.47	0.0368027
94	110	102	85	-1.26	0.0379365
93	109	92	108	97.49	0.0301026
93	109	108	91	-70.52	0.0301418
93	109	91	107	39.74	0.0302516
93	109	107	90	-30.9	0.0303236
93	109	90	106	18.77	0.0305328
93	109	106	89	-14.82	0.0306748
93	109	89	105	10.21	0.0309794
93	109	105	88	-8.21	0.031218
93	109	88	104	5.45	0.0318349
93	109	104	87	-4.43	0.0322573
93	109	87	103	3.51	0.032849
93	109	103	86	-2.92	0.0334247
93	109	86	102	2.38	0.0342017
93	109	102	85	-2.03	0.0349261
93	109	85	101	1.67	0.035988
93	109	101	84	-1.44	0.0369444
92	108	91	107	99	0.030101
92	108	107	90	-70.97	0.0301409
92	108	90	106	37.31	0.030268
92	108	106	89	-28.38	0.0303524
92	108	89	105	18.33	0.0305456
92	108	105	88	-14.44	0.0306925
92	108	88	104	10.26	0.0309747
92	108	104	87	-8.21	0.031218
92	108	87	103	5.66	0.0317668
92	108	103	86	-4.66	0.0321459
92	108	86	102	3.71	0.0326954
92	108	102	85	-3.13	0.0331949
92	108	85	101	2.53	0.0339526
92	108	101	84	-2.15	0.0346512
92	108	84	100	1.82	0.0354945
92	108	100	83	-1.55	0.0364516
91	107	90	106	93.28	0.0301072
91	107	106	89	-65.65	0.0301523
91	107	89	105	36.3	0.0302755
91	107	105	88	-27.62	0.0303621
91	107	88	104	18.35	0.030545
91	107	104	87	-14.4	0.0306944
91	107	87	103	10.59	0.0309443
91	107	103	86	-8.64	0.0311574
91	107	86	102	5.95	0.0316807
91	107	102	85	-4.96	0.0320161
91	107	85	101	3.89	0.0325707
91	107	101	84	-3.29	0.0330395
91	107	84	100	2.71	0.03369
91	107	100	83	-2.3	0.0343478
91	107	83	99	1.99	0.0350251
91	107	99	82	-1.73	0.0357803
90	106	89	105	95	0.0301053
90	106	105	88	-67.37	0.0301484
90	106	88	104	37.36	0.0302677
90	106	104	87	-28.42	0.0303519
90	106	87	103	19.3	0.0305181
90	106	103	86	-15.52	0.0306443
90	106	86	102	11.29	0.0308857
90	106	102	85	-9.34	0.0310707
90	106	85	101	6.3	0.0315873
90	106	101	84	-5.27	0.0318975
90	106	84	100	4.19	0.0323866
90	106	100	83	-3.53	0.0328329
90	106	83	99	2.97	0.033367
90	106	99	82	-2.59	0.033861
90	106	82	98	2.27	0.0344053
90	106	98	81	-2.08	0.0348077
89	105	88	104	96.78	0.0301033
89	105	104	87	-67.63	0.0301479
89	105	87	103	38.85	0.0302574
89	105	103	86	-30.3	0.03033
89	105	86	102	20.36	0.0304912
89	105	102	85	-16.53	0.030605
89	105	85	101	11.74	0.0308518
89	105	101	84	-9.7	0.0310309
89	105	84	100	6.66	0.0315015
89	105	100	83	-5.54	0.0318051
89	105	83	99	4.52	0.0322124
89	105	99	82	-3.9	0.0325641
89	105	82	98	3.35	0.0329851
89	105	98	81	-3.05	0.0332787
89	105	81	97	2.75	0.0336364
88	104	87	103	100.53	0.0300995
88	104	103	86	-73.27	0.0301365
88	104	86	102	40.74	0.0302455
88	104	102	85	-32	0.0303125
88	104	85	101	20.79	0.030481
88	104	101	84	-16.81	0.0305949
88	104	84	100	12.11	0.0308258
88	104	100	83	-9.88	0.0310121
88	104	83	99	6.98	0.0314327
88	104	99	82	-5.94	0.0316835
88	104	82	98	4.97	0.0320121
88	104	98	81	-4.47	0.0322371
88	104	81	97	3.96	0.0325253
87	103	82	98	7.61	0.0313141
87	103	98	81	-6.75	0.0314815
87	103	81	97	5.86	0.0317065
86	102	81	97	8.7	0.0311494
112	128	111	127	38.92	0.0302569
112	128	127	110	-28.18	0.0303549
112	128	110	126	16.16	0.0306188
112	128	126	109	-12.3	0.030813
112	128	109	125	8.3	0.0312048
112	128	125	108	-6.55	0.0315267
112	128	108	124	4.72	0.0321186
112	128	124	107	-3.81	0.0326247
112	128	107	123	2.82	0.0335461
112	128	123	106	-2.28	0.034386
112	128	106	122	1.75	0.0357143
112	128	122	105	-1.48	0.0367568
112	128	105	121	1.18	0.0384746
112	128	121	104	-1.03	0.0397087
112	128	104	120	0.82	0.0421951
112	128	120	103	-0.73	0.0436986
111	127	110	126	82.31	0.0301215
111	127	126	109	-56.94	0.0301756
111	127	109	125	32.43	0.0303084
111	127	125	108	-23.91	0.0304182
111	127	108	124	15.91	0.0306285
111	127	124	107	-12.25	0.0308163
111	127	107	123	8.57	0.0311669
111	127	123	106	-6.67	0.0314993
111	127	106	122	4.35	0.0322989
111	127	122	105	-3.58	0.0327933
111	127	105	121	2.72	0.0336765
111	127	121	104	-2.34	0.0342735
111	127	104	120	1.78	0.035618
111	127	120	103	-1.58	0.0363291
111	127	103	119	1.23	0.0381301
111	127	119	102	-1.11	0.039009
110	126	109	125	93.31	0.0301072
110	126	125	108	-64.53	0.030155
110	126	108	124	38.11	0.0302624
110	126	124	107	-27.7	0.030361
110	126	107	123	18.66	0.0305359
110	126	123	106	-13.75	0.0307273
110	126	106	122	9.82	0.0310183
110	126	122	105	-7.75	0.0312903
110	126	105	121	5.25	0.0319048
110	126	121	104	-4.33	0.0323095
110	126	104	120	3.29	0.0330395
110	126	120	103	-2.83	0.0335336
110	126	103	119	2.2	0.0345455
110	126	119	102	-1.93	0.0351813
110	126	102	118	1.52	0.0365789
110	126	118	101	-1.35	0.0374074
109	125	108	124	100.66	0.0300993
109	125	124	107	-69.85	0.0301432
109	125	107	123	40.48	0.030247
109	125	123	106	-28.37	0.0303525
109	125	106	122	18.71	0.0305345
109	125	122	105	-14.57	0.0306863
109	125	105	121	10.64	0.0309398
109	125	121	104	-8.58	0.0311655
109	125	104	120	5.7	0.0317544
109	125	120	103	-4.79	0.0320877
109	125	103	119	3.68	0.0327174
109	125	119	102	-3.16	0.0331646
109	125	102	118	2.46	0.034065
109	125	118	101	-2.16	0.0346296
109	125	101	117	1.72	0.035814
109	125	117	100	-1.53	0.0365359
108	124	107	123	100.37	0.0300996
108	124	123	106	-66.28	0.0301509
108	124	106	122	38.03	0.030263
108	124	122	105	-28.06	0.0303564
108	124	105	121	19.26	0.0305192
108	124	121	104	-15.17	0.0306592
108	124	104	120	10.83	0.0309234
108	124	120	103	-8.94	0.0311186
108	124	103	119	5.99	0.0316694
108	124	119	102	-5.05	0.0319802
108	124	102	118	3.86	0.0325907
108	124	118	101	-3.32	0.033012
108	124	101	117	2.61	0.0338314
108	124	117	100	-2.29	0.0343668
108	124	100	116	1.84	0.0354348
108	124	116	99	-1.67	0.035988
107	123	106	122	93.72	0.0301067
107	123	122	105	-64.56	0.0301549
107	123	105	121	38	0.0302632
107	123	121	104	-28.82	0.030347
107	123	104	120	19.23	0.03052
107	123	120	103	-15.48	0.030646
107	123	103	119	11.17	0.0308953
107	123	119	102	-9.22	0.0310846
107	123	102	118	6.16	0.0316234
107	123	118	101	-5.19	0.0319268
107	123	101	117	4	0.0325
107	123	117	100	-3.44	0.032907
107	123	100	116	2.72	0.0336765
107	123	116	99	-2.44	0.0340984
107	123	99	115	1.71	0.035848
107	123	115	98	-1.54	0.0364935
106	122	105	121	98.03	0.030102
106	122	121	104	-67.91	0.0301473
106	122	104	120	38.51	0.0302597
106	122	120	103	-29.43	0.0303398
106	122	103	119	20.06	0.0304985
106	122	119	102	-15.88	0.0306297
106	122	102	118	11.51	0.0308688
106	122	118	101	-9.32	0.031073
106	122	101	117	6.35	0.0315748
106	122	117	100	-5.3	0.0318868
106	122	100	116	4.13	0.0324213
106	122	116	99	-3.61	0.0327701
106	122	99	115	2.51	0.0339841
106	122	115	98	-2.21	0.0345249
106	122	98	114	2.58	0.033876
106	122	114	97	-2.4	0.0341667
105	121	104	120	94.62	0.0301057
105	121	120	103	-65.79	0.030152
105	121	103	119	39.05	0.0302561
105	121	119	102	-29.25	0.0303419
105	121	102	118	20.07	0.0304983
105	121	118	101	-15.53	0.0306439
105	121	101	117	11.41	0.0308764
105	121	117	100	-9.17	0.0310905
105	121	100	116	6.34	0.0315773
105	121	116	99	-5.36	0.0318657
105	121	99	115	3.66	0.0327322
105	121	115	98	-3.13	0.0331949
105	121	98	114	3.69	0.03271
105	121	114	97	-3.39	0.0329499
105	121	97	113	2.52	0.0339683
104	120	103	119	101.47	0.0300986
104	120	119	102	-68.86	0.0301452
104	120	102	118	40.26	0.0302484
104	120	118	101	-29.32	0.0303411
104	120	101	117	20.2	0.030495
104	120	117	100	-15.59	0.0306414
104	120	100	116	11.54	0.0308666
104	120	116	99	-9.49	0.0310537
104	120	99	115	5.55	0.0318018
104	120	115	98	-4.59	0.0321786
104	120	98	114	5.52	0.0318116
104	120	114	97	-5.01	0.031996
104	120	97	113	3.59	0.0327855
103	119	102	118	103.56	0.0300966
103	119	118	101	-69.06	0.0301448
103	119	101	117	39.86	0.0302509
103	119	117	100	-29.24	0.030342
103	119	100	116	20.15	0.0304963
103	119	116	99	-16.06	0.0306227
103	119	99	115	9.84	0.0310163
103	119	115	98	-7.87	0.0312706
103	119	98	114	8.76	0.0311416
103	119	114	97	-7.85	0.0312739
103	119	97	113	5.3	0.0318868
102	118	101	117	105.42	100000
102	118	117	100	-70.68	100000
102	118	100	116	40.56	100000
102	118	116	99	-30.76	100000
102	118	99	115	16.96	100000
102	118	115	98	-12.9	100000
102	118	98	114	16.74	100000
102	118	114	97	-14.78	100000
102	118	97	113	8.09	0.0312361
128	144	127	143	54.66	0.0301829
128	144	143	126	-42.84	0.0302334
128	144	126	142	20.83	0.0304801
128	144	142	125	-16.7	0.0305988
128	144	125	141	10.25	0.0309756
128	144	141	124	-8.41	0.0311891
128	144	124	140	5.62	0.0317794
128	144	140	123	-4.7	0.0321277
128	144	123	139	2.89	0.0334602
128	144	139	122	-2.48	0.0340323
128	144	122	138	1.82	0.0354945
128	144	138	121	-1.6	0.03625
128	144	121	137	1.22	0.0381967
128	144	137	120	-1.08	0.0392593
128	144	120	136	0.85	0.0417647
128	144	136	119	-0.77	0.042987
127	143	126	142	84.77	0.030118
127	143	142	125	-59.85	0.0301671
127	143	125	141	33.1	0.0303021
127	143	141	124	-25.03	0.0303995
127	143	124	140	16.23	0.0306161
127	143	140	123	-12.63	0.0307918
127	143	123	139	8.78	0.031139
127	143	139	122	-7.07	0.0314144
127	143	122	138	4.6	0.0321739
127	143	138	121	-3.83	0.032611
127	143	121	137	2.93	0.033413
127	143	137	120	-2.46	0.034065
127	143	120	136	1.95	0.0351282
127	143	136	119	-1.66	0.0360241
127	143	119	135	1.35	0.0374074
127	143	135	118	-1.16	0.0386207
126	142	125	141	92.51	0.0301081
126	142	141	124	-65.62	0.0301524
126	142	124	140	36.51	0.0302739
126	142	140	123	-27.54	0.0303631
126	142	123	139	17.89	0.030559
126	142	139	122	-14.04	0.0307123
126	142	122	138	9.9	0.0310101
126	142	138	121	-8.1	0.0312346
126	142	121	137	5.36	0.0318657
126	142	137	120	-4.41	0.0322676
126	142	120	136	3.43	0.0329155
126	142	136	119	-2.87	0.0334843
126	142	119	135	2.31	0.034329
126	142	135	118	-1.95	0.0351282
126	142	118	134	1.59	0.0362893
126	142	134	117	-1.37	0.0372993
125	141	124	140	97.71	0.0301023
125	141	140	123	-67.95	0.0301472
125	141	123	139	37.9	0.0302639
125	141	139	122	-28.62	0.0303494
125	141	122	138	18.87	0.0305299
125	141	138	121	-15.02	0.0306658
125	141	121	137	10.77	0.0309285
125	141	137	120	-8.68	0.0311521
125	141	120	136	5.9	0.0316949
125	141	136	119	-4.84	0.0320661
125	141	119	135	3.82	0.0326178
125	141	135	118	-3.17	0.0331546
125	141	118	134	2.55	0.0339216
125	141	134	117	-2.16	0.0346296
125	141	117	133	1.79	0.0355866
125	141	133	116	-1.55	0.0364516
124	140	123	139	96.29	0.0301039
124	140	139	122	-67.72	0.0301477
124	140	122	138	38.08	0.0302626
124	140	138	121	-29.3	0.0303413
124	140	121	137	19.66	0.0305086
124	140	137	120	-15.49	0.0306456
124	140	120	136	11.27	0.0308873
124	140	136	119	-9.08	0.0311013
124	140	119	135	6.21	0.0316103
124	140	135	118	-5.07	0.0319724
124	140	118	134	3.98	0.0325126
124	140	134	117	-3.32	0.033012
124	140	117	133	2.71	0.03369
124	140	133	116	-2.32	0.0343103
124	140	116	132	1.95	0.0351282
124	140	132	115	-1.54	0.0364935
123	139	122	138	94.16	0.0301062
123	139	138	121	-67.24	0.0301487
123	139	121	137	38.8	0.0302577
123	139	137	120	-29.24	0.030342
123	139	120	136	20.08	0.030498
123	139	136	119	-15.77	0.0306341
123	139	119	135	11.65	0.0308584
123	139	135	118	-9.34	0.0310707
123	139	118	134	6.35	0.0315748
123	139	134	117	-5.2	0.0319231
123	139	117	133	4.15	0.0324096
123	139	133	116	-3.5	0.0328571
123	139	116	132	2.9	0.0334483
123	139	132	115	-2.23	0.0344843
123	139	115	131	1.88	0.0353191
123	139	131	114	-2.14	0.0346729
122	138	121	137	95.79	0.0301044
122	138	137	120	-66.12	0.0301512
122	138	120	136	39.04	0.0302561
122	138	136	119	-29.58	0.0303381
122	138	119	135	20.44	0.0304892
122	138	135	118	-15.99	0.0306254
122	138	118	134	11.71	0.030854
122	138	134	117	-9.44	0.0310593
122	138	117	133	6.47	0.0315456
122	138	133	116	-5.37	0.0318622
122	138	116	132	4.34	0.0323041
122	138	132	115	-3.29	0.0330395
122	138	115	131	2.71	0.03369
122	138	131	114	-3.11	0.0332154
122	138	114	130	2.77	0.0336101
122	138	130	113	-2.17	0.0346083
121	137	120	136	94.33	0.030106
121	137	136	119	-67.18	0.0301489
121	137	119	135	39.19	0.0302552
121	137	135	118	-29.85	0.030335
121	137	118	134	20.2	0.030495
121	137	134	117	-16.02	0.0306242
121	137	117	133	11.75	0.0308511
121	137	133	116	-9.66	0.0310352
121	137	116	132	6.66	0.0315015
121	137	132	115	-4.98	0.032008
121	137	115	131	3.97	0.0325189
121	137	131	114	-4.59	0.0321786
121	137	114	130	4.02	0.0324876
121	137	130	113	-3.09	0.0332362
121	137	113	129	2.74	0.0336496
120	136	119	135	96.98	0.0301031
120	136	135	118	-67.83	0.0301474
120	136	118	134	39.14	0.0302555
120	136	134	117	-29.84	0.0303351
120	136	117	133	20.34	0.0304916
120	136	133	116	-16.27	0.0306146
120	136	116	132	12.16	0.0308224
120	136	132	115	-8.84	0.0311312
120	136	115	131	6.04	0.0316556
120	136	131	114	-7.08	0.0314124
120	136	114	130	6.1	0.0316393
120	136	130	113	-4.55	0.0321978
120	136	113	129	3.97	0.0325189
119	135	118	134	99.04	0.030101
119	135	134	117	-69.24	0.0301444
119	135	117	133	39.57	0.0302527
119	135	133	116	-30.36	0.0303294
119	135	116	132	21.05	0.0304751
119	135	132	115	-14.75	0.030678
119	135	115	131	10.77	0.0309285
119	135	131	114	-12.88	0.0307764
119	135	114	130	9.57	0.0310449
119	135	130	113	-6.83	0.0314641
119	135	113	129	5.86	0.0317065
118	134	113	129	8.93	0.0311198
