144# Number of sensors
#x	z
1.75	-0.1
1.75	-0.2
1.75	-0.3
1.75	-0.4
1.75	-0.5
1.75	-0.6
1.75	-0.7
1.75	-0.8
1.75	-0.9
1.75	-1
1.75	-1.1
1.75	-1.2
1.75	-1.3
1.75	-1.4
1.75	-1.5
1.75	-1.6
2.25	-0.1
2.25	-0.2
2.25	-0.3
2.25	-0.4
2.25	-0.5
2.25	-0.6
2.25	-0.7
2.25	-0.8
2.25	-0.9
2.25	-1
2.25	-1.1
2.25	-1.2
2.25	-1.3
2.25	-1.4
2.25	-1.5
2.25	-1.6
2.75	-0.1
2.75	-0.2
2.75	-0.3
2.75	-0.4
2.75	-0.5
2.75	-0.6
2.75	-0.7
2.75	-0.8
2.75	-0.9
2.75	-1
2.75	-1.1
2.75	-1.2
2.75	-1.3
2.75	-1.4
2.75	-1.5
2.75	-1.6
3.25	-0.1
3.25	-0.2
3.25	-0.3
3.25	-0.4
3.25	-0.5
3.25	-0.6
3.25	-0.7
3.25	-0.8
3.25	-0.9
3.25	-1
3.25	-1.1
3.25	-1.2
3.25	-1.3
3.25	-1.4
3.25	-1.5
3.25	-1.6
3.75	-0.1
3.75	-0.2
3.75	-0.3
3.75	-0.4
3.75	-0.5
3.75	-0.6
3.75	-0.7
3.75	-0.8
3.75	-0.9
3.75	-1
3.75	-1.1
3.75	-1.2
3.75	-1.3
3.75	-1.4
3.75	-1.5
3.75	-1.6
4.25	-0.1
4.25	-0.2
4.25	-0.3
4.25	-0.4
4.25	-0.5
4.25	-0.6
4.25	-0.7
4.25	-0.8
4.25	-0.9
4.25	-1
4.25	-1.1
4.25	-1.2
4.25	-1.3
4.25	-1.4
4.25	-1.5
4.25	-1.6
4.75	-0.1
4.75	-0.2
4.75	-0.3
4.75	-0.4
4.75	-0.5
4.75	-0.6
4.75	-0.7
4.75	-0.8
4.75	-0.9
4.75	-1
4.75	-1.1
4.75	-1.2
4.75	-1.3
4.75	-1.4
4.75	-1.5
4.75	-1.6
5.25	-0.1
5.25	-0.2
5.25	-0.3
5.25	-0.4
5.25	-0.5
5.25	-0.6
5.25	-0.7
5.25	-0.8
5.25	-0.9
5.25	-1
5.25	-1.1
5.25	-1.2
5.25	-1.3
5.25	-1.4
5.25	-1.5
5.25	-1.6
5.75	-0.1
5.75	-0.2
5.75	-0.3
5.75	-0.4
5.75	-0.5
5.75	-0.6
5.75	-0.7
5.75	-0.8
5.75	-0.9
5.75	-1
5.75	-1.1
5.75	-1.2
5.75	-1.3
5.75	-1.4
5.75	-1.5
5.75	-1.6
1256# Number of data
#a	b	m	n	R	err
16	32	15	31	63.27	0.0301581
16	32	31	14	-41.64	0.0302402
16	32	14	30	21.95	0.0304556
16	32	30	13	-18.12	0.0305519
16	32	13	29	12.37	0.0308084
16	32	29	12	-11.13	0.0308985
16	32	12	28	8.41	0.0311891
16	32	28	11	-6.7	0.0314925
16	32	11	27	5.1	0.0319608
16	32	27	10	-3.31	0.0330211
16	32	10	26	2.57	0.0338911
16	32	26	9	-1.84	0.0354348
16	32	9	25	1.64	0.0360976
16	32	25	8	-1.28	0.0378125
16	32	8	24	1.19	0.0384034
16	32	24	7	-0.99	0.040101
15	31	14	30	72.82	0.0301373
15	31	30	13	-58.19	0.0301719
15	31	13	29	37.2	0.0302688
15	31	29	12	-33.87	0.0302952
15	31	12	28	25.13	0.0303979
15	31	28	11	-19.54	0.0305118
15	31	11	27	15.32	0.0306527
15	31	27	10	-9.26	0.0310799
15	31	10	26	6.53	0.0315314
15	31	26	9	-4.36	0.0322936
15	31	9	25	3.83	0.032611
15	31	25	8	-2.86	0.0334965
15	31	8	24	2.63	0.0338023
15	31	24	7	-2.09	0.0347847
15	31	7	23	1.83	0.0354645
15	31	23	6	-1.52	0.0365789
14	30	13	29	82.74	0.0301209
14	30	29	12	-74.01	0.0301351
14	30	12	28	51.98	0.0301924
14	30	28	11	-40.01	0.0302499
14	30	11	27	30.92	0.0303234
14	30	27	10	-17.83	0.0305609
14	30	10	26	13.46	0.0307429
14	30	26	9	-8.64	0.0311574
14	30	9	25	6.52	0.0315337
14	30	25	8	-4.68	0.0321368
14	30	8	24	4.3	0.0323256
14	30	24	7	-3.31	0.0330211
14	30	7	23	2.91	0.0334364
14	30	23	6	-2.36	0.0342373
14	30	6	22	2.08	0.0348077
14	30	22	5	-1.68	0.0359524
13	29	12	28	90.18	0.0301109
13	29	28	11	-70.87	0.0301411
13	29	11	27	44.78	0.0302233
13	29	27	10	-29.16	0.0303429
13	29	10	26	18.91	0.0305288
13	29	26	9	-12.89	0.0307758
13	29	9	25	10.48	0.0309542
13	29	25	8	-7.81	0.0312804
13	29	8	24	5.94	0.0316835
13	29	24	7	-4.69	0.0321322
13	29	7	23	4.01	0.0324938
13	29	23	6	-3.33	0.033003
13	29	6	22	2.84	0.0335211
13	29	22	5	-2.36	0.0342373
13	29	5	21	2.08	0.0348077
13	29	21	4	-1.85	0.0354054
12	28	11	27	80.94	0.0301235
12	28	27	10	-58.29	0.0301716
12	28	10	26	29.79	0.0303357
12	28	26	9	-21.38	0.0304677
12	28	9	25	15.7	0.0306369
12	28	25	8	-11.96	0.0308361
12	28	8	24	9.88	0.0310121
12	28	24	7	-7.93	0.031261
12	28	7	23	5.78	0.0317301
12	28	23	6	-4.87	0.0320534
12	28	6	22	4.03	0.0324814
12	28	22	5	-3.4	0.0329412
12	28	5	21	2.91	0.0334364
12	28	21	4	-2.63	0.0338023
12	28	4	20	2.3	0.0343478
12	28	20	3	-2.16	0.0346296
11	27	10	26	70.72	0.0301414
11	27	26	9	-47.14	0.0302121
11	27	9	25	30.77	0.030325
11	27	25	8	-22.27	0.030449
11	27	8	24	17.47	0.0305724
11	27	24	7	-13.48	0.0307418
11	27	7	23	10.98	0.0309107
11	27	23	6	-9.02	0.0311086
11	27	6	22	6.42	0.0315576
11	27	22	5	-5.28	0.0318939
11	27	5	21	4.47	0.0322371
11	27	21	4	-3.98	0.0325126
11	27	4	20	3.45	0.0328986
11	27	20	3	-3.21	0.0331153
11	27	3	19	2.97	0.033367
11	27	19	2	-2.79	0.0335842
10	26	9	25	74.68	0.0301339
10	26	25	8	-47.63	0.03021
10	26	8	24	34.74	0.0302879
10	26	24	7	-24.64	0.0304058
10	26	7	23	19.86	0.0305035
10	26	23	6	-15.44	0.0306477
10	26	6	22	12.6	0.0307937
10	26	22	5	-9.79	0.0310215
10	26	5	21	7.21	0.031387
10	26	21	4	-6.23	0.0316051
10	26	4	20	5.41	0.0318484
10	26	20	3	-4.96	0.0320161
10	26	3	19	4.6	0.0321739
10	26	19	2	-4.29	0.032331
10	26	2	18	4.16	0.0324038
10	26	18	1	-3.85	0.0325974
9	25	8	24	76.02	0.0301315
9	25	24	7	-47.28	0.0302115
9	25	7	23	35.64	0.0302806
9	25	23	6	-25.54	0.0303915
9	25	6	22	20.45	0.030489
9	25	22	5	-14.54	0.0306878
9	25	5	21	12.2	0.0308197
9	25	21	4	-10.1	0.0309901
9	25	4	20	7.57	0.031321
9	25	20	3	-6.78	0.0314749
9	25	3	19	6.31	0.0315848
9	25	19	2	-5.81	0.0317212
9	25	2	18	5.65	0.0317699
9	25	18	1	-5.11	0.0319569
9	25	1	17	4.96	0.0320161
8	24	7	23	84.06	0.030119
8	24	23	6	-55.43	0.0301804
8	24	6	22	39.58	0.0302527
8	24	22	5	-25.51	0.030392
8	24	5	21	20	0.0305
8	24	21	4	-15.82	0.0306321
8	24	4	20	13.16	0.0307599
8	24	20	3	-11.49	0.0308703
8	24	3	19	9.02	0.0311086
8	24	19	2	-8.18	0.0312225
8	24	2	18	7.91	0.0312642
8	24	18	1	-7.01	0.0314265
8	24	1	17	6.78	0.0314749
7	23	6	22	109.38	0.0300914
7	23	22	5	-69.54	0.0301438
7	23	5	21	43.38	0.0302305
7	23	21	4	-34.11	0.0302932
7	23	4	20	23.92	0.0304181
7	23	20	3	-20.63	0.0304847
7	23	3	19	17.53	0.0305705
7	23	19	2	-15.78	0.0306337
7	23	2	18	12.77	0.0307831
7	23	18	1	-11.21	0.0308921
7	23	1	17	10.51	0.0309515
6	22	1	17	16.83	0.0305942
3	19	2	18	275.21	0.0300363
3	19	18	1	-189.48	0.0300528
3	19	1	17	143.63	0.0300696
2	18	1	17	798.77	0.0300125
32	48	31	47	51.92	0.0301926
32	48	47	30	-32.66	0.0303062
32	48	30	46	23.14	0.0304322
32	48	46	29	-17.32	0.0305774
32	48	29	45	13.09	0.0307639
32	48	45	28	-10.31	0.0309699
32	48	28	44	7.36	0.0313587
32	48	44	27	-5.85	0.0317094
32	48	27	43	3.96	0.0325253
32	48	43	26	-3.04	0.0332895
32	48	26	42	1.84	0.0354348
32	48	42	25	-1.55	0.0364516
32	48	25	41	0.8	0.0425
32	48	41	24	-0.64	0.045625
32	48	24	40	0.49	0.0504082
32	48	40	23	-0.53	0.0488679
31	47	30	46	72.31	0.0301383
31	47	46	29	-50.95	0.0301963
31	47	29	45	37.23	0.0302686
31	47	45	28	-28.44	0.0303516
31	47	28	44	19.77	0.0305058
31	47	44	27	-15.42	0.0306485
31	47	27	43	10.67	0.0309372
31	47	43	26	-8.1	0.0312346
31	47	26	42	4.23	0.0323641
31	47	42	25	-3.54	0.0328249
31	47	25	41	1.69	0.0359172
31	47	41	24	-1.33	0.0375188
31	47	24	40	0.97	0.0403093
31	47	40	23	-1.02	0.0398039
31	47	23	39	0.97	0.0403093
31	47	39	22	-1	0.04
30	46	29	45	75.58	0.0301323
30	46	45	28	-53.37	0.0301874
30	46	28	44	36.53	0.0302737
30	46	44	27	-27.14	0.0303685
30	46	27	43	18.46	0.0305417
30	46	43	26	-13.62	0.0307342
30	46	26	42	7.91	0.0312642
30	46	42	25	-6.45	0.0315504
30	46	25	41	2.71	0.03369
30	46	41	24	-2.07	0.0348309
30	46	24	40	1.49	0.0367114
30	46	40	23	-1.45	0.0368966
30	46	23	39	1.38	0.0372464
30	46	39	22	-1.35	0.0374074
30	46	22	38	1.23	0.0381301
30	46	38	21	-1.19	0.0384034
29	45	28	44	80.31	0.0301245
29	45	44	27	-53.62	0.0301865
29	45	27	43	36.43	0.0302745
29	45	43	26	-25.22	0.0303965
29	45	26	42	14.36	0.0306964
29	45	42	25	-11.47	0.0308718
29	45	25	41	5.16	0.031938
29	45	41	24	-3.85	0.0325974
29	45	24	40	2.36	0.0342373
29	45	40	23	-2.19	0.0345662
29	45	23	39	2.05	0.034878
29	45	39	22	-1.93	0.0351813
29	45	22	38	1.76	0.0356818
29	45	38	21	-1.66	0.0360241
29	45	21	37	1.42	0.0370423
29	45	37	20	-1.35	0.0374074
28	44	27	43	79.9	0.0301252
28	44	43	26	-49.76	0.030201
28	44	26	42	27.69	0.0303611
28	44	42	25	-21.29	0.0304697
28	44	25	41	9.16	0.0310917
28	44	41	24	-6.68	0.031497
28	44	24	40	4.32	0.0323148
28	44	40	23	-3.82	0.0326178
28	44	23	39	3.13	0.0331949
28	44	39	22	-2.82	0.0335461
28	44	22	38	2.56	0.0339062
28	44	38	21	-2.35	0.0342553
28	44	21	37	2	0.035
28	44	37	20	-1.87	0.0353476
28	44	20	36	1.58	0.0363291
28	44	36	19	-1.51	0.0366225
27	43	26	42	56.93	0.0301757
27	43	42	25	-39.34	0.0302542
27	43	25	41	16.65	0.0306006
27	43	41	24	-11.34	0.0308818
27	43	24	40	7.1	0.0314085
27	43	40	23	-5.83	0.0317153
27	43	23	39	5.31	0.0318832
27	43	39	22	-4.49	0.0322272
27	43	22	38	3.5	0.0328571
27	43	38	21	-3.06	0.033268
27	43	21	37	2.62	0.0338168
27	43	37	20	-2.35	0.0342553
27	43	20	36	2	0.035
27	43	36	19	-1.87	0.0353476
27	43	19	35	1.68	0.0359524
27	43	35	18	-1.61	0.0362112
26	42	25	41	32.91	0.0303039
26	42	41	24	-19.66	0.0305086
26	42	24	40	11.72	0.0308532
26	42	40	23	-8.83	0.0311325
26	42	23	39	7.89	0.0312674
26	42	39	22	-6.22	0.0316077
26	42	22	38	5.66	0.0317668
26	42	38	21	-4.72	0.0321186
26	42	21	37	4	0.0325
26	42	37	20	-3.43	0.0329155
26	42	20	36	2.92	0.0334247
26	42	36	19	-2.67	0.0337453
26	42	19	35	2.4	0.0341667
26	42	35	18	-2.28	0.034386
26	42	18	34	2.18	0.0345872
26	42	34	17	-2.06	0.0348544
25	41	24	40	22.6	0.0304425
25	41	40	23	-14.26	0.0307013
25	41	23	39	12.42	0.0308052
25	41	39	22	-9.06	0.0311038
25	41	22	38	8.14	0.0312285
25	41	38	21	-6.6	0.0315152
25	41	21	37	5.54	0.0318051
25	41	37	20	-4.67	0.0321413
25	41	20	36	3.86	0.0325907
25	41	36	19	-3.5	0.0328571
25	41	19	35	3.1	0.0332258
25	41	35	18	-2.93	0.033413
25	41	18	34	2.77	0.0336101
25	41	34	17	-2.62	0.0338168
25	41	17	33	2.58	0.033876
24	40	23	39	27.25	0.030367
24	40	39	22	-14.98	0.0306676
24	40	22	38	13.47	0.0307424
24	40	38	21	-9.37	0.0310672
24	40	21	37	8.03	0.0312453
24	40	37	20	-6.07	0.0316474
24	40	20	36	5.13	0.0319493
24	40	36	19	-4.41	0.0322676
24	40	19	35	3.94	0.0325381
24	40	35	18	-3.63	0.0327548
24	40	18	34	3.46	0.0328902
24	40	34	17	-3.21	0.0331153
24	40	17	33	3.18	0.0331447
23	39	22	38	53.5	0.0301869
23	39	38	21	-28.75	0.0303478
23	39	21	37	24.46	0.0304088
23	39	37	20	-14.95	0.0306689
23	39	20	36	12.52	0.0307987
23	39	36	19	-9.93	0.031007
23	39	19	35	9.01	0.0311099
23	39	35	18	-7.95	0.0312579
23	39	18	34	6.65	0.0315038
23	39	34	17	-5.91	0.031692
23	39	17	33	5.9	0.0316949
22	38	21	37	100.65	0.0300994
22	38	37	20	-67.05	0.0301491
22	38	20	36	36.62	0.0302731
22	38	36	19	-28.96	0.0303453
22	38	19	35	21.52	0.0304647
22	38	35	18	-18.86	0.0305302
22	38	18	34	16.97	0.0305893
22	38	34	17	-14.97	0.030668
22	38	17	33	12.52	0.0307987
21	37	20	36	103.77	0.0300964
21	37	36	19	-77.33	0.0301293
21	37	19	35	47.58	0.0302102
21	37	35	18	-40.89	0.0302446
21	37	18	34	34.61	0.0302889
21	37	34	17	-30.19	0.0303312
21	37	17	33	27.37	0.0303654
18	34	17	33	406.35	0.0300246
48	64	47	63	39.65	0.0302522
48	64	63	46	-30.02	0.0303331
48	64	46	62	23.68	0.0304223
48	64	62	45	-19.73	0.0305068
48	64	45	61	15.46	0.0306468
48	64	61	44	-12.77	0.0307831
48	64	44	60	9.98	0.031002
48	64	60	43	-8.57	0.0311669
48	64	43	59	6.44	0.0315528
48	64	59	42	-5.49	0.0318215
48	64	42	58	3.86	0.0325907
48	64	58	41	-3.28	0.0330488
48	64	41	57	1.93	0.0351813
48	64	57	40	-1.8	0.0355556
48	64	40	56	0.72	0.0438889
48	64	56	39	-0.69	0.0444928
47	63	46	62	56.64	0.0301766
47	63	62	45	-43.37	0.0302306
47	63	45	61	35.06	0.0302852
47	63	61	44	-26.79	0.0303733
47	63	44	60	21.6	0.030463
47	63	60	43	-17.29	0.0305784
47	63	43	59	13.52	0.0307396
47	63	59	42	-10.57	0.0309461
47	63	42	58	7.49	0.0313351
47	63	58	41	-5.71	0.0317513
47	63	41	57	3.46	0.0328902
47	63	57	40	-3.08	0.0332468
47	63	40	56	1.28	0.0378125
47	63	56	39	-1.2	0.0383333
47	63	39	55	0.86	0.0416279
47	63	55	38	-0.81	0.0423457
46	62	45	61	57.62	0.0301736
46	62	61	44	-41.37	0.0302417
46	62	44	60	33.86	0.0302953
46	62	60	43	-25.82	0.0303873
46	62	43	59	20.57	0.0304861
46	62	59	42	-15.26	0.0306553
46	62	42	58	11.37	0.0308795
46	62	58	41	-8.1	0.0312346
46	62	41	57	4.77	0.0320964
46	62	57	40	-4.1	0.032439
46	62	40	56	1.73	0.0357803
46	62	56	39	-1.6	0.03625
46	62	39	55	1.15	0.0386957
46	62	55	38	-1.06	0.039434
46	62	38	54	0.88	0.0413636
46	62	54	37	-0.83	0.0420482
45	61	44	60	60.24	0.030166
45	61	60	43	-43.78	0.0302284
45	61	43	59	35.25	0.0302837
45	61	59	42	-24.93	0.0304011
45	61	42	58	18.83	0.0305311
45	61	58	41	-12.61	0.030793
45	61	41	57	7.83	0.0312771
45	61	57	40	-6.54	0.0315291
45	61	40	56	2.65	0.0337736
45	61	56	39	-2.43	0.0341152
45	61	39	55	1.75	0.0357143
45	61	55	38	-1.58	0.0363291
45	61	38	54	1.31	0.0376336
45	61	54	37	-1.18	0.0384746
45	61	37	53	1.17	0.038547
45	61	53	36	-1.06	0.039434
44	60	43	59	62.71	0.0301595
44	60	59	42	-41.67	0.03024
44	60	42	58	31.92	0.0303133
44	60	58	41	-19.84	0.030504
44	60	41	57	12.46	0.0308026
44	60	57	40	-9.98	0.031002
44	60	40	56	4.21	0.0323753
44	60	56	39	-3.8	0.0326316
44	60	39	55	2.63	0.0338023
44	60	55	38	-2.32	0.0343103
44	60	38	54	1.92	0.0352083
44	60	54	37	-1.66	0.0360241
44	60	37	53	1.65	0.0360606
44	60	53	36	-1.42	0.0370423
44	60	36	52	1.26	0.0379365
44	60	52	35	-1.13	0.0388496
43	59	42	58	54.99	0.0301819
43	59	58	41	-32.42	0.0303085
43	59	41	57	20.23	0.0304943
43	59	57	40	-15.75	0.0306349
43	59	40	56	6.45	0.0315504
43	59	56	39	-5.74	0.0317422
43	59	39	55	4.11	0.0324331
43	59	55	38	-3.61	0.0327701
43	59	38	54	2.83	0.0335336
43	59	54	37	-2.39	0.0341841
43	59	37	53	2.37	0.0342194
43	59	53	36	-1.99	0.0350251
43	59	36	52	1.76	0.0356818
43	59	52	35	-1.56	0.0364103
43	59	35	51	1.4	0.0371429
43	59	51	34	-1.31	0.0376336
42	58	41	57	33.94	0.0302946
42	58	57	40	-25.55	0.0303914
42	58	40	56	9.94	0.031006
42	58	56	39	-8.74	0.0311442
42	58	39	55	6.16	0.0316234
42	58	55	38	-5.37	0.0318622
42	58	38	54	4.3	0.0323256
42	58	54	37	-3.57	0.0328011
42	58	37	53	3.48	0.0328736
42	58	53	36	-2.89	0.0334602
42	58	36	52	2.54	0.033937
42	58	52	35	-2.21	0.0345249
42	58	35	51	1.96	0.035102
42	58	51	34	-1.83	0.0354645
42	58	34	50	1.75	0.0357143
42	58	50	33	-1.57	0.0363694
41	57	40	56	15.72	0.0306361
41	57	56	39	-13.5	0.0307407
41	57	39	55	9.03	0.0311074
41	57	55	38	-7.86	0.0312723
41	57	38	54	6.08	0.0316447
41	57	54	37	-5.04	0.0319841
41	57	37	53	4.86	0.0320576
41	57	53	36	-4.03	0.0324814
41	57	36	52	3.42	0.032924
41	57	52	35	-2.97	0.033367
41	57	35	51	2.54	0.033937
41	57	51	34	-2.36	0.0342373
41	57	34	50	2.21	0.0345249
41	57	50	33	-2	0.035
41	57	33	49	1.94	0.0351546
40	56	39	55	12.15	0.030823
40	56	55	38	-10.39	0.0309625
40	56	38	54	7.82	0.0312788
40	56	54	37	-6.62	0.0315106
40	56	37	53	6.27	0.0315949
40	56	53	36	-5.42	0.031845
40	56	36	52	4.34	0.0323041
40	56	52	35	-3.92	0.032551
40	56	35	51	3.03	0.0333003
40	56	51	34	-2.86	0.0334965
40	56	34	50	2.56	0.0339062
40	56	50	33	-2.34	0.0342735
40	56	33	49	2.2	0.0345455
39	55	38	54	13.16	0.0307599
39	55	54	37	-10.01	0.030999
39	55	37	53	9.14	0.0310941
39	55	53	36	-7.62	0.0313123
39	55	36	52	5.89	0.0316978
39	55	52	35	-5.28	0.0318939
39	55	35	51	3.92	0.032551
39	55	51	34	-3.71	0.0326954
39	55	34	50	3.21	0.0331153
39	55	50	33	-2.94	0.0334014
39	55	33	49	2.73	0.033663
38	54	37	53	51.21	0.0301953
38	54	53	36	-22.88	0.0304371
38	54	36	52	19.4	0.0305155
38	54	52	35	-12.75	0.0307843
38	54	35	51	10.25	0.0309756
38	54	51	34	-8.61	0.0311614
38	54	34	50	7.78	0.0312853
38	54	50	33	-6.73	0.0314859
38	54	33	49	6.15	0.031626
37	53	36	52	64.28	0.0301556
37	53	52	35	-35.68	0.0302803
37	53	35	51	27.14	0.0303685
37	53	51	34	-21.16	0.0304726
37	53	34	50	19.1	0.0305236
37	53	50	33	-15.78	0.0306337
37	53	33	49	14.97	0.030668
34	50	33	49	276.91	0.0300361
64	80	63	79	39.74	0.0302516
64	80	79	62	-33.3	0.0303003
64	80	62	78	23.04	0.030434
64	80	78	61	-18.65	0.0305362
64	80	61	77	14.55	0.0306873
64	80	77	60	-11.61	0.0308613
64	80	60	76	9.97	0.031003
64	80	76	59	-7.69	0.0313004
64	80	59	75	6.78	0.0314749
64	80	75	58	-5.03	0.0319881
64	80	58	74	4.58	0.0321834
64	80	74	57	-3.12	0.0332051
64	80	57	73	2.83	0.0335336
64	80	73	56	-1.65	0.0360606
64	80	56	72	1.49	0.0367114
64	80	72	55	-1.24	0.0380645
63	79	62	78	72.93	0.0301371
63	79	78	61	-64.29	0.0301555
63	79	61	77	35.34	0.030283
63	79	77	60	-29.85	0.030335
63	79	60	76	21.96	0.0304554
63	79	76	59	-17.84	0.0305605
63	79	59	75	14.31	0.0306988
63	79	75	58	-11.14	0.0308977
63	79	58	74	8.16	0.0312255
63	79	74	57	-5.92	0.0316892
63	79	57	73	4.93	0.0320284
63	79	73	56	-3.15	0.0331746
63	79	56	72	2.58	0.033876
63	79	72	55	-2.22	0.0345045
63	79	55	71	1.91	0.0352356
63	79	71	54	-1.72	0.035814
62	78	61	77	67.29	0.0301486
62	78	77	60	-59.44	0.0301682
62	78	60	76	35.37	0.0302827
62	78	76	59	-29.84	0.0303351
62	78	59	75	21.58	0.0304634
62	78	75	58	-17.42	0.0305741
62	78	58	74	13.56	0.0307375
62	78	74	57	-10.29	0.0309718
62	78	57	73	7.11	0.0314065
62	78	73	56	-4.81	0.032079
62	78	56	72	3.7	0.0327027
62	78	72	55	-3.25	0.0330769
62	78	55	71	2.66	0.0337594
62	78	71	54	-2.43	0.0341152
62	78	54	70	1.96	0.035102
62	78	70	53	-1.81	0.0355249
61	77	60	76	74.49	0.0301342
61	77	76	59	-65.79	0.030152
61	77	59	75	37.5	0.0302667
61	77	75	58	-31.35	0.030319
61	77	58	74	21.92	0.0304562
61	77	74	57	-17.17	0.0305824
61	77	57	73	12.47	0.0308019
61	77	73	56	-8.77	0.0311403
61	77	56	72	5.66	0.0317668
61	77	72	55	-5.03	0.0319881
61	77	55	71	3.94	0.0325381
61	77	71	54	-3.61	0.0327701
61	77	54	70	2.78	0.0335971
61	77	70	53	-2.58	0.033876
61	77	53	69	2.21	0.0345249
61	77	69	52	-1.79	0.0355866
60	76	59	75	75.88	0.0301318
60	76	75	58	-66.25	0.0301509
60	76	58	74	36.93	0.0302708
60	76	74	57	-29.89	0.0303346
60	76	57	73	19.58	0.0305107
60	76	73	56	-14.13	0.0307077
60	76	56	72	9.48	0.0310549
60	76	72	55	-8.49	0.0311779
60	76	55	71	5.69	0.0317575
60	76	71	54	-5.22	0.0319157
60	76	54	70	3.86	0.0325907
60	76	70	53	-3.59	0.0327855
60	76	53	69	2.97	0.033367
60	76	69	52	-2.46	0.034065
60	76	52	68	2.37	0.0342194
60	76	68	51	-1.83	0.0354645
59	75	58	74	76.44	0.0301308
59	75	74	57	-64.85	0.0301542
59	75	57	73	33.56	0.030298
59	75	73	56	-24.93	0.0304011
59	75	56	72	14.93	0.0306698
59	75	72	55	-13.4	0.0307463
59	75	55	71	9.54	0.0310482
59	75	71	54	-8.76	0.0311416
59	75	54	70	5.56	0.0317986
59	75	70	53	-5.17	0.0319342
59	75	53	69	4.16	0.0324038
59	75	69	52	-3.46	0.0328902
59	75	52	68	3.25	0.0330769
59	75	68	51	-2.54	0.033937
59	75	51	67	2.43	0.0341152
59	75	67	50	-2.17	0.0346083
58	74	57	73	68.95	0.030145
58	74	73	56	-54.47	0.0301836
58	74	56	72	25.17	0.0303973
58	74	72	55	-22.77	0.0304392
58	74	55	71	14.85	0.0306734
58	74	71	54	-13.63	0.0307337
58	74	54	70	9.06	0.0311038
58	74	70	53	-8.45	0.0311834
58	74	53	69	5.84	0.0317123
58	74	69	52	-4.89	0.032045
58	74	52	68	4.46	0.0322422
58	74	68	51	-3.5	0.0328571
58	74	51	67	3.28	0.0330488
58	74	67	50	-2.94	0.0334014
58	74	50	66	2.8	0.0335714
58	74	66	49	-2.58	0.033876
57	73	56	72	54.32	0.0301841
57	73	72	55	-49.9	0.0302004
57	73	55	71	25.73	0.0303887
57	73	71	54	-23.75	0.0304211
57	73	54	70	14.07	0.0307107
57	73	70	53	-13.15	0.0307605
57	73	53	69	9.56	0.031046
57	73	69	52	-8.11	0.031233
57	73	52	68	6.32	0.0315823
57	73	68	51	-5.03	0.0319881
57	73	51	67	4.53	0.0322075
57	73	67	50	-4.07	0.032457
57	73	50	66	3.77	0.0326525
57	73	66	49	-3.48	0.0328736
57	73	49	65	3.39	0.0329499
56	72	55	71	51.88	0.0301928
56	72	71	54	-48.89	0.0302045
56	72	54	70	22.55	0.0304435
56	72	70	53	-21.3	0.0304695
56	72	53	69	13.99	0.0307148
56	72	69	52	-12.03	0.0308313
56	72	52	68	9.92	0.0310081
56	72	68	51	-8.02	0.0312469
56	72	51	67	6.13	0.0316313
56	72	67	50	-5.54	0.0318051
56	72	50	66	4.95	0.0320202
56	72	66	49	-4.58	0.0321834
56	72	49	65	4.39	0.0322779
55	71	54	70	47.81	0.0302092
55	71	70	53	-45.71	0.0302188
55	71	53	69	22.07	0.0304531
55	71	69	52	-19.35	0.0305168
55	71	52	68	14.25	0.0307018
55	71	68	51	-11.78	0.0308489
55	71	51	67	9.42	0.0310616
55	71	67	50	-8.59	0.0311641
55	71	50	66	6.4	0.0315625
55	71	66	49	-5.95	0.0316807
55	71	49	65	5.55	0.0318018
54	70	53	69	42.5	0.0302353
54	70	69	52	-38.2	0.0302618
54	70	52	68	22.6	0.0304425
54	70	68	51	-19.16	0.0305219
54	70	51	67	13.69	0.0307305
54	70	67	50	-12.6	0.0307937
54	70	50	66	9.68	0.0310331
54	70	66	49	-9.04	0.0311062
54	70	49	65	7.15	0.0313986
53	69	52	68	49.82	0.0302007
53	69	68	51	-40.98	0.030244
53	69	51	67	23.44	0.0304266
53	69	67	50	-21.37	0.0304679
53	69	50	66	14.68	0.0306812
53	69	66	49	-13.62	0.0307342
53	69	49	65	11.72	0.0308532
52	68	51	67	89.59	0.0301116
52	68	67	50	-71.54	0.0301398
52	68	50	66	42.86	0.0302333
52	68	66	49	-37.06	0.0302698
52	68	49	65	31.18	0.0303207
80	96	79	95	38.51	0.0302597
80	96	95	78	-28.48	0.0303511
80	96	78	94	15.44	0.0306477
80	96	94	77	-11.72	0.0308532
80	96	77	93	7.37	0.0313569
80	96	93	76	-5.98	0.0316722
80	96	76	92	4.09	0.032445
80	96	92	75	-3.4	0.0329412
80	96	75	91	2.45	0.0340816
80	96	91	74	-2.08	0.0348077
80	96	74	90	1.55	0.0364516
80	96	90	73	-1.35	0.0374074
80	96	73	89	1.03	0.0397087
80	96	89	72	-0.92	0.0408696
80	96	72	88	0.72	0.0438889
80	96	88	71	-0.68	0.0447059
79	95	78	94	85.05	0.0301176
79	95	94	77	-56.15	0.0301781
79	95	77	93	29.96	0.0303338
79	95	93	76	-22.47	0.030445
79	95	76	92	14.34	0.0306974
79	95	92	75	-11.16	0.0308961
79	95	75	91	7.76	0.0312887
79	95	91	74	-6.22	0.0316077
79	95	74	90	4.04	0.0324752
79	95	90	73	-3.28	0.0330488
79	95	73	89	2.45	0.0340816
79	95	89	72	-2.06	0.0348544
79	95	72	88	1.59	0.0362893
79	95	88	71	-1.43	0.036993
79	95	71	87	1.12	0.0389286
79	95	87	70	-1.02	0.0398039
78	94	77	93	83.34	0.03012
78	94	93	76	-59.35	0.0301685
78	94	76	92	31.99	0.0303126
78	94	92	75	-24.16	0.0304139
78	94	75	91	15.73	0.0306357
78	94	91	74	-12.32	0.0308117
78	94	74	90	8.61	0.0311614
78	94	90	73	-6.85	0.0314599
78	94	73	89	4.48	0.0322321
78	94	89	72	-3.68	0.0327174
78	94	72	88	2.78	0.0335971
78	94	88	71	-2.45	0.0340816
78	94	71	87	1.88	0.0353191
78	94	87	70	-1.69	0.0359172
78	94	70	86	1.38	0.0372464
78	94	86	69	-1.29	0.0377519
77	93	76	92	89.52	0.0301117
77	93	92	75	-61.27	0.0301632
77	93	75	91	34.48	0.03029
77	93	91	74	-25.59	0.0303908
77	93	74	90	16.91	0.0305914
77	93	90	73	-12.89	0.0307758
77	93	73	89	9.07	0.0311025
77	93	89	72	-7.18	0.0313928
77	93	72	88	4.79	0.0320877
77	93	88	71	-4.1	0.032439
77	93	71	87	3.1	0.0332258
77	93	87	70	-2.69	0.0337175
77	93	70	86	2.17	0.0346083
77	93	86	69	-1.99	0.0350251
77	93	69	85	1.65	0.0360606
77	93	85	68	-1.47	0.0368027
76	92	75	91	92.16	0.0301085
76	92	91	74	-63.01	0.0301587
76	92	74	90	35.19	0.0302842
76	92	90	73	-25.67	0.0303896
76	92	73	89	16.85	0.0305935
76	92	89	72	-12.89	0.0307758
76	92	72	88	9.15	0.0310929
76	92	88	71	-7.65	0.0313072
76	92	71	87	5.06	0.0319763
76	92	87	70	-4.28	0.0323364
76	92	70	86	3.37	0.0329674
76	92	86	69	-3.03	0.0333003
76	92	69	85	2.47	0.0340486
76	92	85	68	-2.2	0.0345455
76	92	68	84	1.85	0.0354054
76	92	84	67	-1.67	0.035988
75	91	74	90	92.8	0.0301078
75	91	90	73	-62.04	0.0301612
75	91	73	89	34.17	0.0302927
75	91	89	72	-24.97	0.0304005
75	91	72	88	16.43	0.0306086
75	91	88	71	-13.37	0.0307479
75	91	71	87	9.39	0.031065
75	91	87	70	-7.71	0.031297
75	91	70	86	5.32	0.0318797
75	91	86	69	-4.68	0.0321368
75	91	69	85	3.73	0.032681
75	91	85	68	-3.28	0.0330488
75	91	68	84	2.71	0.03369
75	91	84	67	-2.44	0.0340984
75	91	67	83	2.06	0.0348544
75	91	83	66	-1.84	0.0354348
74	90	73	89	89.09	0.0301122
74	90	89	72	-60.22	0.0301661
74	90	72	88	32.81	0.0303048
74	90	88	71	-26	0.0303846
74	90	71	87	16.75	0.030597
74	90	87	70	-13.29	0.0307524
74	90	70	86	9.66	0.0310352
74	90	86	69	-8.3	0.0312048
74	90	69	85	5.78	0.0317301
74	90	85	68	-5.03	0.0319881
74	90	68	84	4.06	0.0324631
74	90	84	67	-3.61	0.0327701
74	90	67	83	3	0.0333333
74	90	83	66	-2.67	0.0337453
74	90	66	82	2.36	0.0342373
74	90	82	65	-2.21	0.0345249
73	89	72	88	87.06	0.0301149
73	89	88	71	-63.55	0.0301574
73	89	71	87	34.14	0.0302929
73	89	87	70	-25.78	0.0303879
73	89	70	86	17.3	0.030578
73	89	86	69	-14.33	0.0306978
73	89	69	85	10.51	0.0309515
73	89	85	68	-9.01	0.0311099
73	89	68	84	6.36	0.0315723
73	89	84	67	-5.59	0.0317889
73	89	67	83	4.53	0.0322075
73	89	83	66	-3.97	0.0325189
73	89	66	82	3.45	0.0328986
73	89	82	65	-3.21	0.0331153
73	89	65	81	2.96	0.0333784
72	88	67	83	6.82	0.0314663
72	88	83	66	-5.91	0.031692
72	88	66	82	5.01	0.031996
72	88	82	65	-4.64	0.0321552
72	88	65	81	4.2	0.032381
71	87	66	82	7.69	0.0313004
71	87	82	65	-7.07	0.0314144
71	87	65	81	6.27	0.0315949
70	86	65	81	9.53	0.0310493
96	112	95	111	40.93	0.0302443
96	112	111	94	-27.65	0.0303617
96	112	94	110	16.94	0.0305903
96	112	110	93	-12.55	0.0307968
96	112	93	109	8.64	0.0311574
96	112	109	92	-6.7	0.0314925
96	112	92	108	4.89	0.032045
96	112	108	91	-3.91	0.0325575
96	112	91	107	2.95	0.0333898
96	112	107	90	-2.39	0.0341841
96	112	90	106	1.83	0.0354645
96	112	106	89	-1.49	0.0367114
96	112	89	105	1.2	0.0383333
96	112	105	88	-1	0.04
96	112	88	104	0.83	0.0420482
96	112	104	87	-0.7	0.0442857
95	111	94	110	84.29	0.0301186
95	111	110	93	-58	0.0301724
95	111	93	109	32.74	0.0303054
95	111	109	92	-24.81	0.0304031
95	111	92	108	15.93	0.0306277
95	111	108	91	-12.44	0.0308039
95	111	91	107	8.66	0.0311547
95	111	107	90	-6.85	0.0314599
95	111	90	106	4.37	0.0322883
95	111	106	89	-3.46	0.0328902
95	111	89	105	2.66	0.0337594
95	111	105	88	-2.13	0.0346948
95	111	88	104	1.73	0.0357803
95	111	104	87	-1.39	0.0371942
95	111	87	103	1.19	0.0384034
95	111	103	86	-0.99	0.040101
94	110	93	109	94.14	0.0301062
94	110	109	92	-66.42	0.0301506
94	110	92	108	37.75	0.0302649
94	110	108	91	-29.22	0.0303422
94	110	91	107	18.69	0.030535
94	110	107	90	-14.85	0.0306734
94	110	90	106	9.85	0.0310152
94	110	106	89	-7.87	0.0312706
94	110	89	105	5.13	0.0319493
94	110	105	88	-4.15	0.0324096
94	110	88	104	3.2	0.033125
94	110	104	87	-2.61	0.0338314
94	110	87	103	2.14	0.0346729
94	110	103	86	-1.79	0.0355866
94	110	86	102	1.5	0.0366667
94	110	102	85	-1.28	0.0378125
93	109	92	108	97.51	0.0301026
93	109	108	91	-70.49	0.0301419
93	109	91	107	39.74	0.0302516
93	109	107	90	-30.9	0.0303236
93	109	90	106	18.78	0.0305325
93	109	106	89	-14.83	0.0306743
93	109	89	105	10.23	0.0309775
93	109	105	88	-8.23	0.0312151
93	109	88	104	5.48	0.0318248
93	109	104	87	-4.45	0.0322472
93	109	87	103	3.53	0.0328329
93	109	103	86	-2.94	0.0334014
93	109	86	102	2.41	0.0341494
93	109	102	85	-2.05	0.034878
93	109	85	101	1.69	0.0359172
93	109	101	84	-1.45	0.0368966
92	108	91	107	99.16	0.0301008
92	108	107	90	-71.04	0.0301408
92	108	90	106	37.37	0.0302676
92	108	106	89	-28.44	0.0303516
92	108	89	105	18.39	0.0305438
92	108	105	88	-14.5	0.0306897
92	108	88	104	10.33	0.0309681
92	108	104	87	-8.25	0.0312121
92	108	87	103	5.7	0.0317544
92	108	103	86	-4.7	0.0321277
92	108	86	102	3.75	0.0326667
92	108	102	85	-3.15	0.0331746
92	108	85	101	2.56	0.0339062
92	108	101	84	-2.17	0.0346083
92	108	84	100	1.84	0.0354348
92	108	100	83	-1.56	0.0364103
91	107	90	106	93.45	0.030107
91	107	106	89	-65.36	0.030153
91	107	89	105	36.4	0.0302747
91	107	105	88	-27.73	0.0303606
91	107	88	104	18.47	0.0305414
91	107	104	87	-14.46	0.0306916
91	107	87	103	10.66	0.0309381
91	107	103	86	-8.7	0.0311494
91	107	86	102	6.03	0.0316584
91	107	102	85	-5.03	0.0319881
91	107	85	101	3.95	0.0325316
91	107	101	84	-3.34	0.032994
91	107	84	100	2.75	0.0336364
91	107	100	83	-2.33	0.0342918
91	107	83	99	2.02	0.0349505
91	107	99	82	-1.76	0.0356818
90	106	89	105	95.21	0.030105
90	106	105	88	-67.54	0.0301481
90	106	88	104	37.58	0.0302661
90	106	104	87	-28.52	0.0303506
90	106	87	103	19.42	0.0305149
90	106	103	86	-15.63	0.0306398
90	106	86	102	11.41	0.0308764
90	106	102	85	-9.44	0.0310593
90	106	85	101	6.37	0.0315699
90	106	101	84	-5.34	0.0318727
90	106	84	100	4.24	0.0323585
90	106	100	83	-3.57	0.0328011
90	106	83	99	3.01	0.0333223
90	106	99	82	-2.62	0.0338168
90	106	82	98	2.3	0.0343478
90	106	98	81	-2.1	0.0347619
89	105	88	104	97.32	0.0301028
89	105	104	87	-67.8	0.0301475
89	105	87	103	39.07	0.030256
89	105	103	86	-30.47	0.0303282
89	105	86	102	20.55	0.0304866
89	105	102	85	-16.67	0.0305999
89	105	85	101	11.88	0.0308418
89	105	101	84	-9.81	0.0310194
89	105	84	100	6.73	0.0314859
89	105	100	83	-5.6	0.0317857
89	105	83	99	4.58	0.0321834
89	105	99	82	-3.95	0.0325316
89	105	82	98	3.4	0.0329412
89	105	98	81	-3.08	0.0332468
89	105	81	97	2.79	0.0335842
88	104	87	103	100.97	0.030099
88	104	103	86	-73.49	0.0301361
88	104	86	102	41.02	0.0302438
88	104	102	85	-32.4	0.0303086
88	104	85	101	20.97	0.0304769
88	104	101	84	-16.95	0.03059
88	104	84	100	12.21	0.030819
88	104	100	83	-9.96	0.031004
88	104	83	99	7.06	0.0314164
88	104	99	82	-6	0.0316667
88	104	82	98	5.03	0.0319881
88	104	98	81	-4.52	0.0322124
88	104	81	97	4.01	0.0324938
87	103	82	98	7.6	0.0313158
87	103	98	81	-6.74	0.0314837
87	103	81	97	5.86	0.0317065
86	102	81	97	8.84	0.0311312
112	128	111	127	38.87	0.0302573
112	128	127	110	-28.13	0.0303555
112	128	110	126	16.13	0.03062
112	128	126	109	-12.27	0.030815
112	128	109	125	8.29	0.0312063
112	128	125	108	-6.54	0.0315291
112	128	108	124	4.71	0.0321231
112	128	124	107	-3.8	0.0326316
112	128	107	123	2.82	0.0335461
112	128	123	106	-2.28	0.034386
112	128	106	122	1.75	0.0357143
112	128	122	105	-1.48	0.0367568
112	128	105	121	1.18	0.0384746
112	128	121	104	-1.03	0.0397087
112	128	104	120	0.82	0.0421951
112	128	120	103	-0.73	0.0436986
111	127	110	126	82.35	0.0301214
111	127	126	109	-56.93	0.0301757
111	127	109	125	32.78	0.0303051
111	127	125	108	-23.91	0.0304182
111	127	108	124	15.92	0.0306281
111	127	124	107	-12.25	0.0308163
111	127	107	123	8.57	0.0311669
111	127	123	106	-6.67	0.0314993
111	127	106	122	4.35	0.0322989
111	127	122	105	-3.58	0.0327933
111	127	105	121	2.72	0.0336765
111	127	121	104	-2.34	0.0342735
111	127	104	120	1.78	0.035618
111	127	120	103	-1.58	0.0363291
111	127	103	119	1.23	0.0381301
111	127	119	102	-1.11	0.039009
110	126	109	125	93.28	0.0301072
110	126	125	108	-64.45	0.0301552
110	126	108	124	38.11	0.0302624
110	126	124	107	-27.68	0.0303613
110	126	107	123	18.66	0.0305359
110	126	123	106	-13.74	0.0307278
110	126	106	122	9.82	0.0310183
110	126	122	105	-7.74	0.031292
110	126	105	121	5.24	0.0319084
110	126	121	104	-4.33	0.0323095
110	126	104	120	3.29	0.0330395
110	126	120	103	-2.83	0.0335336
110	126	103	119	2.2	0.0345455
110	126	119	102	-1.93	0.0351813
110	126	102	118	1.52	0.0365789
110	126	118	101	-1.35	0.0374074
109	125	108	124	100.62	0.0300994
109	125	124	107	-69.77	0.0301433
109	125	107	123	40.48	0.030247
109	125	123	106	-28.34	0.0303529
109	125	106	122	19.05	0.0305249
109	125	122	105	-14.56	0.0306868
109	125	105	121	10.64	0.0309398
109	125	121	104	-8.58	0.0311655
109	125	104	120	5.7	0.0317544
109	125	120	103	-4.79	0.0320877
109	125	103	119	3.69	0.03271
109	125	119	102	-3.16	0.0331646
109	125	102	118	2.47	0.0340486
109	125	118	101	-2.16	0.0346296
109	125	101	117	1.72	0.035814
109	125	117	100	-1.53	0.0365359
108	124	107	123	100.23	0.0300998
108	124	123	106	-66.13	0.0301512
108	124	106	122	37.99	0.0302632
108	124	122	105	-28	0.0303571
108	124	105	121	19.58	0.0305107
108	124	121	104	-15.14	0.0306605
108	124	104	120	10.82	0.0309242
108	124	120	103	-8.93	0.0311198
108	124	103	119	5.99	0.0316694
108	124	119	102	-5.05	0.0319802
108	124	102	118	3.87	0.032584
108	124	118	101	-3.32	0.033012
108	124	101	117	2.61	0.0338314
108	124	117	100	-2.29	0.0343668
108	124	100	116	1.84	0.0354348
108	124	116	99	-1.67	0.035988
107	123	106	122	93.57	0.0301069
107	123	122	105	-64.41	0.0301553
107	123	105	121	37.94	0.0302636
107	123	121	104	-28.77	0.0303476
107	123	104	120	19.21	0.0305206
107	123	120	103	-15.46	0.0306468
107	123	103	119	11.16	0.0308961
107	123	119	102	-9.19	0.0310881
107	123	102	118	6.17	0.0316207
107	123	118	101	-5.18	0.0319305
107	123	101	117	4	0.0325
107	123	117	100	-3.44	0.032907
107	123	100	116	2.72	0.0336765
107	123	116	99	-2.44	0.0340984
107	123	99	115	1.71	0.035848
107	123	115	98	-1.54	0.0364935
106	122	105	121	97.77	0.0301023
106	122	121	104	-67.71	0.0301477
106	122	104	120	38.41	0.0302603
106	122	120	103	-29.36	0.0303406
106	122	103	119	20.03	0.0304993
106	122	119	102	-15.85	0.0306309
106	122	102	118	11.5	0.0308696
106	122	118	101	-9.3	0.0310753
106	122	101	117	6.36	0.0315723
106	122	117	100	-5.29	0.0318904
106	122	100	116	4.14	0.0324155
106	122	116	99	-3.61	0.0327701
106	122	99	115	2.51	0.0339841
106	122	115	98	-2.21	0.0345249
106	122	98	114	2.57	0.0338911
106	122	114	97	-2.4	0.0341667
105	121	104	120	94.39	0.0301059
105	121	120	103	-65.63	0.0301524
105	121	103	119	38.98	0.0302565
105	121	119	102	-29.21	0.0303423
105	121	102	118	20.06	0.0304985
105	121	118	101	-15.5	0.0306452
105	121	101	117	11.41	0.0308764
105	121	117	100	-9.15	0.0310929
105	121	100	116	6.34	0.0315773
105	121	116	99	-5.36	0.0318657
105	121	99	115	3.67	0.0327248
105	121	115	98	-3.13	0.0331949
105	121	98	114	3.69	0.03271
105	121	114	97	-3.39	0.0329499
105	121	97	113	2.52	0.0339683
104	120	103	119	101.28	0.0300987
104	120	119	102	-68.72	0.0301455
104	120	102	118	40.25	0.0302484
104	120	118	101	-29.28	0.0303415
104	120	101	117	20.2	0.030495
104	120	117	100	-15.56	0.0306427
104	120	100	116	11.52	0.0308681
104	120	116	99	-9.47	0.031056
104	120	99	115	5.55	0.0318018
104	120	115	98	-4.58	0.0321834
104	120	98	114	5.51	0.0318149
104	120	114	97	-5.01	0.031996
104	120	97	113	3.58	0.0327933
103	119	102	118	103.64	0.0300965
103	119	118	101	-69.01	0.0301449
103	119	101	117	39.91	0.0302506
103	119	117	100	-29.2	0.0303425
103	119	100	116	20.13	0.0304968
103	119	116	99	-16.03	0.0306238
103	119	99	115	9.83	0.0310173
103	119	115	98	-7.85	0.0312739
103	119	98	114	8.74	0.0311442
103	119	114	97	-7.84	0.0312755
103	119	97	113	5.29	0.0318904
102	118	101	117	105.68	0.0300946
102	118	117	100	-70.39	0.0301421
102	118	100	116	40.45	0.0302472
102	118	116	99	-30.62	0.0303266
102	118	99	115	16.93	0.0305907
102	118	115	98	-12.78	0.0307825
102	118	98	114	16.61	0.030602
102	118	114	97	-14.68	0.0306812
102	118	97	113	8.17	0.031224
128	144	127	143	55.17	0.0301813
128	144	143	126	-42.79	0.0302337
128	144	126	142	20.81	0.0304805
128	144	142	125	-16.67	0.0305999
128	144	125	141	10.24	0.0309766
128	144	141	124	-8.39	0.0311919
128	144	124	140	5.61	0.0317825
128	144	140	123	-4.69	0.0321322
128	144	123	139	2.88	0.0334722
128	144	139	122	-2.47	0.0340486
128	144	122	138	1.81	0.0355249
128	144	138	121	-1.6	0.03625
128	144	121	137	1.22	0.0381967
128	144	137	120	-1.08	0.0392593
128	144	120	136	0.85	0.0417647
128	144	136	119	-0.76	0.0431579
127	143	126	142	84.52	0.0301183
127	143	142	125	-59.64	0.0301677
127	143	125	141	32.99	0.0303031
127	143	141	124	-24.95	0.0304008
127	143	124	140	16.18	0.030618
127	143	140	123	-12.59	0.0307943
127	143	123	139	8.76	0.0311416
127	143	139	122	-7.05	0.0314184
127	143	122	138	4.6	0.0321739
127	143	138	121	-3.83	0.032611
127	143	121	137	2.93	0.033413
127	143	137	120	-2.46	0.034065
127	143	120	136	1.95	0.0351282
127	143	136	119	-1.66	0.0360241
127	143	119	135	1.35	0.0374074
127	143	135	118	-1.16	0.0386207
126	142	125	141	92.1	0.0301086
126	142	141	124	-65.31	0.0301531
126	142	124	140	36.35	0.0302751
126	142	140	123	-27.35	0.0303656
126	142	123	139	17.82	0.0305612
126	142	139	122	-13.99	0.0307148
126	142	122	138	9.87	0.0310132
126	142	138	121	-8.07	0.0312392
126	142	121	137	5.36	0.0318657
126	142	137	120	-4.41	0.0322676
126	142	120	136	3.43	0.0329155
126	142	136	119	-2.87	0.0334843
126	142	119	135	2.31	0.034329
126	142	135	118	-1.95	0.0351282
126	142	118	134	1.59	0.0362893
126	142	134	117	-1.37	0.0372993
125	141	124	140	97.27	0.0301028
125	141	140	123	-67.63	0.0301479
125	141	123	139	37.75	0.0302649
125	141	139	122	-28.51	0.0303508
125	141	122	138	18.8	0.0305319
125	141	138	121	-14.96	0.0306684
125	141	121	137	10.74	0.0309311
125	141	137	120	-8.65	0.0311561
125	141	120	136	5.9	0.0316949
125	141	136	119	-4.84	0.0320661
125	141	119	135	3.82	0.0326178
125	141	135	118	-3.17	0.0331546
125	141	118	134	2.55	0.0339216
125	141	134	117	-2.16	0.0346296
125	141	117	133	1.79	0.0355866
125	141	133	116	-1.55	0.0364516
124	140	123	139	95.85	0.0301043
124	140	139	122	-67.4	0.0301484
124	140	122	138	37.91	0.0302638
124	140	138	121	-29.17	0.0303428
124	140	121	137	19.58	0.0305107
124	140	137	120	-15.35	0.0306515
124	140	120	136	11.22	0.0308913
124	140	136	119	-9.04	0.0311062
124	140	119	135	6.2	0.0316129
124	140	135	118	-5.06	0.0319763
124	140	118	134	3.98	0.0325126
124	140	134	117	-3.32	0.033012
124	140	117	133	2.7	0.0337037
124	140	133	116	-2.32	0.0343103
124	140	116	132	1.95	0.0351282
124	140	132	115	-1.54	0.0364935
123	139	122	138	93.69	0.0301067
123	139	138	121	-66.88	0.0301495
123	139	121	137	38.61	0.030259
123	139	137	120	-29.09	0.0303438
123	139	120	136	19.99	0.0305003
123	139	136	119	-15.69	0.0306373
123	139	119	135	11.6	0.0308621
123	139	135	118	-9.3	0.0310753
123	139	118	134	6.31	0.0315848
123	139	134	117	-5.17	0.0319342
123	139	117	133	4.12	0.0324272
123	139	133	116	-3.48	0.0328736
123	139	116	132	2.88	0.0334722
123	139	132	115	-2.23	0.0344843
123	139	115	131	1.87	0.0353476
123	139	131	114	-2.13	0.0346948
122	138	121	137	95.31	0.0301049
122	138	137	120	-65.75	0.0301521
122	138	120	136	38.84	0.0302575
122	138	136	119	-29.41	0.03034
122	138	119	135	20.34	0.0304916
122	138	135	118	-15.91	0.0306285
122	138	118	134	11.66	0.0308576
122	138	134	117	-9.41	0.0310627
122	138	117	133	6.46	0.031548
122	138	133	116	-5.37	0.0318622
122	138	116	132	4.34	0.0323041
122	138	132	115	-3.29	0.0330395
122	138	115	131	2.71	0.03369
122	138	131	114	-3.11	0.0332154
122	138	114	130	2.77	0.0336101
122	138	130	113	-2.17	0.0346083
121	137	120	136	93.8	0.0301066
121	137	136	119	-66.71	0.0301499
121	137	119	135	38.99	0.0302565
121	137	135	118	-29.69	0.0303368
121	137	118	134	20.11	0.0304973
121	137	134	117	-15.94	0.0306274
121	137	117	133	11.7	0.0308547
121	137	133	116	-9.62	0.0310395
121	137	116	132	6.64	0.031506
121	137	132	115	-4.97	0.0320121
121	137	115	131	3.96	0.0325253
121	137	131	114	-4.58	0.0321834
121	137	114	130	4.01	0.0324938
121	137	130	113	-3.09	0.0332362
121	137	113	129	2.74	0.0336496
120	136	119	135	96.49	0.0301036
120	136	135	118	-67.46	0.0301482
120	136	118	134	38.96	0.0302567
120	136	134	117	-29.7	0.0303367
120	136	117	133	20.26	0.0304936
120	136	133	116	-16.21	0.0306169
120	136	116	132	12.12	0.0308251
120	136	132	115	-8.81	0.0311351
120	136	115	131	6.03	0.0316584
120	136	131	114	-7.06	0.0314164
120	136	114	130	6.09	0.031642
120	136	130	113	-4.54	0.0322026
120	136	113	129	3.97	0.0325189
119	135	118	134	98.55	0.0301015
119	135	134	117	-68.85	0.0301452
119	135	117	133	39.4	0.0302538
119	135	133	116	-30.22	0.0303309
119	135	116	132	21.05	0.0304751
119	135	132	115	-14.7	0.0306803
119	135	115	131	10.74	0.0309311
119	135	131	114	-12.84	0.0307788
119	135	114	130	9.57	0.0310449
119	135	130	113	-6.83	0.0314641
119	135	113	129	5.86	0.0317065
118	134	113	129	8.88	0.0311261
