144# Number of sensors
#x	z
1.75	-0.1
1.75	-0.2
1.75	-0.3
1.75	-0.4
1.75	-0.5
1.75	-0.6
1.75	-0.7
1.75	-0.8
1.75	-0.9
1.75	-1
1.75	-1.1
1.75	-1.2
1.75	-1.3
1.75	-1.4
1.75	-1.5
1.75	-1.6
2.25	-0.1
2.25	-0.2
2.25	-0.3
2.25	-0.4
2.25	-0.5
2.25	-0.6
2.25	-0.7
2.25	-0.8
2.25	-0.9
2.25	-1
2.25	-1.1
2.25	-1.2
2.25	-1.3
2.25	-1.4
2.25	-1.5
2.25	-1.6
2.75	-0.1
2.75	-0.2
2.75	-0.3
2.75	-0.4
2.75	-0.5
2.75	-0.6
2.75	-0.7
2.75	-0.8
2.75	-0.9
2.75	-1
2.75	-1.1
2.75	-1.2
2.75	-1.3
2.75	-1.4
2.75	-1.5
2.75	-1.6
3.25	-0.1
3.25	-0.2
3.25	-0.3
3.25	-0.4
3.25	-0.5
3.25	-0.6
3.25	-0.7
3.25	-0.8
3.25	-0.9
3.25	-1
3.25	-1.1
3.25	-1.2
3.25	-1.3
3.25	-1.4
3.25	-1.5
3.25	-1.6
3.75	-0.1
3.75	-0.2
3.75	-0.3
3.75	-0.4
3.75	-0.5
3.75	-0.6
3.75	-0.7
3.75	-0.8
3.75	-0.9
3.75	-1
3.75	-1.1
3.75	-1.2
3.75	-1.3
3.75	-1.4
3.75	-1.5
3.75	-1.6
4.25	-0.1
4.25	-0.2
4.25	-0.3
4.25	-0.4
4.25	-0.5
4.25	-0.6
4.25	-0.7
4.25	-0.8
4.25	-0.9
4.25	-1
4.25	-1.1
4.25	-1.2
4.25	-1.3
4.25	-1.4
4.25	-1.5
4.25	-1.6
4.75	-0.1
4.75	-0.2
4.75	-0.3
4.75	-0.4
4.75	-0.5
4.75	-0.6
4.75	-0.7
4.75	-0.8
4.75	-0.9
4.75	-1
4.75	-1.1
4.75	-1.2
4.75	-1.3
4.75	-1.4
4.75	-1.5
4.75	-1.6
5.25	-0.1
5.25	-0.2
5.25	-0.3
5.25	-0.4
5.25	-0.5
5.25	-0.6
5.25	-0.7
5.25	-0.8
5.25	-0.9
5.25	-1
5.25	-1.1
5.25	-1.2
5.25	-1.3
5.25	-1.4
5.25	-1.5
5.25	-1.6
5.75	-0.1
5.75	-0.2
5.75	-0.3
5.75	-0.4
5.75	-0.5
5.75	-0.6
5.75	-0.7
5.75	-0.8
5.75	-0.9
5.75	-1
5.75	-1.1
5.75	-1.2
5.75	-1.3
5.75	-1.4
5.75	-1.5
5.75	-1.6
1256# Number of data
#a	b	m	n	R	err
16	32	15	31	57.79	0.030173
16	32	31	14	-37.79	0.0302646
16	32	14	30	20.04	0.030499
16	32	30	13	-16.63	0.0306013
16	32	13	29	12.96	0.0307716
16	32	29	12	-11.59	0.0308628
16	32	12	28	9.28	0.0310776
16	32	28	11	-7.12	0.0314045
16	32	11	27	5.5	0.0318182
16	32	27	10	-2.96	0.0333784
16	32	10	26	2.01	0.0349751
16	32	26	9	-1.56	0.0364103
16	32	9	25	1.05	0.0395238
16	32	25	8	-0.82	0.0421951
16	32	8	24	0.71	0.0440845
16	32	24	7	-0.63	0.045873
15	31	14	30	65.17	0.0301534
15	31	30	13	-52.88	0.0301891
15	31	13	29	39.92	0.0302505
15	31	29	12	-36.27	0.0302757
15	31	12	28	28.75	0.0303478
15	31	28	11	-21.68	0.0304613
15	31	11	27	17.19	0.0305817
15	31	27	10	-8.77	0.0311403
15	31	10	26	5.35	0.0318692
15	31	26	9	-4.04	0.0324752
15	31	9	25	2.57	0.0338911
15	31	25	8	-1.94	0.0351546
15	31	8	24	1.61	0.0362112
15	31	24	7	-1.36	0.0373529
15	31	7	23	1.35	0.0374074
15	31	23	6	-1.2	0.0383333
14	30	13	29	74.16	0.0301348
14	30	29	12	-65.32	0.0301531
14	30	12	28	50.8	0.0301969
14	30	28	11	-38.02	0.030263
14	30	11	27	29.97	0.0303337
14	30	27	10	-14.89	0.0306716
14	30	10	26	9.71	0.0310299
14	30	26	9	-7.27	0.0313755
14	30	9	25	3.84	0.0326042
14	30	25	8	-2.82	0.0335461
14	30	8	24	2.32	0.0343103
14	30	24	7	-1.9	0.0352632
14	30	7	23	1.88	0.0353191
14	30	23	6	-1.63	0.036135
14	30	6	22	1.43	0.036993
14	30	22	5	-1.24	0.0380645
13	29	12	28	80.09	0.0301249
13	29	28	11	-60.49	0.0301653
13	29	11	27	42.9	0.0302331
13	29	27	10	-24.87	0.0304021
13	29	10	26	14.53	0.0306882
13	29	26	9	-11.51	0.0308688
13	29	9	25	6.24	0.0316026
13	29	25	8	-4.77	0.0320964
13	29	8	24	3.09	0.0332362
13	29	24	7	-2.62	0.0338168
13	29	7	23	2.55	0.0339216
13	29	23	6	-2.28	0.034386
13	29	6	22	1.92	0.0352083
13	29	22	5	-1.73	0.0357803
13	29	5	21	1.48	0.0367568
13	29	21	4	-1.39	0.0371942
12	28	11	27	70.61	0.0301416
12	28	27	10	-44.8	0.0302232
12	28	10	26	23.7	0.0304219
12	28	26	9	-19.53	0.030512
12	28	9	25	9.36	0.0310684
12	28	25	8	-7.27	0.0313755
12	28	8	24	5.12	0.0319531
12	28	24	7	-4.32	0.0323148
12	28	7	23	3.62	0.0327624
12	28	23	6	-3.27	0.0330581
12	28	6	22	2.69	0.0337175
12	28	22	5	-2.46	0.034065
12	28	5	21	2.04	0.034902
12	28	21	4	-1.93	0.0351813
12	28	4	20	1.64	0.0360976
12	28	20	3	-1.57	0.0363694
11	27	10	26	50.11	0.0301996
11	27	26	9	-38.42	0.0302603
11	27	9	25	17.86	0.0305599
11	27	25	8	-13.03	0.0307675
11	27	8	24	8.81	0.0311351
11	27	24	7	-6.88	0.0314535
11	27	7	23	6.57	0.0315221
11	27	23	6	-5.59	0.0317889
11	27	6	22	4.01	0.0324938
11	27	22	5	-3.46	0.0328902
11	27	5	21	2.88	0.0334722
11	27	21	4	-2.64	0.0337879
11	27	4	20	2.25	0.0344444
11	27	20	3	-2.13	0.0346948
11	27	3	19	1.94	0.0351546
11	27	19	2	-1.84	0.0354348
10	26	9	25	38.41	0.0302603
10	26	25	8	-25.29	0.0303954
10	26	8	24	16.68	0.0305995
10	26	24	7	-11.41	0.0308764
10	26	7	23	10.88	0.0309191
10	26	23	6	-8.41	0.0311891
10	26	6	22	7.08	0.0314124
10	26	22	5	-5.51	0.0318149
10	26	5	21	4.63	0.0321598
10	26	21	4	-4	0.0325
10	26	4	20	3.48	0.0328736
10	26	20	3	-3.19	0.0331348
10	26	3	19	2.96	0.0333784
10	26	19	2	-2.75	0.0336364
10	26	2	18	2.66	0.0337594
10	26	18	1	-2.45	0.0340816
9	25	8	24	28.97	0.0303452
9	25	24	7	-17.68	0.0305656
9	25	7	23	16.67	0.0305999
9	25	23	6	-12.23	0.0308177
9	25	6	22	10.17	0.0309833
9	25	22	5	-7.59	0.0313175
9	25	5	21	6.34	0.0315773
9	25	21	4	-5.42	0.031845
9	25	4	20	4.57	0.0321882
9	25	20	3	-4.16	0.0324038
9	25	3	19	3.81	0.0326247
9	25	19	2	-3.55	0.0328169
9	25	2	18	3.42	0.032924
9	25	18	1	-3.15	0.0331746
9	25	1	17	3.02	0.0333113
8	24	7	23	39.97	0.0302502
8	24	23	6	-23.32	0.0304288
8	24	6	22	19.81	0.0305048
8	24	22	5	-12	0.0308333
8	24	5	21	10.15	0.0309852
8	24	21	4	-7.99	0.0312516
8	24	4	20	6.9	0.0314493
8	24	20	3	-6.05	0.0316529
8	24	3	19	5.52	0.0318116
8	24	19	2	-5.03	0.0319881
8	24	2	18	4.86	0.0320576
8	24	18	1	-4.35	0.0322989
8	24	1	17	4.2	0.032381
7	23	6	22	69.6	0.0301437
7	23	22	5	-33.9	0.030295
7	23	5	21	26.03	0.0303842
7	23	21	4	-18.32	0.0305459
7	23	4	20	15.1	0.0306623
7	23	20	3	-12.48	0.0308013
7	23	3	19	11.42	0.0308757
7	23	19	2	-10.08	0.0309921
7	23	2	18	8.32	0.0312019
7	23	18	1	-7.11	0.0314065
7	23	1	17	6.88	0.0314535
6	22	1	17	14.09	0.0307097
3	19	2	18	273.04	0.0300366
3	19	18	1	-186.85	0.0300535
3	19	1	17	141.99	0.0300704
2	18	1	17	804.97	0.0300124
32	48	31	47	41.63	0.0302402
32	48	47	30	-24.45	0.030409
32	48	30	46	17.73	0.030564
32	48	46	29	-14.45	0.030692
32	48	29	45	11.62	0.0308606
32	48	45	28	-9.46	0.0310571
32	48	28	44	7.33	0.0313643
32	48	44	27	-5.92	0.0316892
32	48	27	43	4.59	0.0321786
32	48	43	26	-3.57	0.0328011
32	48	26	42	2.59	0.033861
32	48	42	25	-1.99	0.0350251
32	48	25	41	1.09	0.0391743
32	48	41	24	-0.94	0.0406383
32	48	24	40	0.54	0.0485185
32	48	40	23	-0.5	0.05
31	47	30	46	55.63	0.0301798
31	47	46	29	-43.5	0.0302299
31	47	29	45	34.14	0.0302929
31	47	45	28	-27.04	0.0303698
31	47	28	44	20.59	0.0304857
31	47	44	27	-16.22	0.0306165
31	47	27	43	12.5	0.0308
31	47	43	26	-9.5	0.0310526
31	47	26	42	6.05	0.0316529
31	47	42	25	-4.54	0.0322026
31	47	25	41	2.41	0.0341494
31	47	41	24	-2.04	0.034902
31	47	24	40	1.1	0.0390909
31	47	40	23	-1.01	0.039901
31	47	23	39	0.83	0.0420482
31	47	39	22	-0.83	0.0420482
30	46	29	45	57.21	0.0301748
30	46	45	28	-43.36	0.0302306
30	46	28	44	32.9	0.030304
30	46	44	27	-24.94	0.030401
30	46	27	43	19.38	0.030516
30	46	43	26	-14.04	0.0307123
30	46	26	42	10.19	0.0309814
30	46	42	25	-7.21	0.031387
30	46	25	41	3.41	0.0329326
30	46	41	24	-2.77	0.0336101
30	46	24	40	1.5	0.0366667
30	46	40	23	-1.38	0.0372464
30	46	23	39	1.14	0.0387719
30	46	39	22	-1.06	0.039434
30	46	22	38	1.03	0.0397087
30	46	38	21	-0.96	0.0404167
29	45	28	44	61.46	0.0301627
29	45	44	27	-44.16	0.0302264
29	45	27	43	34.25	0.030292
29	45	43	26	-23.85	0.0304193
29	45	26	42	17.34	0.0305767
29	45	42	25	-11.66	0.0308576
29	45	25	41	6.31	0.0315848
29	45	41	24	-4.96	0.0320161
29	45	24	40	2.29	0.0343668
29	45	40	23	-2.08	0.0348077
29	45	23	39	1.7	0.0358824
29	45	39	22	-1.52	0.0365789
29	45	22	38	1.47	0.0368027
29	45	38	21	-1.32	0.0375758
29	45	21	37	1.19	0.0384034
29	45	37	20	-1.08	0.0392593
28	44	27	43	63.67	0.0301571
28	44	43	26	-42.71	0.0302341
28	44	26	42	30.58	0.030327
28	44	42	25	-19.89	0.0305028
28	44	25	41	10.56	0.030947
28	44	41	24	-8.07	0.0312392
28	44	24	40	4.08	0.032451
28	44	40	23	-3.7	0.0327027
28	44	23	39	2.55	0.0339216
28	44	39	22	-2.23	0.0344843
28	44	22	38	2.14	0.0346729
28	44	38	21	-1.88	0.0353191
28	44	21	37	1.68	0.0359524
28	44	37	20	-1.5	0.0366667
28	44	20	36	1.31	0.0376336
28	44	36	19	-1.22	0.0381967
27	43	26	42	54.82	0.0301824
27	43	42	25	-33.9	0.030295
27	43	25	41	17.55	0.0305698
27	43	41	24	-12.99	0.0307698
27	43	24	40	6.21	0.0316103
27	43	40	23	-5.59	0.0317889
27	43	23	39	4.31	0.0323202
27	43	39	22	-3.66	0.0327322
27	43	22	38	3.01	0.0333223
27	43	38	21	-2.58	0.033876
27	43	21	37	2.29	0.0343668
27	43	37	20	-2	0.035
27	43	20	36	1.73	0.0357803
27	43	36	19	-1.59	0.0362893
27	43	19	35	1.46	0.0368493
27	43	35	18	-1.38	0.0372464
26	42	25	41	30.33	0.0303297
26	42	41	24	-21.4	0.0304673
26	42	24	40	9.5	0.0310526
26	42	40	23	-8.5	0.0311765
26	42	23	39	6.3	0.0315873
26	42	39	22	-5.2	0.0319231
26	42	22	38	4.86	0.0320576
26	42	38	21	-4.04	0.0324752
26	42	21	37	3.54	0.0328249
26	42	37	20	-3	0.0333333
26	42	20	36	2.57	0.0338911
26	42	36	19	-2.33	0.0342918
26	42	19	35	2.12	0.034717
26	42	35	18	-2.01	0.0349751
26	42	18	34	1.92	0.0352083
26	42	34	17	-1.8	0.0355556
25	41	24	40	14.7	0.0306803
25	41	40	23	-13.11	0.0307628
25	41	23	39	8.97	0.0311148
25	41	39	22	-7.37	0.0313569
25	41	22	38	6.71	0.0314903
25	41	38	21	-5.63	0.0317762
25	41	21	37	4.83	0.0320704
25	41	37	20	-4.15	0.0324096
25	41	20	36	3.32	0.033012
25	41	36	19	-3.02	0.0333113
25	41	19	35	2.64	0.0337879
25	41	35	18	-2.5	0.034
25	41	18	34	2.36	0.0342373
25	41	34	17	-2.22	0.0345045
25	41	17	33	2.19	0.0345662
24	40	23	39	12.86	0.0307776
24	40	39	22	-10.11	0.0309891
24	40	22	38	8.8	0.0311364
24	40	38	21	-7.3	0.0313699
24	40	21	37	6.12	0.031634
24	40	37	20	-5.26	0.0319011
24	40	20	36	4.11	0.0324331
24	40	36	19	-3.75	0.0326667
24	40	19	35	3.14	0.0331847
24	40	35	18	-2.97	0.033367
24	40	18	34	2.76	0.0336232
24	40	34	17	-2.61	0.0338314
24	40	17	33	2.53	0.0339526
23	39	22	38	17.74	0.0305637
23	39	38	21	-11.64	0.0308591
23	39	21	37	9.62	0.0310395
23	39	37	20	-7.26	0.0313774
23	39	20	36	5.62	0.0317794
23	39	36	19	-4.89	0.032045
23	39	19	35	4.12	0.0324272
23	39	35	18	-3.82	0.0326178
23	39	18	34	3.49	0.0328653
23	39	34	17	-3.25	0.0330769
23	39	17	33	3.14	0.0331847
22	38	21	37	57.48	0.030174
22	38	37	20	-28.36	0.0303526
22	38	20	36	22.03	0.0304539
22	38	36	19	-15.63	0.0306398
22	38	19	35	13.56	0.0307375
22	38	35	18	-11.53	0.0308673
22	38	18	34	10.88	0.0309191
22	38	34	17	-9.42	0.0310616
22	38	17	33	8.04	0.0312438
21	37	20	36	91.48	0.0301093
21	37	36	19	-66.1	0.0301513
21	37	19	35	40.76	0.0302453
21	37	35	18	-34.5	0.0302899
21	37	18	34	29.4	0.0303401
21	37	34	17	-25.36	0.0303943
21	37	17	33	23.18	0.0304314
18	34	17	33	409.53	0.0300244
48	64	47	63	36.91	0.0302709
48	64	63	46	-29.54	0.0303385
48	64	46	62	21.91	0.0304564
48	64	62	45	-19.02	0.0305258
48	64	45	61	14.28	0.0307003
48	64	61	44	-12.26	0.0308157
48	64	44	60	9.36	0.0310684
48	64	60	43	-8.31	0.0312034
48	64	43	59	6.24	0.0316026
48	64	59	42	-5.55	0.0318018
48	64	42	58	4.07	0.032457
48	64	58	41	-3.6	0.0327778
48	64	41	57	2.48	0.0340323
48	64	57	40	-2.29	0.0343668
48	64	40	56	1.35	0.0374074
48	64	56	39	-1.29	0.0377519
47	63	46	62	50.36	0.0301986
47	63	62	45	-40.72	0.0302456
47	63	45	61	31.73	0.0303152
47	63	61	44	-25.33	0.0303948
47	63	44	60	20.04	0.030499
47	63	60	43	-16.63	0.0306013
47	63	43	59	13.06	0.0307657
47	63	59	42	-10.74	0.0309311
47	63	42	58	7.94	0.0312594
47	63	58	41	-6.23	0.0316051
47	63	41	57	4.49	0.0322272
47	63	57	40	-3.76	0.0326596
47	63	40	56	2.32	0.0343103
47	63	56	39	-2.14	0.0346729
47	63	39	55	1.37	0.0372993
47	63	55	38	-1.29	0.0377519
46	62	45	61	47.63	0.03021
46	62	61	44	-37.07	0.0302698
46	62	44	60	29.08	0.0303439
46	62	60	43	-23.81	0.03042
46	62	43	59	18.62	0.0305371
46	62	59	42	-15.11	0.0306618
46	62	42	58	11.58	0.0308636
46	62	58	41	-8.93	0.0311198
46	62	41	57	5.85	0.0317094
46	62	57	40	-4.81	0.032079
46	62	40	56	2.94	0.0334014
46	62	56	39	-2.68	0.0337313
46	62	39	55	1.7	0.0358824
46	62	55	38	-1.6	0.03625
46	62	38	54	1.31	0.0376336
46	62	54	37	-1.2	0.0383333
45	61	44	60	47.92	0.0302087
45	61	60	43	-38.42	0.0302603
45	61	43	59	29.72	0.0303365
45	61	59	42	-23.79	0.0304203
45	61	42	58	18.13	0.0305516
45	61	58	41	-13.7	0.0307299
45	61	41	57	9.75	0.0310256
45	61	57	40	-7.87	0.0312706
45	61	40	56	4.46	0.0322422
45	61	56	39	-4.03	0.0324814
45	61	39	55	2.51	0.0339841
45	61	55	38	-2.36	0.0342373
45	61	38	54	1.91	0.0352356
45	61	54	37	-1.75	0.0357143
45	61	37	53	1.55	0.0364516
45	61	53	36	-1.33	0.0375188
44	60	43	59	50.74	0.0301971
44	60	59	42	-39.38	0.0302539
44	60	42	58	29.87	0.0303348
44	60	58	41	-21.82	0.0304583
44	60	41	57	15.49	0.0306456
44	60	57	40	-12.07	0.0308285
44	60	40	56	7.1	0.0314085
44	60	56	39	-6.34	0.0315773
44	60	39	55	3.67	0.0327248
44	60	55	38	-3.43	0.0329155
44	60	38	54	2.75	0.0336364
44	60	54	37	-2.48	0.0340323
44	60	37	53	2.21	0.0345249
44	60	53	36	-1.86	0.0353763
44	60	36	52	1.67	0.035988
44	60	52	35	-1.47	0.0368027
43	59	42	58	52.19	0.0301916
43	59	58	41	-37.37	0.0302676
43	59	41	57	25.94	0.0303855
43	59	57	40	-19.66	0.0305086
43	59	40	56	11.27	0.0308873
43	59	56	39	-9.92	0.0310081
43	59	39	55	6.01	0.0316639
43	59	55	38	-5.6	0.0317857
43	59	38	54	4.17	0.0323981
43	59	54	37	-3.77	0.0326525
43	59	37	53	3.27	0.0330581
43	59	53	36	-2.75	0.0336364
43	59	36	52	2.44	0.0340984
43	59	52	35	-2.14	0.0346729
43	59	35	51	1.88	0.0353191
43	59	51	34	-1.76	0.0356818
42	58	41	57	45.04	0.030222
42	58	57	40	-33.64	0.0302973
42	58	40	56	18.01	0.0305552
42	58	56	39	-15.69	0.0306373
42	58	39	55	9.25	0.0310811
42	58	55	38	-8.61	0.0311614
42	58	38	54	6.54	0.0315291
42	58	54	37	-5.89	0.0316978
42	58	37	53	5	0.032
42	58	53	36	-4.17	0.0323981
42	58	36	52	3.63	0.0327548
42	58	52	35	-3.16	0.0331646
42	58	35	51	2.73	0.033663
42	58	51	34	-2.54	0.033937
42	58	34	50	2.39	0.0341841
42	58	50	33	-2.16	0.0346296
41	57	40	56	31.12	0.0303213
41	57	56	39	-26.64	0.0303754
41	57	39	55	14.97	0.030668
41	57	55	38	-13.87	0.030721
41	57	38	54	10.14	0.0309862
41	57	54	37	-9.12	0.0310965
41	57	37	53	7.6	0.0313158
41	57	53	36	-6.3	0.0315873
41	57	36	52	5.33	0.0318762
41	57	52	35	-4.62	0.0321645
41	57	35	51	3.91	0.0325575
41	57	51	34	-3.62	0.0327624
41	57	34	50	3.37	0.0329674
41	57	50	33	-3.05	0.0332787
41	57	33	49	2.94	0.0334014
40	56	39	55	24.23	0.0304127
40	56	55	38	-22.28	0.0304488
40	56	38	54	15.31	0.0306532
40	56	54	37	-13.83	0.0307231
40	56	37	53	11.09	0.0309017
40	56	53	36	-9.37	0.0310672
40	56	36	52	7.62	0.0313123
40	56	52	35	-6.71	0.0314903
40	56	35	51	5.31	0.0318832
40	56	51	34	-4.95	0.0320202
40	56	34	50	4.48	0.0322321
40	56	50	33	-4.07	0.032457
40	56	33	49	3.86	0.0325907
39	55	38	54	27.04	0.0303698
39	55	54	37	-24.68	0.0304052
39	55	37	53	17.24	0.03058
39	55	53	36	-14.99	0.0306671
39	55	36	52	11.06	0.0309042
39	55	52	35	-9.99	0.031001
39	55	35	51	7.11	0.0314065
39	55	51	34	-6.71	0.0314903
39	55	34	50	5.72	0.0317483
39	55	50	33	-5.23	0.031912
39	55	33	49	4.79	0.0320877
38	54	37	53	31.74	0.0303151
38	54	53	36	-25.94	0.0303855
38	54	36	52	17.78	0.0305624
38	54	52	35	-15.72	0.0306361
38	54	35	51	10.5	0.0309524
38	54	51	34	-9.85	0.0310152
38	54	34	50	8.24	0.0312136
38	54	50	33	-7.55	0.0313245
38	54	33	49	6.75	0.0314815
37	53	36	52	71.54	0.0301398
37	53	52	35	-46.73	0.030214
37	53	35	51	29.86	0.0303349
37	53	51	34	-24.85	0.0304024
37	53	34	50	20.93	0.0304778
37	53	50	33	-18.03	0.0305546
37	53	33	49	16.34	0.030612
34	50	33	49	276.93	0.0300361
64	80	63	79	41.46	0.0302412
64	80	79	62	-33.67	0.030297
64	80	62	78	23.47	0.0304261
64	80	78	61	-18.65	0.0305362
64	80	61	77	14.54	0.0306878
64	80	77	60	-11.5	0.0308696
64	80	60	76	9.87	0.0310132
64	80	76	59	-7.61	0.0313141
64	80	59	75	6.76	0.0314793
64	80	75	58	-5.08	0.0319685
64	80	58	74	4.69	0.0321322
64	80	74	57	-3.39	0.0329499
64	80	57	73	3.14	0.0331847
64	80	73	56	-2.02	0.0349505
64	80	56	72	1.9	0.0352632
64	80	72	55	-1.36	0.0373529
63	79	62	78	73.04	0.0301369
63	79	78	61	-63.75	0.0301569
63	79	61	77	34.8	0.0302874
63	79	77	60	-29.24	0.030342
63	79	60	76	21.39	0.0304675
63	79	76	59	-17.39	0.030575
63	79	59	75	13.89	0.0307199
63	79	75	58	-11.01	0.0309083
63	79	58	74	8.1	0.0312346
63	79	74	57	-6.21	0.0316103
63	79	57	73	5.28	0.0318939
63	79	73	56	-3.64	0.0327473
63	79	56	72	3.14	0.0331847
63	79	72	55	-2.41	0.0341494
63	79	55	71	2.17	0.0346083
63	79	71	54	-1.81	0.0355249
62	78	61	77	67.76	0.0301476
62	78	77	60	-59.33	0.0301685
62	78	60	76	35.27	0.0302835
62	78	76	59	-29.64	0.0303374
62	78	59	75	21.41	0.0304671
62	78	75	58	-17.46	0.0305727
62	78	58	74	13.66	0.0307321
62	78	74	57	-10.76	0.0309294
62	78	57	73	7.68	0.0313021
62	78	73	56	-5.5	0.0318182
62	78	56	72	4.48	0.0322321
62	78	72	55	-3.56	0.032809
62	78	55	71	3.07	0.0332573
62	78	71	54	-2.61	0.0338314
62	78	54	70	2.28	0.034386
62	78	70	53	-1.98	0.0350505
61	77	60	76	75.48	0.0301325
61	77	76	59	-66.17	0.0301511
61	77	59	75	37.72	0.0302651
61	77	75	58	-31.67	0.0303158
61	77	58	74	22.27	0.030449
61	77	74	57	-18.03	0.0305546
61	77	57	73	13.47	0.0307424
61	77	73	56	-9.87	0.0310132
61	77	56	72	6.8	0.0314706
61	77	72	55	-5.52	0.0318116
61	77	55	71	4.55	0.0321978
61	77	71	54	-3.95	0.0325316
61	77	54	70	3.26	0.0330675
61	77	70	53	-2.87	0.0334843
61	77	53	69	2.47	0.0340486
61	77	69	52	-2.1	0.0347619
60	76	59	75	77.3	0.0301294
60	76	75	58	-67.26	0.0301487
60	76	58	74	37.89	0.0302639
60	76	74	57	-31.33	0.0303192
60	76	57	73	21.24	0.0304708
60	76	73	56	-15.88	0.0306297
60	76	56	72	11.44	0.0308741
60	76	72	55	-9.37	0.0310672
60	76	55	71	6.62	0.0315106
60	76	71	54	-5.71	0.0317513
60	76	54	70	4.58	0.0321834
60	76	70	53	-4.06	0.0324631
60	76	53	69	3.36	0.0329762
60	76	69	52	-2.9	0.0334483
60	76	52	68	2.53	0.0339526
60	76	68	51	-2.11	0.0347393
59	75	58	74	79.78	0.0301253
59	75	74	57	-68	0.0301471
59	75	57	73	36.94	0.0302707
59	75	73	56	-28.01	0.030357
59	75	56	72	18.28	0.030547
59	75	72	55	-14.92	0.0306702
59	75	55	71	11.26	0.0308881
59	75	71	54	-9.71	0.0310299
59	75	54	70	6.7	0.0314925
59	75	70	53	-5.92	0.0316892
59	75	53	69	4.74	0.0321097
59	75	69	52	-4.09	0.032445
59	75	52	68	3.49	0.0328653
59	75	68	51	-2.92	0.0334247
59	75	51	67	2.58	0.033876
59	75	67	50	-2.37	0.0342194
58	74	57	73	75.79	0.0301319
58	74	73	56	-60.28	0.0301659
58	74	56	72	31.21	0.0303204
58	74	72	55	-25.61	0.0303905
58	74	55	71	17.8	0.0305618
58	74	71	54	-15.37	0.0306506
58	74	54	70	11.18	0.0308945
58	74	70	53	-9.88	0.0310121
58	74	53	69	6.77	0.0314771
58	74	69	52	-5.84	0.0317123
58	74	52	68	4.83	0.0320704
58	74	68	51	-4.04	0.0324752
58	74	51	67	3.5	0.0328571
58	74	67	50	-3.22	0.0331056
58	74	50	66	2.91	0.0334364
58	74	66	49	-2.72	0.0336765
57	73	56	72	67.1	0.030149
57	73	72	55	-56.39	0.0301773
57	73	55	71	31.35	0.030319
57	73	71	54	-27.16	0.0303682
57	73	54	70	17.92	0.030558
57	73	70	53	-15.81	0.0306325
57	73	53	69	11.4	0.0308772
57	73	69	52	-9.85	0.0310152
57	73	52	68	7	0.0314286
57	73	68	51	-5.84	0.0317123
57	73	51	67	4.91	0.0320367
57	73	67	50	-4.5	0.0322222
57	73	50	66	3.98	0.0325126
57	73	66	49	-3.72	0.0326882
57	73	49	65	3.54	0.0328249
56	72	55	71	65.46	0.0301528
56	72	71	54	-57.63	0.0301735
56	72	54	70	30.61	0.0303267
56	72	70	53	-27.1	0.030369
56	72	53	69	17.8	0.0305618
56	72	69	52	-15.32	0.0306527
56	72	52	68	11.58	0.0308636
56	72	68	51	-9.56	0.031046
56	72	51	67	6.93	0.031443
56	72	67	50	-6.31	0.0315848
56	72	50	66	5.45	0.0318349
56	72	66	49	-5.08	0.0319685
56	72	49	65	4.78	0.0320921
55	71	54	70	71.04	0.0301408
55	71	70	53	-62.21	0.0301607
55	71	53	69	32.58	0.0303069
55	71	69	52	-27.58	0.0303626
55	71	52	68	19.22	0.0305203
55	71	68	51	-15.49	0.0306456
55	71	51	67	12.09	0.0308271
55	71	67	50	-10.87	0.03092
55	71	50	66	8.14	0.0312285
55	71	66	49	-7.51	0.0313316
55	71	49	65	7	0.0314286
54	70	53	69	69.82	0.0301432
54	70	69	52	-60.07	0.0301665
54	70	52	68	32.78	0.0303051
54	70	68	51	-26.34	0.0303797
54	70	51	67	18.59	0.0305379
54	70	67	50	-16.61	0.030602
54	70	50	66	13.12	0.0307622
54	70	66	49	-12.06	0.0308292
54	70	49	65	9.69	0.031032
53	69	52	68	80.84	0.0301237
53	69	68	51	-62.64	0.0301596
53	69	51	67	34.97	0.030286
53	69	67	50	-30.74	0.0303253
53	69	50	66	21.94	0.0304558
53	69	66	49	-19.93	0.0305018
53	69	49	65	17.43	0.0305737
52	68	51	67	97.25	0.0301028
52	68	67	50	-78.44	0.0301275
52	68	50	66	47.46	0.0302107
52	68	66	49	-41.21	0.0302427
52	68	49	65	34.68	0.0302884
80	96	79	95	38.54	0.0302595
80	96	95	78	-28.54	0.0303504
80	96	78	94	15.48	0.030646
80	96	94	77	-11.75	0.0308511
80	96	77	93	7.39	0.0313532
80	96	93	76	-6	0.0316667
80	96	76	92	4.1	0.032439
80	96	92	75	-3.41	0.0329326
80	96	75	91	2.46	0.034065
80	96	91	74	-2.09	0.0347847
80	96	74	90	1.56	0.0364103
80	96	90	73	-1.35	0.0374074
80	96	73	89	1.04	0.0396154
80	96	89	72	-0.92	0.0408696
80	96	72	88	0.73	0.0436986
80	96	88	71	-0.67	0.0449254
79	95	78	94	85.17	0.0301174
79	95	94	77	-56.25	0.0301778
79	95	77	93	30.04	0.0303329
79	95	93	76	-22.55	0.0304435
79	95	76	92	14.39	0.0306949
79	95	92	75	-11.23	0.0308905
79	95	75	91	7.8	0.0312821
79	95	91	74	-6.26	0.0315974
79	95	74	90	4.07	0.032457
79	95	90	73	-3.32	0.033012
79	95	73	89	2.49	0.0340161
79	95	89	72	-2.09	0.0347847
79	95	72	88	1.63	0.036135
79	95	88	71	-1.44	0.0369444
79	95	71	87	1.13	0.0388496
79	95	87	70	-0.99	0.040101
78	94	77	93	83.55	0.0301197
78	94	93	76	-59.54	0.030168
78	94	76	92	32.1	0.0303115
78	94	92	75	-24.26	0.0304122
78	94	75	91	15.81	0.0306325
78	94	91	74	-12.38	0.0308078
78	94	74	90	8.68	0.0311521
78	94	90	73	-6.94	0.0314409
78	94	73	89	4.55	0.0321978
78	94	89	72	-3.74	0.0326738
78	94	72	88	2.85	0.0335088
78	94	88	71	-2.49	0.0340161
78	94	71	87	1.91	0.0352356
78	94	87	70	-1.66	0.0360241
78	94	70	86	1.35	0.0374074
78	94	86	69	-1.2	0.0383333
77	93	76	92	89.9	0.0301112
77	93	92	75	-61.47	0.0301627
77	93	75	91	34.27	0.0302918
77	93	91	74	-25.74	0.0303885
77	93	74	90	17.06	0.0305862
77	93	90	73	-13.06	0.0307657
77	93	73	89	9.25	0.0310811
77	93	89	72	-7.34	0.0313624
77	93	72	88	4.95	0.0320202
77	93	88	71	-4.21	0.0323753
77	93	71	87	3.2	0.033125
77	93	87	70	-2.71	0.03369
77	93	70	86	2.18	0.0345872
77	93	86	69	-1.89	0.035291
77	93	69	85	1.55	0.0364516
77	93	85	68	-1.39	0.0371942
76	92	75	91	92.63	0.030108
76	92	91	74	-63.33	0.0301579
76	92	74	90	35.48	0.0302818
76	92	90	73	-26.01	0.0303845
76	92	73	89	17.19	0.0305817
76	92	89	72	-13.24	0.0307553
76	92	72	88	9.49	0.0310537
76	92	88	71	-7.91	0.0312642
76	92	71	87	5.26	0.0319011
76	92	87	70	-4.37	0.0322883
76	92	70	86	3.44	0.032907
76	92	86	69	-2.93	0.033413
76	92	69	85	2.37	0.0342194
76	92	85	68	-2.1	0.0347619
76	92	68	84	1.74	0.0357471
76	92	84	67	-1.6	0.03625
75	91	74	90	93.55	0.0301069
75	91	90	73	-62.76	0.0301593
75	91	73	89	34.87	0.0302868
75	91	89	72	-25.65	0.0303899
75	91	72	88	17.12	0.0305841
75	91	88	71	-13.9	0.0307194
75	91	71	87	9.85	0.0310152
75	91	87	70	-7.99	0.0312516
75	91	70	86	5.53	0.0318083
75	91	86	69	-4.61	0.0321692
75	91	69	85	3.65	0.0327397
75	91	85	68	-3.18	0.0331447
75	91	68	84	2.61	0.0338314
75	91	84	67	-2.36	0.0342373
75	91	67	83	1.99	0.0350251
75	91	83	66	-1.8	0.0355556
74	90	73	89	90.64	0.0301103
74	90	89	72	-61.62	0.0301623
74	90	72	88	34.21	0.0302923
74	90	88	71	-26.87	0.0303722
74	90	71	87	17.63	0.0305672
74	90	87	70	-13.9	0.0307194
74	90	70	86	10.21	0.0309794
74	90	86	69	-8.31	0.0312034
74	90	69	85	5.77	0.0317331
74	90	85	68	-4.94	0.0320243
74	90	68	84	3.96	0.0325253
74	90	84	67	-3.53	0.0328329
74	90	67	83	2.92	0.0334247
74	90	83	66	-2.63	0.0338023
74	90	66	82	2.32	0.0343103
74	90	82	65	-2.18	0.0345872
73	89	72	88	90.84	0.0301101
73	89	88	71	-65.89	0.0301518
73	89	71	87	36.09	0.0302771
73	89	87	70	-27.22	0.0303674
73	89	70	86	18.58	0.0305382
73	89	86	69	-14.59	0.0306854
73	89	69	85	10.72	0.0309328
73	89	85	68	-8.94	0.0311186
73	89	68	84	6.31	0.0315848
73	89	84	67	-5.52	0.0318116
73	89	67	83	4.46	0.0322422
73	89	83	66	-3.94	0.0325381
73	89	66	82	3.43	0.0329155
73	89	82	65	-3.2	0.033125
73	89	65	81	2.94	0.0334014
72	88	67	83	6.82	0.0314663
72	88	83	66	-5.93	0.0316863
72	88	66	82	5.04	0.0319841
72	88	82	65	-4.67	0.0321413
72	88	65	81	4.23	0.0323641
71	87	66	82	7.71	0.031297
71	87	82	65	-7.09	0.0314104
71	87	65	81	6.29	0.0315898
70	86	65	81	9.71	0.0310299
96	112	95	111	40.93	0.0302443
96	112	111	94	-27.65	0.0303617
96	112	94	110	16.93	0.0305907
96	112	110	93	-12.54	0.0307974
96	112	93	109	8.64	0.0311574
96	112	109	92	-6.69	0.0314948
96	112	92	108	4.89	0.032045
96	112	108	91	-3.91	0.0325575
96	112	91	107	2.96	0.0333784
96	112	107	90	-2.39	0.0341841
96	112	90	106	1.83	0.0354645
96	112	106	89	-1.5	0.0366667
96	112	89	105	1.21	0.0382645
96	112	105	88	-1	0.04
96	112	88	104	0.84	0.0419048
96	112	104	87	-0.7	0.0442857
95	111	94	110	84.7	0.0301181
95	111	110	93	-58.08	0.0301722
95	111	93	109	32.8	0.0303049
95	111	109	92	-24.53	0.0304077
95	111	92	108	16.29	0.0306139
95	111	108	91	-12.47	0.0308019
95	111	91	107	8.69	0.0311507
95	111	107	90	-6.87	0.0314556
95	111	90	106	4.4	0.0322727
95	111	106	89	-3.48	0.0328736
95	111	89	105	2.68	0.0337313
95	111	105	88	-2.15	0.0346512
95	111	88	104	1.75	0.0357143
95	111	104	87	-1.4	0.0371429
95	111	87	103	1.2	0.0383333
95	111	103	86	-0.99	0.040101
94	110	93	109	94.21	0.0301061
94	110	109	92	-66.44	0.0301505
94	110	92	108	37.8	0.0302646
94	110	108	91	-29.26	0.0303418
94	110	91	107	18.73	0.0305339
94	110	107	90	-14.89	0.0306716
94	110	90	106	9.88	0.0310121
94	110	106	89	-7.9	0.0312658
94	110	89	105	5.16	0.031938
94	110	105	88	-4.18	0.0323923
94	110	88	104	3.24	0.0330864
94	110	104	87	-2.63	0.0338023
94	110	87	103	2.16	0.0346296
94	110	103	86	-1.81	0.0355249
94	110	86	102	1.52	0.0365789
94	110	102	85	-1.3	0.0376923
93	109	92	108	97.5	0.0301026
93	109	108	91	-70.46	0.0301419
93	109	91	107	39.75	0.0302516
93	109	107	90	-30.92	0.0303234
93	109	90	106	18.81	0.0305316
93	109	106	89	-14.87	0.0306725
93	109	89	105	10.27	0.0309737
93	109	105	88	-8.28	0.0312077
93	109	88	104	5.53	0.0318083
93	109	104	87	-4.47	0.0322371
93	109	87	103	3.56	0.032809
93	109	103	86	-2.97	0.033367
93	109	86	102	2.44	0.0340984
93	109	102	85	-2.08	0.0348077
93	109	85	101	1.72	0.035814
93	109	101	84	-1.48	0.0367568
92	108	91	107	99.07	0.0301009
92	108	107	90	-70.95	0.0301409
92	108	90	106	37.4	0.0302674
92	108	106	89	-28.45	0.0303515
92	108	89	105	18.45	0.030542
92	108	105	88	-14.55	0.0306873
92	108	88	104	10.4	0.0309615
92	108	104	87	-8.28	0.0312077
92	108	87	103	5.75	0.0317391
92	108	103	86	-4.74	0.0321097
92	108	86	102	3.8	0.0326316
92	108	102	85	-3.2	0.033125
92	108	85	101	2.61	0.0338314
92	108	101	84	-2.22	0.0345045
92	108	84	100	1.87	0.0353476
92	108	100	83	-1.6	0.03625
91	107	90	106	93.86	0.0301065
91	107	106	89	-65.39	0.0301529
91	107	89	105	36.51	0.0302739
91	107	105	88	-27.83	0.0303593
91	107	88	104	18.97	0.0305271
91	107	104	87	-14.52	0.0306887
91	107	87	103	10.73	0.030932
91	107	103	86	-8.76	0.0311416
91	107	86	102	6.09	0.031642
91	107	102	85	-5.08	0.0319685
91	107	85	101	4.02	0.0324876
91	107	101	84	-3.39	0.0329499
91	107	84	100	2.79	0.0335842
91	107	100	83	-2.37	0.0342194
91	107	83	99	2.06	0.0348544
91	107	99	82	-1.8	0.0355556
90	106	89	105	95.43	0.0301048
90	106	105	88	-67.73	0.0301476
90	106	88	104	37.42	0.0302672
90	106	104	87	-28.61	0.0303495
90	106	87	103	19.54	0.0305118
90	106	103	86	-15.71	0.0306365
90	106	86	102	11.52	0.0308681
90	106	102	85	-9.53	0.0310493
90	106	85	101	6.49	0.0315408
90	106	101	84	-5.44	0.0318382
90	106	84	100	4.31	0.0323202
90	106	100	83	-3.64	0.0327473
90	106	83	99	3.07	0.0332573
90	106	99	82	-2.67	0.0337453
90	106	82	98	2.35	0.0342553
90	106	98	81	-2.15	0.0346512
89	105	88	104	97.84	0.0301022
89	105	104	87	-67.94	0.0301472
89	105	87	103	39.31	0.0302544
89	105	103	86	-30.59	0.0303269
89	105	86	102	20.73	0.0304824
89	105	102	85	-16.82	0.0305945
89	105	85	101	12.05	0.0308299
89	105	101	84	-9.96	0.031004
89	105	84	100	6.82	0.0314663
89	105	100	83	-5.68	0.0317606
89	105	83	99	4.65	0.0321505
89	105	99	82	-4.01	0.0324938
89	105	82	98	3.45	0.0328986
89	105	98	81	-3.13	0.0331949
89	105	81	97	2.84	0.0335211
88	104	87	103	101.71	0.0300983
88	104	103	86	-73.71	0.0301357
88	104	86	102	41.38	0.0302417
88	104	102	85	-32.46	0.0303081
88	104	85	101	21.26	0.0304704
88	104	101	84	-17.35	0.0305764
88	104	84	100	12.36	0.0308091
88	104	100	83	-10.1	0.0309901
88	104	83	99	7.17	0.0313947
88	104	99	82	-6.1	0.0316393
88	104	82	98	5.11	0.0319569
88	104	98	81	-4.59	0.0321786
88	104	81	97	4.09	0.032445
87	103	82	98	7.77	0.031287
87	103	98	81	-6.88	0.0314535
87	103	81	97	6.01	0.0316639
86	102	81	97	9.01	0.0311099
112	128	111	127	38.82	0.0302576
112	128	127	110	-28.07	0.0303563
112	128	110	126	16.09	0.0306215
112	128	126	109	-12.24	0.030817
112	128	109	125	8.27	0.0312092
112	128	125	108	-6.52	0.0315337
112	128	108	124	4.7	0.0321277
112	128	124	107	-3.79	0.0326385
112	128	107	123	2.81	0.0335587
112	128	123	106	-2.28	0.034386
112	128	106	122	1.75	0.0357143
112	128	122	105	-1.48	0.0367568
112	128	105	121	1.18	0.0384746
112	128	121	104	-1.03	0.0397087
112	128	104	120	0.82	0.0421951
112	128	120	103	-0.73	0.0436986
111	127	110	126	82.23	0.0301216
111	127	126	109	-56.78	0.0301761
111	127	109	125	32.4	0.0303086
111	127	125	108	-23.85	0.0304193
111	127	108	124	15.9	0.0306289
111	127	124	107	-12.22	0.0308183
111	127	107	123	8.56	0.0311682
111	127	123	106	-6.65	0.0315038
111	127	106	122	4.35	0.0322989
111	127	122	105	-3.56	0.032809
111	127	105	121	2.72	0.0336765
111	127	121	104	-2.34	0.0342735
111	127	104	120	1.78	0.035618
111	127	120	103	-1.58	0.0363291
111	127	103	119	1.23	0.0381301
111	127	119	102	-1.11	0.039009
110	126	109	125	92.96	0.0301076
110	126	125	108	-64.17	0.0301558
110	126	108	124	38	0.0302632
110	126	124	107	-27.57	0.0303627
110	126	107	123	18.61	0.0305373
110	126	123	106	-13.69	0.0307305
110	126	106	122	9.79	0.0310215
110	126	122	105	-7.72	0.0312953
110	126	105	121	5.24	0.0319084
110	126	121	104	-4.32	0.0323148
110	126	104	120	3.29	0.0330395
110	126	120	103	-2.82	0.0335461
110	126	103	119	2.21	0.0345249
110	126	119	102	-1.93	0.0351813
110	126	102	118	1.52	0.0365789
110	126	118	101	-1.35	0.0374074
109	125	108	124	100.2	0.0300998
109	125	124	107	-69.41	0.0301441
109	125	107	123	40.33	0.030248
109	125	123	106	-28.21	0.0303545
109	125	106	122	18.98	0.0305269
109	125	122	105	-14.5	0.0306897
109	125	105	121	10.61	0.0309425
109	125	121	104	-8.55	0.0311696
109	125	104	120	5.7	0.0317544
109	125	120	103	-4.79	0.0320877
109	125	103	119	3.69	0.03271
109	125	119	102	-3.16	0.0331646
109	125	102	118	2.47	0.0340486
109	125	118	101	-2.16	0.0346296
109	125	101	117	1.72	0.035814
109	125	117	100	-1.53	0.0365359
108	124	107	123	99.77	0.0301002
108	124	123	106	-65.75	0.0301521
108	124	106	122	37.82	0.0302644
108	124	122	105	-27.87	0.0303588
108	124	105	121	19.17	0.0305216
108	124	121	104	-15.06	0.030664
108	124	104	120	10.79	0.0309268
108	124	120	103	-8.91	0.0311223
108	124	103	119	5.98	0.0316722
108	124	119	102	-5.04	0.0319841
108	124	102	118	3.87	0.032584
108	124	118	101	-3.32	0.033012
108	124	101	117	2.59	0.033861
108	124	117	100	-2.29	0.0343668
108	124	100	116	1.84	0.0354348
108	124	116	99	-1.66	0.0360241
107	123	106	122	93.13	0.0301074
107	123	122	105	-64.06	0.0301561
107	123	105	121	37.79	0.0302646
107	123	121	104	-28.99	0.0303449
107	123	104	120	19.14	0.0305225
107	123	120	103	-15.4	0.0306494
107	123	103	119	11.13	0.0308985
107	123	119	102	-9.18	0.0310893
107	123	102	118	6.16	0.0316234
107	123	118	101	-5.16	0.031938
107	123	101	117	3.99	0.0325063
107	123	117	100	-3.43	0.0329155
107	123	100	116	2.72	0.0336765
107	123	116	99	-2.43	0.0341152
107	123	99	115	1.71	0.035848
107	123	115	98	-1.53	0.0365359
106	122	105	121	97.35	0.0301027
106	122	121	104	-67.36	0.0301485
106	122	104	120	38.27	0.0302613
106	122	120	103	-29.25	0.0303419
106	122	103	119	19.97	0.0305008
106	122	119	102	-15.81	0.0306325
106	122	102	118	11.48	0.0308711
106	122	118	101	-9.27	0.0310787
106	122	101	117	6.36	0.0315723
106	122	117	100	-5.28	0.0318939
106	122	100	116	4.14	0.0324155
106	122	116	99	-3.6	0.0327778
106	122	99	115	2.51	0.0339841
106	122	115	98	-2.2	0.0345455
106	122	98	114	2.57	0.0338911
106	122	114	97	-2.4	0.0341667
105	121	104	120	94.02	0.0301064
105	121	120	103	-65.34	0.030153
105	121	103	119	39.23	0.0302549
105	121	119	102	-29.11	0.0303435
105	121	102	118	20.03	0.0304993
105	121	118	101	-15.46	0.0306468
105	121	101	117	11.4	0.0308772
105	121	117	100	-9.12	0.0310965
105	121	100	116	6.31	0.0315848
105	121	116	99	-5.32	0.0318797
105	121	99	115	3.65	0.0327397
105	121	115	98	-3.1	0.0332258
105	121	98	114	3.65	0.0327397
105	121	114	97	-3.37	0.0329674
105	121	97	113	2.51	0.0339841
104	120	103	119	100.9	0.0300991
104	120	119	102	-68.44	0.0301461
104	120	102	118	40.18	0.0302489
104	120	118	101	-29.2	0.0303425
104	120	101	117	20.2	0.030495
104	120	117	100	-15.49	0.0306456
104	120	100	116	11.49	0.0308703
104	120	116	99	-9.41	0.0310627
104	120	99	115	5.52	0.0318116
104	120	115	98	-4.55	0.0321978
104	120	98	114	5.47	0.0318282
104	120	114	97	-4.98	0.032008
104	120	97	113	3.57	0.0328011
103	119	102	118	103.42	0.0300967
103	119	118	101	-68.81	0.0301453
103	119	101	117	39.91	0.0302506
103	119	117	100	-29.06	0.0303441
103	119	100	116	20.06	0.0304985
103	119	116	99	-15.92	0.0306281
103	119	99	115	9.78	0.0310225
103	119	115	98	-7.78	0.0312853
103	119	98	114	8.67	0.0311534
103	119	114	97	-7.79	0.0312837
103	119	97	113	5.27	0.0318975
102	118	101	117	105.68	100000
102	118	117	100	-70.39	100000
102	118	100	116	40.45	100000
102	118	116	99	-30.62	100000
102	118	99	115	16.93	100000
102	118	115	98	-12.78	100000
102	118	98	114	16.61	100000
102	118	114	97	-14.68	100000
102	118	97	113	8	0.03125
128	144	127	143	54.9	0.0301821
128	144	143	126	-42.55	0.030235
128	144	126	142	20.7	0.0304831
128	144	142	125	-16.59	0.0306028
128	144	125	141	10.19	0.0309814
128	144	141	124	-8.36	0.0311962
128	144	124	140	5.59	0.0317889
128	144	140	123	-4.67	0.0321413
128	144	123	139	2.87	0.0334843
128	144	139	122	-2.47	0.0340486
128	144	122	138	1.81	0.0355249
128	144	138	121	-1.6	0.03625
128	144	121	137	1.21	0.0382645
128	144	137	120	-1.08	0.0392593
128	144	120	136	0.85	0.0417647
128	144	136	119	-0.76	0.0431579
127	143	126	142	84.04	0.030119
127	143	142	125	-59.26	0.0301687
127	143	125	141	32.82	0.0303047
127	143	141	124	-24.81	0.0304031
127	143	124	140	16.11	0.0306207
127	143	140	123	-12.52	0.0307987
127	143	123	139	8.72	0.0311468
127	143	139	122	-7.02	0.0314245
127	143	122	138	4.59	0.0321786
127	143	138	121	-3.82	0.0326178
127	143	121	137	2.92	0.0334247
127	143	137	120	-2.45	0.0340816
127	143	120	136	1.94	0.0351546
127	143	136	119	-1.65	0.0360606
127	143	119	135	1.35	0.0374074
127	143	135	118	-1.16	0.0386207
126	142	125	141	91.48	0.0301093
126	142	141	124	-64.84	0.0301542
126	142	124	140	36.13	0.0302768
126	142	140	123	-27.17	0.0303681
126	142	123	139	17.72	0.0305643
126	142	139	122	-13.91	0.0307189
126	142	122	138	9.81	0.0310194
126	142	138	121	-8.02	0.0312469
126	142	121	137	5.35	0.0318692
126	142	137	120	-4.4	0.0322727
126	142	120	136	3.43	0.0329155
126	142	136	119	-2.87	0.0334843
126	142	119	135	2.31	0.034329
126	142	135	118	-1.95	0.0351282
126	142	118	134	1.59	0.0362893
126	142	134	117	-1.37	0.0372993
125	141	124	140	96.63	0.0301035
125	141	140	123	-67.18	0.0301489
125	141	123	139	37.52	0.0302665
125	141	139	122	-28.33	0.030353
125	141	122	138	18.7	0.0305348
125	141	138	121	-14.88	0.030672
125	141	121	137	10.68	0.0309363
125	141	137	120	-8.6	0.0311628
125	141	120	136	5.85	0.0317094
125	141	136	119	-4.8	0.0320833
125	141	119	135	3.78	0.0326455
125	141	135	118	-3.15	0.0331746
125	141	118	134	2.53	0.0339526
125	141	134	117	-2.14	0.0346729
125	141	117	133	1.78	0.035618
125	141	133	116	-1.54	0.0364935
124	140	123	139	95.09	0.0301052
124	140	139	122	-66.85	0.0301496
124	140	122	138	37.7	0.0302653
124	140	138	121	-28.95	0.0303454
124	140	121	137	19.44	0.0305144
124	140	137	120	-15.24	0.0306562
124	140	120	136	11.15	0.0308969
124	140	136	119	-8.98	0.0311136
124	140	119	135	6.14	0.0316287
124	140	135	118	-5.02	0.031992
124	140	118	134	3.95	0.0325316
124	140	134	117	-3.29	0.0330395
124	140	117	133	2.68	0.0337313
124	140	133	116	-2.3	0.0343478
124	140	116	132	1.94	0.0351546
124	140	132	115	-1.53	0.0365359
123	139	122	138	92.94	0.0301076
123	139	138	121	-66.32	0.0301508
123	139	121	137	38.32	0.030261
123	139	137	120	-28.87	0.0303464
123	139	120	136	19.84	0.030504
123	139	136	119	-15.57	0.0306423
123	139	119	135	11.53	0.0308673
123	139	135	118	-9.24	0.0310823
123	139	118	134	6.28	0.0315924
123	139	134	117	-5.15	0.0319417
123	139	117	133	4.11	0.0324331
123	139	133	116	-3.47	0.0328818
123	139	116	132	2.87	0.0334843
123	139	132	115	-2.22	0.0345045
123	139	115	131	1.87	0.0353476
123	139	131	114	-2.13	0.0346948
122	138	121	137	94.6	0.0301057
122	138	137	120	-65.23	0.0301533
122	138	120	136	38.57	0.0302593
122	138	136	119	-29.19	0.0303426
122	138	119	135	20.21	0.0304948
122	138	135	118	-15.81	0.0306325
122	138	118	134	11.59	0.0308628
122	138	134	117	-9.35	0.0310695
122	138	117	133	6.42	0.0315576
122	138	133	116	-5.34	0.0318727
122	138	116	132	4.32	0.0323148
122	138	132	115	-3.28	0.0330488
122	138	115	131	2.7	0.0337037
122	138	131	114	-3.1	0.0332258
122	138	114	130	2.77	0.0336101
122	138	130	113	-2.17	0.0346083
121	137	120	136	92.98	0.0301076
121	137	136	119	-66.08	0.0301513
121	137	119	135	38.67	0.0302586
121	137	135	118	-29.44	0.0303397
121	137	118	134	19.96	0.030501
121	137	134	117	-15.83	0.0306317
121	137	117	133	11.63	0.0308598
121	137	133	116	-9.57	0.0310449
121	137	116	132	6.62	0.0315106
121	137	132	115	-4.95	0.0320202
121	137	115	131	3.95	0.0325316
121	137	131	114	-4.57	0.0321882
121	137	114	130	4	0.0325
121	137	130	113	-3.08	0.0332468
121	137	113	129	2.74	0.0336496
120	136	119	135	95.66	0.0301045
120	136	135	118	-66.84	0.0301496
120	136	118	134	38.66	0.0302587
120	136	134	117	-29.46	0.0303394
120	136	117	133	20.13	0.0304968
120	136	133	116	-16.1	0.0306211
120	136	116	132	12.06	0.0308292
120	136	132	115	-8.77	0.0311403
120	136	115	131	6.01	0.0316639
120	136	131	114	-7.03	0.0314225
120	136	114	130	6.07	0.0316474
120	136	130	113	-4.53	0.0322075
120	136	113	129	3.96	0.0325253
119	135	118	134	97.78	0.0301023
119	135	134	117	-68.23	0.0301466
119	135	117	133	39.13	0.0302556
119	135	133	116	-30.01	0.0303332
119	135	116	132	20.94	0.0304776
119	135	132	115	-14.62	0.030684
119	135	115	131	10.7	0.0309346
119	135	131	114	-12.8	0.0307813
119	135	114	130	9.54	0.0310482
119	135	130	113	-6.81	0.0314684
119	135	113	129	5.85	0.0317094
118	134	113	129	9	0.0311111
