144# Number of sensors
#x	z
1.75	-0.1
1.75	-0.2
1.75	-0.3
1.75	-0.4
1.75	-0.5
1.75	-0.6
1.75	-0.7
1.75	-0.8
1.75	-0.9
1.75	-1
1.75	-1.1
1.75	-1.2
1.75	-1.3
1.75	-1.4
1.75	-1.5
1.75	-1.6
2.25	-0.1
2.25	-0.2
2.25	-0.3
2.25	-0.4
2.25	-0.5
2.25	-0.6
2.25	-0.7
2.25	-0.8
2.25	-0.9
2.25	-1
2.25	-1.1
2.25	-1.2
2.25	-1.3
2.25	-1.4
2.25	-1.5
2.25	-1.6
2.75	-0.1
2.75	-0.2
2.75	-0.3
2.75	-0.4
2.75	-0.5
2.75	-0.6
2.75	-0.7
2.75	-0.8
2.75	-0.9
2.75	-1
2.75	-1.1
2.75	-1.2
2.75	-1.3
2.75	-1.4
2.75	-1.5
2.75	-1.6
3.25	-0.1
3.25	-0.2
3.25	-0.3
3.25	-0.4
3.25	-0.5
3.25	-0.6
3.25	-0.7
3.25	-0.8
3.25	-0.9
3.25	-1
3.25	-1.1
3.25	-1.2
3.25	-1.3
3.25	-1.4
3.25	-1.5
3.25	-1.6
3.75	-0.1
3.75	-0.2
3.75	-0.3
3.75	-0.4
3.75	-0.5
3.75	-0.6
3.75	-0.7
3.75	-0.8
3.75	-0.9
3.75	-1
3.75	-1.1
3.75	-1.2
3.75	-1.3
3.75	-1.4
3.75	-1.5
3.75	-1.6
4.25	-0.1
4.25	-0.2
4.25	-0.3
4.25	-0.4
4.25	-0.5
4.25	-0.6
4.25	-0.7
4.25	-0.8
4.25	-0.9
4.25	-1
4.25	-1.1
4.25	-1.2
4.25	-1.3
4.25	-1.4
4.25	-1.5
4.25	-1.6
4.75	-0.1
4.75	-0.2
4.75	-0.3
4.75	-0.4
4.75	-0.5
4.75	-0.6
4.75	-0.7
4.75	-0.8
4.75	-0.9
4.75	-1
4.75	-1.1
4.75	-1.2
4.75	-1.3
4.75	-1.4
4.75	-1.5
4.75	-1.6
5.25	-0.1
5.25	-0.2
5.25	-0.3
5.25	-0.4
5.25	-0.5
5.25	-0.6
5.25	-0.7
5.25	-0.8
5.25	-0.9
5.25	-1
5.25	-1.1
5.25	-1.2
5.25	-1.3
5.25	-1.4
5.25	-1.5
5.25	-1.6
5.75	-0.1
5.75	-0.2
5.75	-0.3
5.75	-0.4
5.75	-0.5
5.75	-0.6
5.75	-0.7
5.75	-0.8
5.75	-0.9
5.75	-1
5.75	-1.1
5.75	-1.2
5.75	-1.3
5.75	-1.4
5.75	-1.5
5.75	-1.6
1256# Number of data
#a	b	m	n	R	err
16	32	15	31	35.28	0.0302834
16	32	31	14	-26.69	0.0303747
16	32	14	30	14.46	0.0306916
16	32	30	13	-11.66	0.0308576
16	32	13	29	9.31	0.0310741
16	32	29	12	-8.1	0.0312346
16	32	12	28	6.64	0.031506
16	32	28	11	-5.55	0.0318018
16	32	11	27	4.64	0.0321552
16	32	27	10	-3.58	0.0327933
16	32	10	26	2.94	0.0334014
16	32	26	9	-2.07	0.0348309
16	32	9	25	1.48	0.0367568
16	32	25	8	-1.12	0.0389286
16	32	8	24	0.78	0.0428205
16	32	24	7	-0.72	0.0438889
15	31	14	30	48.37	0.0302067
15	31	30	13	-38.79	0.0302578
15	31	13	29	29.74	0.0303362
15	31	29	12	-26.52	0.0303771
15	31	12	28	21.32	0.030469
15	31	28	11	-18.03	0.0305546
15	31	11	27	14.9	0.0306711
15	31	27	10	-11.3	0.030885
15	31	10	26	9.22	0.0310846
15	31	26	9	-6.16	0.0316234
15	31	9	25	4.33	0.0323095
15	31	25	8	-3.11	0.0332154
15	31	8	24	2.08	0.0348077
15	31	24	7	-1.89	0.035291
15	31	7	23	1.46	0.0368493
15	31	23	6	-1.31	0.0376336
14	30	13	29	40.28	0.0302483
14	30	29	12	-36.69	0.0302726
14	30	12	28	28.59	0.0303498
14	30	28	11	-24.92	0.0304013
14	30	11	27	20.3	0.0304926
14	30	27	10	-15.37	0.0306506
14	30	10	26	12.24	0.030817
14	30	26	9	-8.52	0.0311737
14	30	9	25	5.73	0.0317452
14	30	25	8	-4.22	0.0323697
14	30	8	24	2.74	0.0336496
14	30	24	7	-2.51	0.0339841
14	30	7	23	1.87	0.0353476
14	30	23	6	-1.7	0.0358824
14	30	6	22	1.63	0.036135
14	30	22	5	-1.4	0.0371429
13	29	12	28	38.8	0.0302577
13	29	28	11	-31.98	0.0303127
13	29	11	27	25.21	0.0303967
13	29	27	10	-19.62	0.0305097
13	29	10	26	15.21	0.0306575
13	29	26	9	-10.93	0.0309149
13	29	9	25	7.21	0.031387
13	29	25	8	-5.46	0.0318315
13	29	8	24	3.4	0.0329412
13	29	24	7	-3.14	0.0331847
13	29	7	23	2.27	0.0344053
13	29	23	6	-2.09	0.0347847
13	29	6	22	1.97	0.0350761
13	29	22	5	-1.73	0.0357803
13	29	5	21	1.51	0.0366225
13	29	21	4	-1.38	0.0372464
12	28	11	27	36.84	0.0302714
12	28	27	10	-28.8	0.0303472
12	28	10	26	21.63	0.0304623
12	28	26	9	-15.87	0.0306301
12	28	9	25	10.13	0.0309872
12	28	25	8	-7.78	0.0312853
12	28	8	24	4.7	0.0321277
12	28	24	7	-4.33	0.0323095
12	28	7	23	2.97	0.033367
12	28	23	6	-2.76	0.0336232
12	28	6	22	2.56	0.0339062
12	28	22	5	-2.29	0.0343668
12	28	5	21	1.94	0.0351546
12	28	21	4	-1.8	0.0355556
12	28	4	20	1.5	0.0366667
12	28	20	3	-1.42	0.0370423
11	27	10	26	37.41	0.0302673
11	27	26	9	-26.22	0.0303814
11	27	9	25	16.51	0.0306057
11	27	25	8	-12.2	0.0308197
11	27	8	24	7.13	0.0314025
11	27	24	7	-6.51	0.0315361
11	27	7	23	4.4	0.0322727
11	27	23	6	-4.05	0.0324691
11	27	6	22	3.63	0.0327548
11	27	22	5	-3.2	0.033125
11	27	5	21	2.68	0.0337313
11	27	21	4	-2.46	0.034065
11	27	4	20	2.02	0.0349505
11	27	20	3	-1.9	0.0352632
11	27	3	19	1.71	0.035848
11	27	19	2	-1.62	0.0361728
10	26	9	25	31.1	0.0303215
10	26	25	8	-21.21	0.0304715
10	26	8	24	11.99	0.030834
10	26	24	7	-10.75	0.0309302
10	26	7	23	7.03	0.0314225
10	26	23	6	-6.38	0.0315674
10	26	6	22	5.76	0.0317361
10	26	22	5	-4.91	0.0320367
10	26	5	21	4.04	0.0324752
10	26	21	4	-3.62	0.0327624
10	26	4	20	2.96	0.0333784
10	26	20	3	-2.76	0.0336232
10	26	3	19	2.48	0.0340323
10	26	19	2	-2.32	0.0343103
10	26	2	18	2.21	0.0345249
10	26	18	1	-2.07	0.0348309
9	25	8	24	20.99	0.0304764
9	25	24	7	-18.36	0.0305447
9	25	7	23	11.26	0.0308881
9	25	23	6	-10.13	0.0309872
9	25	6	22	8.93	0.0311198
9	25	22	5	-7.47	0.0313387
9	25	5	21	6.09	0.031642
9	25	21	4	-5.4	0.0318519
9	25	4	20	4.26	0.0323474
9	25	20	3	-3.93	0.0325445
9	25	3	19	3.48	0.0328736
9	25	19	2	-3.25	0.0330769
9	25	2	18	3.08	0.0332468
9	25	18	1	-2.85	0.0335088
9	25	1	17	2.7	0.0337037
8	24	7	23	15.8	0.0306329
8	24	23	6	-13.88	0.0307205
8	24	6	22	11.74	0.0308518
8	24	22	5	-9.75	0.0310256
8	24	5	21	7.7	0.0312987
8	24	21	4	-6.82	0.0314663
8	24	4	20	5.25	0.0319048
8	24	20	3	-4.85	0.0320619
8	24	3	19	4.15	0.0324096
8	24	19	2	-3.87	0.032584
8	24	2	18	3.62	0.0327624
8	24	18	1	-3.36	0.0329762
8	24	1	17	3.15	0.0331746
7	23	6	22	18.49	0.0305408
7	23	22	5	-13.71	0.0307294
7	23	5	21	10.31	0.0309699
7	23	21	4	-8.97	0.0311148
7	23	4	20	6.59	0.0315175
7	23	20	3	-6.04	0.0316556
7	23	3	19	5.1	0.0319608
7	23	19	2	-4.76	0.0321008
7	23	2	18	4.34	0.0323041
7	23	18	1	-4.02	0.0324876
7	23	1	17	3.72	0.0326882
6	22	1	17	8.1	0.0312346
3	19	2	18	266.77	0.0300375
3	19	18	1	-182.95	0.0300547
3	19	1	17	138.44	0.0300722
2	18	1	17	812.88	0.0300123
32	48	31	47	41.26	0.0302424
32	48	47	30	-29.14	0.0303432
32	48	30	46	17.27	0.030579
32	48	46	29	-14.98	0.0306676
32	48	29	45	11.54	0.0308666
32	48	45	28	-10.02	0.030998
32	48	28	44	7.69	0.0313004
32	48	44	27	-6.72	0.0314881
32	48	27	43	5.34	0.0318727
32	48	43	26	-4.59	0.0321786
32	48	26	42	3.68	0.0327174
32	48	42	25	-3.04	0.0332895
32	48	25	41	2.33	0.0342918
32	48	41	24	-1.99	0.0350251
32	48	24	40	1.55	0.0364516
32	48	40	23	-1.4	0.0371429
31	47	30	46	56.07	0.0301783
31	47	46	29	-47.1	0.0302123
31	47	29	45	35.22	0.0302839
31	47	45	28	-29.83	0.0303352
31	47	28	44	22.52	0.030444
31	47	44	27	-19.26	0.0305192
31	47	27	43	15.23	0.0306566
31	47	43	26	-12.81	0.0307806
31	47	26	42	9.1	0.0310989
31	47	42	25	-7.28	0.0313736
31	47	25	41	5.53	0.0318083
31	47	41	24	-4.56	0.032193
31	47	24	40	3.53	0.0328329
31	47	40	23	-3.08	0.0332468
31	47	23	39	2.38	0.0342017
31	47	39	22	-2.21	0.0345249
30	46	29	45	55.13	0.0301814
30	46	45	28	-47.09	0.0302124
30	46	28	44	33.96	0.0302945
30	46	44	27	-29.34	0.0303408
30	46	27	43	22.53	0.0304439
30	46	43	26	-19.17	0.0305216
30	46	26	42	14.87	0.0306725
30	46	42	25	-12.08	0.0308278
30	46	25	41	7.8	0.0312821
30	46	41	24	-6.5	0.0315385
30	46	24	40	4.91	0.0320367
30	46	40	23	-4.33	0.0323095
30	46	23	39	3.24	0.0330864
30	46	39	22	-3.02	0.0333113
30	46	22	38	2.61	0.0338314
30	46	38	21	-2.3	0.0343478
29	45	28	44	49.11	0.0302036
29	45	44	27	-42.17	0.0302371
29	45	27	43	31.57	0.0303168
29	45	43	26	-26.91	0.0303716
29	45	26	42	20.47	0.0304885
29	45	42	25	-16.67	0.0305999
29	45	25	41	12.09	0.0308271
29	45	41	24	-10.1	0.0309901
29	45	24	40	6.49	0.0315408
29	45	40	23	-5.7	0.0317544
29	45	23	39	4.17	0.0323981
29	45	39	22	-3.89	0.0325707
29	45	22	38	3.32	0.033012
29	45	38	21	-2.94	0.0334014
29	45	21	37	2.55	0.0339216
29	45	37	20	-2.2	0.0345455
28	44	27	43	49.8	0.0302008
28	44	43	26	-42.28	0.0302365
28	44	26	42	31.13	0.0303212
28	44	42	25	-25.41	0.0303935
28	44	25	41	17.89	0.030559
28	44	41	24	-14.9	0.0306711
28	44	24	40	10.81	0.0309251
28	44	40	23	-9.48	0.0310549
28	44	23	39	5.8	0.0317241
28	44	39	22	-5.4	0.0318519
28	44	22	38	4.52	0.0322124
28	44	38	21	-4.03	0.0324814
28	44	21	37	3.42	0.032924
28	44	37	20	-2.98	0.0333557
28	44	20	36	2.39	0.0341841
28	44	36	19	-2.16	0.0346296
27	43	26	42	50.81	0.0301968
27	43	42	25	-41.18	0.0302428
27	43	25	41	27.94	0.0303579
27	43	41	24	-23.07	0.0304335
27	43	24	40	16.29	0.0306139
27	43	40	23	-14.15	0.0307067
27	43	23	39	9.67	0.0310341
27	43	39	22	-9	0.0311111
27	43	22	38	6.36	0.0315723
27	43	38	21	-5.68	0.0317606
27	43	21	37	4.7	0.0321277
27	43	37	20	-4.09	0.032445
27	43	20	36	3.18	0.0331447
27	43	36	19	-2.91	0.0334364
27	43	19	35	2.5	0.034
27	43	35	18	-2.37	0.0342194
26	42	25	41	46.11	0.0302169
26	42	41	24	-37.28	0.0302682
26	42	24	40	25.5	0.0303922
26	42	40	23	-21.83	0.0304581
26	42	23	39	14.4	0.0306944
26	42	39	22	-13.33	0.0307502
26	42	22	38	10.74	0.0309311
26	42	38	21	-9.54	0.0310482
26	42	21	37	6.78	0.0314749
26	42	37	20	-5.86	0.0317065
26	42	20	36	4.43	0.0322573
26	42	36	19	-4.02	0.0324876
26	42	19	35	3.41	0.0329326
26	42	35	18	-3.23	0.033096
26	42	18	34	3	0.0333333
26	42	34	17	-2.83	0.0335336
25	41	24	40	43.47	0.03023
25	41	40	23	-36.14	0.0302767
25	41	23	39	22.77	0.0304392
25	41	39	22	-20.96	0.0304771
25	41	22	38	16.5	0.0306061
25	41	38	21	-14.6	0.0306849
25	41	21	37	11.61	0.0308613
25	41	37	20	-9.96	0.031004
25	41	20	36	7.24	0.0313812
25	41	36	19	-6.52	0.0315337
25	41	19	35	5.42	0.031845
25	41	35	18	-5.11	0.0319569
25	41	18	34	4.72	0.0321186
25	41	34	17	-4.43	0.0322573
25	41	17	33	4.3	0.0323256
24	40	23	39	36.23	0.030276
24	40	39	22	-33.13	0.0303018
24	40	22	38	24.71	0.0304047
24	40	38	21	-21.97	0.0304552
24	40	21	37	16.63	0.0306013
24	40	37	20	-14.4	0.0306944
24	40	20	36	9.92	0.0310081
24	40	36	19	-8.96	0.0311161
24	40	19	35	7.08	0.0314124
24	40	35	18	-6.67	0.0314993
24	40	18	34	6.05	0.0316529
24	40	34	17	-5.69	0.0317575
24	40	17	33	5.43	0.0318416
23	39	22	38	41.01	0.0302438
23	39	38	21	-36.46	0.0302743
23	39	21	37	25.89	0.0303862
23	39	37	20	-22.61	0.0304423
23	39	20	36	14.44	0.0306925
23	39	36	19	-13.13	0.0307616
23	39	19	35	9.95	0.031005
23	39	35	18	-9.39	0.031065
23	39	18	34	8.23	0.0312151
23	39	34	17	-7.73	0.0312937
23	39	17	33	7.25	0.0313793
22	38	21	37	41.69	0.0302399
22	38	37	20	-34.99	0.0302858
22	38	20	36	19.9	0.0305025
22	38	36	19	-17.88	0.0305593
22	38	19	35	12.78	0.0307825
22	38	35	18	-12	0.0308333
22	38	18	34	10.41	0.0309606
22	38	34	17	-9.76	0.0310246
22	38	17	33	8.89	0.0311249
21	37	20	36	76.52	0.0301307
21	37	36	19	-54.81	0.0301824
21	37	19	35	35.48	0.0302818
21	37	35	18	-30.35	0.0303295
21	37	18	34	26.04	0.030384
21	37	34	17	-22.81	0.0304384
21	37	17	33	20.89	0.0304787
18	34	17	33	420.41	0.0300238
48	64	47	63	55.43	0.0301804
48	64	63	46	-43.43	0.0302303
48	64	46	62	24.01	0.0304165
48	64	62	45	-20.52	0.0304873
48	64	45	61	13.53	0.0307391
48	64	61	44	-11.22	0.0308913
48	64	44	60	8.3	0.0312048
48	64	60	43	-7.03	0.0314225
48	64	43	59	5.15	0.0319417
48	64	59	42	-4.33	0.0323095
48	64	42	58	3.42	0.032924
48	64	58	41	-2.83	0.0335336
48	64	41	57	2.25	0.0344444
48	64	57	40	-1.94	0.0351546
48	64	40	56	1.58	0.0363291
48	64	56	39	-1.32	0.0375758
47	63	46	62	59.48	0.0301681
47	63	62	45	-47.52	0.0302104
47	63	45	61	32.26	0.03031
47	63	61	44	-25.07	0.0303989
47	63	44	60	19.18	0.0305214
47	63	60	43	-15.29	0.030654
47	63	43	59	12.08	0.0308278
47	63	59	42	-9.51	0.0310515
47	63	42	58	7.38	0.031355
47	63	58	41	-5.62	0.0317794
47	63	41	57	4.68	0.0321368
47	63	57	40	-3.73	0.032681
47	63	40	56	3.21	0.0331153
47	63	56	39	-2.44	0.0340984
47	63	39	55	2.05	0.034878
47	63	55	38	-1.77	0.0356497
46	62	45	61	64.64	0.0301547
46	62	61	44	-51.37	0.0301947
46	62	44	60	35.64	0.0302806
46	62	60	43	-28.99	0.0303449
46	62	43	59	21.5	0.0304651
46	62	59	42	-17.25	0.0305797
46	62	42	58	13.54	0.0307386
46	62	58	41	-10.5	0.0309524
46	62	41	57	7.62	0.0313123
46	62	57	40	-6.2	0.0316129
46	62	40	56	5.01	0.031996
46	62	56	39	-3.9	0.0325641
46	62	39	55	3.11	0.0332154
46	62	55	38	-2.7	0.0337037
46	62	38	54	2.36	0.0342373
46	62	54	37	-2.01	0.0349751
45	61	44	60	63.74	0.0301569
45	61	60	43	-53.15	0.0301881
45	61	43	59	35.62	0.0302807
45	61	59	42	-29.28	0.0303415
45	61	42	58	21.56	0.0304638
45	61	58	41	-17.23	0.0305804
45	61	41	57	12.89	0.0307758
45	61	57	40	-10.72	0.0309328
45	61	40	56	7.55	0.0313245
45	61	56	39	-6	0.0316667
45	61	39	55	4.52	0.0322124
45	61	55	38	-3.98	0.0325126
45	61	38	54	3.31	0.0330211
45	61	54	37	-2.86	0.0334965
45	61	37	53	2.5	0.034
45	61	53	36	-2	0.035
44	60	43	59	63.96	0.0301563
44	60	59	42	-52.71	0.0301897
44	60	42	58	36.21	0.0302762
44	60	58	41	-28.98	0.0303451
44	60	41	57	20.76	0.0304817
44	60	57	40	-17.18	0.0305821
44	60	40	56	12.45	0.0308032
44	60	56	39	-9.82	0.0310183
44	60	39	55	6.72	0.0314881
44	60	55	38	-5.86	0.0317065
44	60	38	54	4.77	0.0320964
44	60	54	37	-4.09	0.032445
44	60	37	53	3.51	0.032849
44	60	53	36	-2.78	0.0335971
44	60	36	52	2.49	0.0340161
44	60	52	35	-2.15	0.0346512
43	59	42	58	68.66	0.0301456
43	59	58	41	-55.47	0.0301803
43	59	41	57	36.39	0.0302748
43	59	57	40	-30.2	0.0303311
43	59	40	56	20.37	0.0304909
43	59	56	39	-16	0.030625
43	59	39	55	11.27	0.0308873
43	59	55	38	-9.79	0.0310215
43	59	38	54	7.18	0.0313928
43	59	54	37	-6.11	0.0316367
43	59	37	53	5.11	0.0319569
43	59	53	36	-4.03	0.0324814
43	59	36	52	3.53	0.0328329
43	59	52	35	-3.04	0.0332895
43	59	35	51	2.62	0.0338168
43	59	51	34	-2.44	0.0340984
42	58	41	57	66.42	0.0301506
42	58	57	40	-55.15	0.0301813
42	58	40	56	33.57	0.0302979
42	58	56	39	-26.24	0.0303811
42	58	39	55	17.73	0.030564
42	58	55	38	-15.25	0.0306557
42	58	38	54	11.6	0.0308621
42	58	54	37	-9.78	0.0310225
42	58	37	53	7.26	0.0313774
42	58	53	36	-5.64	0.031773
42	58	36	52	4.84	0.0320661
42	58	52	35	-4.13	0.0324213
42	58	35	51	3.5	0.0328571
42	58	51	34	-3.25	0.0330769
42	58	34	50	3	0.0333333
42	58	50	33	-2.7	0.0337037
41	57	40	56	62.42	0.0301602
41	57	56	39	-49.08	0.0302037
41	57	39	55	30.48	0.0303281
41	57	55	38	-26.16	0.0303823
41	57	38	54	18.68	0.0305353
41	57	54	37	-15.61	0.0306406
41	57	37	53	12.36	0.0308091
41	57	53	36	-9.46	0.0310571
41	57	36	52	7.07	0.0314144
41	57	52	35	-5.96	0.0316779
41	57	35	51	4.93	0.0320284
41	57	51	34	-4.54	0.0322026
41	57	34	50	4.16	0.0324038
41	57	50	33	-3.74	0.0326738
41	57	33	49	3.55	0.0328169
40	56	39	55	57.1	0.0301751
40	56	55	38	-48.49	0.0302062
40	56	38	54	32.26	0.03031
40	56	54	37	-26.62	0.0303757
40	56	37	53	20.28	0.0304931
40	56	53	36	-15.33	0.0306523
40	56	36	52	12.44	0.0308039
40	56	52	35	-10.4	0.0309615
40	56	35	51	7.39	0.0313532
40	56	51	34	-6.77	0.0314771
40	56	34	50	6.11	0.0316367
40	56	50	33	-5.49	0.0318215
40	56	33	49	5.17	0.0319342
39	55	38	54	71.92	0.030139
39	55	54	37	-60.6	0.030165
39	55	37	53	38.09	0.0302625
39	55	53	36	-29.05	0.0303442
39	55	36	52	21.22	0.0304713
39	55	52	35	-17.73	0.030564
39	55	35	51	13.01	0.0307686
39	55	51	34	-11.86	0.0308432
39	55	34	50	9.38	0.0310661
39	55	50	33	-8.4	0.0311905
39	55	33	49	7.74	0.031292
38	54	37	53	76.34	0.030131
38	54	53	36	-59.55	0.0301679
38	54	36	52	36.58	0.0302734
38	54	52	35	-30.79	0.0303248
38	54	35	51	20.08	0.030498
38	54	51	34	-18.32	0.0305459
38	54	34	50	15.25	0.0306557
38	54	50	33	-13.7	0.0307299
38	54	33	49	10.79	0.0309268
37	53	36	52	88.06	0.0301136
37	53	52	35	-68.42	0.0301462
37	53	35	51	37.71	0.0302652
37	53	51	34	-33.19	0.0303013
37	53	34	50	26.42	0.0303785
37	53	50	33	-23.3	0.0304292
37	53	33	49	20.53	0.0304871
34	50	33	49	280.33	0.0300357
64	80	63	79	52.27	0.0301913
64	80	79	62	-32.53	0.0303074
64	80	62	78	22.11	0.0304523
64	80	78	61	-15.26	0.0306553
64	80	61	77	11.28	0.0308865
64	80	77	60	-8.3	0.0312048
64	80	60	76	6.77	0.0314771
64	80	76	59	-5.02	0.031992
64	80	59	75	4.18	0.0323923
64	80	75	58	-3.16	0.0331646
64	80	58	74	2.79	0.0335842
64	80	74	57	-2.1	0.0347619
64	80	57	73	1.88	0.0353191
64	80	73	56	-1.34	0.0374627
64	80	56	72	1.24	0.0380645
64	80	72	55	-0.92	0.0408696
63	79	62	78	73.54	0.030136
63	79	78	61	-58.26	0.0301716
63	79	61	77	29.48	0.0303392
63	79	77	60	-23.76	0.0304209
63	79	60	76	16.05	0.0306231
63	79	76	59	-12.86	0.0307776
63	79	59	75	9.5	0.0310526
63	79	75	58	-7.71	0.031297
63	79	58	74	5.29	0.0318904
63	79	74	57	-4.27	0.0323419
63	79	57	73	3.41	0.0329326
63	79	73	56	-2.62	0.0338168
63	79	56	72	2.15	0.0346512
63	79	72	55	-1.75	0.0357143
63	79	55	71	1.49	0.0367114
63	79	71	54	-1.26	0.0379365
62	78	61	77	74.35	0.0301345
62	78	77	60	-58.41	0.0301712
62	78	60	76	34.39	0.0302908
62	78	76	59	-26.95	0.0303711
62	78	59	75	18.82	0.0305313
62	78	75	58	-15.02	0.0306658
62	78	58	74	11.39	0.030878
62	78	74	57	-9.03	0.0311074
62	78	57	73	6.27	0.0315949
62	78	73	56	-4.73	0.0321142
62	78	56	72	3.81	0.0326247
62	78	72	55	-3.05	0.0332787
62	78	55	71	2.56	0.0339062
62	78	71	54	-2.13	0.0346948
62	78	54	70	1.83	0.0354645
62	78	70	53	-1.56	0.0364103
61	77	60	76	84.36	0.0301185
61	77	76	59	-66.65	0.03015
61	77	59	75	38.27	0.0302613
61	77	75	58	-30.45	0.0303284
61	77	58	74	21.23	0.030471
61	77	74	57	-16.76	0.0305967
61	77	57	73	12.46	0.0308026
61	77	73	56	-9.38	0.0310661
61	77	56	72	6.52	0.0315337
61	77	72	55	-5.22	0.0319157
61	77	55	71	4.24	0.0323585
61	77	71	54	-3.53	0.0328329
61	77	54	70	2.94	0.0334014
61	77	70	53	-2.51	0.0339841
61	77	53	69	2.13	0.0346948
61	77	69	52	-1.85	0.0354054
60	76	59	75	85.72	0.0301167
60	76	75	58	-68.73	0.0301455
60	76	58	74	39.39	0.0302539
60	76	74	57	-31.04	0.0303222
60	76	57	73	21.22	0.0304713
60	76	73	56	-15.9	0.0306289
60	76	56	72	11.67	0.0308569
60	76	72	55	-9.29	0.0310764
60	76	55	71	6.51	0.0315361
60	76	71	54	-5.4	0.0318519
60	76	54	70	4.35	0.0322989
60	76	70	53	-3.72	0.0326882
60	76	53	69	3.07	0.0332573
60	76	69	52	-2.67	0.0337453
60	76	52	68	2.31	0.034329
60	76	68	51	-1.99	0.0350251
59	75	58	74	90.37	0.0301107
59	75	74	57	-70.84	0.0301412
59	75	57	73	40.07	0.0302496
59	75	73	56	-29.54	0.0303385
59	75	56	72	20.04	0.030499
59	75	72	55	-15.75	0.0306349
59	75	55	71	11.79	0.0308482
59	75	71	54	-9.65	0.0310363
59	75	54	70	6.75	0.0314815
59	75	70	53	-5.72	0.0317483
59	75	53	69	4.6	0.0321739
59	75	69	52	-3.96	0.0325253
59	75	52	68	3.36	0.0329762
59	75	68	51	-2.88	0.0334722
59	75	51	67	2.5	0.034
59	75	67	50	-2.32	0.0343103
58	74	57	73	87.37	0.0301145
58	74	73	56	-64.72	0.0301545
58	74	56	72	35.94	0.0302782
58	74	72	55	-27.98	0.0303574
58	74	55	71	19.44	0.0305144
58	74	71	54	-15.72	0.0306361
58	74	54	70	11.66	0.0308576
58	74	70	53	-9.8	0.0310204
58	74	53	69	6.78	0.0314749
58	74	69	52	-5.81	0.0317212
58	74	52	68	4.8	0.0320833
58	74	68	51	-4.08	0.032451
58	74	51	67	3.48	0.0328736
58	74	67	50	-3.22	0.0331056
58	74	50	66	2.89	0.0334602
58	74	66	49	-2.72	0.0336765
57	73	56	72	82.9	0.0301206
57	73	72	55	-64.87	0.0301542
57	73	55	71	36.75	0.0302721
57	73	71	54	-29.13	0.0303433
57	73	54	70	19.72	0.0305071
57	73	70	53	-16.33	0.0306124
57	73	53	69	11.94	0.0308375
57	73	69	52	-10.13	0.0309872
57	73	52	68	7.25	0.0313793
57	73	68	51	-6.1	0.0316393
57	73	51	67	5.05	0.0319802
57	73	67	50	-4.64	0.0321552
57	73	50	66	4.09	0.032445
57	73	66	49	-3.83	0.032611
57	73	49	65	3.64	0.0327473
56	72	55	71	81.92	0.0301221
56	72	71	54	-65.38	0.030153
56	72	54	70	35.96	0.0302781
56	72	70	53	-29.43	0.0303398
56	72	53	69	19.78	0.0305056
56	72	69	52	-16.43	0.0306086
56	72	52	68	12.5	0.0308
56	72	68	51	-10.3	0.0309709
56	72	51	67	7.37	0.0313569
56	72	67	50	-6.68	0.031497
56	72	50	66	5.78	0.0317301
56	72	66	49	-5.37	0.0318622
56	72	49	65	5.06	0.0319763
55	71	54	70	93.95	0.0301064
55	71	70	53	-70.79	0.0301413
55	71	53	69	40.07	0.0302496
55	71	69	52	-31.68	0.0303157
55	71	52	68	22.83	0.030438
55	71	68	51	-17.89	0.030559
55	71	51	67	13.93	0.0307179
55	71	67	50	-12.34	0.0308104
55	71	50	66	9.36	0.0310684
55	71	66	49	-8.56	0.0311682
55	71	49	65	8	0.03125
54	70	53	69	96.51	0.0301036
54	70	69	52	-72.46	0.030138
54	70	52	68	43.44	0.0302302
54	70	68	51	-32.52	0.0303075
54	70	51	67	23.52	0.0304252
54	70	67	50	-20.35	0.0304914
54	70	50	66	16.6	0.0306024
54	70	66	49	-14.99	0.0306671
54	70	49	65	12.23	0.0308177
53	69	52	68	107.12	0.0300934
53	69	68	51	-75.59	0.0301323
53	69	51	67	44.29	0.0302258
53	69	67	50	-37.45	0.030267
53	69	50	66	28.11	0.0303557
53	69	66	49	-24.99	0.0304002
53	69	49	65	22.29	0.0304486
52	68	51	67	102.51	0.0300976
52	68	67	50	-82.2	0.0301217
52	68	50	66	51.32	0.0301949
52	68	66	49	-44.5	0.0302247
52	68	49	65	37.81	0.0302645
80	96	79	95	38.54	0.0302595
80	96	95	78	-28.54	0.0303504
80	96	78	94	15.49	0.0306456
80	96	94	77	-11.75	0.0308511
80	96	77	93	7.39	0.0313532
80	96	93	76	-6	0.0316667
80	96	76	92	4.11	0.0324331
80	96	92	75	-3.42	0.032924
80	96	75	91	2.47	0.0340486
80	96	91	74	-2.1	0.0347619
80	96	74	90	1.57	0.0363694
80	96	90	73	-1.36	0.0373529
80	96	73	89	1.05	0.0395238
80	96	89	72	-0.92	0.0408696
80	96	72	88	0.73	0.0436986
80	96	88	71	-0.67	0.0449254
79	95	78	94	85.22	0.0301173
79	95	94	77	-56.27	0.0301777
79	95	77	93	30.12	0.030332
79	95	93	76	-22.59	0.0304427
79	95	76	92	14.11	0.0307087
79	95	92	75	-11.25	0.0308889
79	95	75	91	7.85	0.0312739
79	95	91	74	-6.3	0.0315873
79	95	74	90	4.11	0.0324331
79	95	90	73	-3.36	0.0329762
79	95	73	89	2.54	0.033937
79	95	89	72	-2.13	0.0346948
79	95	72	88	1.67	0.035988
79	95	88	71	-1.47	0.0368027
79	95	71	87	1.15	0.0386957
79	95	87	70	-1.01	0.039901
78	94	77	93	83.55	0.0301197
78	94	93	76	-59.47	0.0301682
78	94	76	92	32.15	0.030311
78	94	92	75	-23.93	0.0304179
78	94	75	91	15.86	0.0306305
78	94	91	74	-12.44	0.0308039
78	94	74	90	8.74	0.0311442
78	94	90	73	-6.94	0.0314409
78	94	73	89	4.64	0.0321552
78	94	89	72	-3.82	0.0326178
78	94	72	88	2.94	0.0334014
78	94	88	71	-2.55	0.0339216
78	94	71	87	1.96	0.035102
78	94	87	70	-1.7	0.0358824
78	94	70	86	1.37	0.0372993
78	94	86	69	-1.21	0.0382645
77	93	76	92	89.95	0.0301112
77	93	92	75	-61.48	0.0301627
77	93	75	91	34.74	0.0302879
77	93	91	74	-25.83	0.0303871
77	93	74	90	17.17	0.0305824
77	93	90	73	-13.22	0.0307564
77	93	73	89	9.42	0.0310616
77	93	89	72	-7.51	0.0313316
77	93	72	88	5.12	0.0319531
77	93	88	71	-4.3	0.0323256
77	93	71	87	3.29	0.0330395
77	93	87	70	-2.78	0.0335971
77	93	70	86	2.23	0.0344843
77	93	86	69	-1.92	0.0352083
77	93	69	85	1.58	0.0363291
77	93	85	68	-1.4	0.0371429
76	92	75	91	92.76	0.0301078
76	92	91	74	-63.42	0.0301577
76	92	74	90	35.67	0.0302803
76	92	90	73	-26.26	0.0303808
76	92	73	89	17.47	0.0305724
76	92	89	72	-13.53	0.0307391
76	92	72	88	9.82	0.0310183
76	92	88	71	-8.08	0.0312376
76	92	71	87	5.43	0.0318416
76	92	87	70	-4.5	0.0322222
76	92	70	86	3.54	0.0328249
76	92	86	69	-2.99	0.0333445
76	92	69	85	2.41	0.0341494
76	92	85	68	-2.14	0.0346729
76	92	68	84	1.79	0.0355866
76	92	84	67	-1.62	0.0361728
75	91	74	90	93.84	0.0301066
75	91	90	73	-63.2	0.0301582
75	91	73	89	35.38	0.0302826
75	91	89	72	-26.19	0.0303818
75	91	72	88	17.76	0.0305631
75	91	88	71	-14.19	0.0307047
75	91	71	87	10.15	0.0309852
75	91	87	70	-8.22	0.0312165
75	91	70	86	5.69	0.0317575
75	91	86	69	-4.72	0.0321186
75	91	69	85	3.74	0.0326738
75	91	85	68	-3.24	0.0330864
75	91	68	84	2.67	0.0337453
75	91	84	67	-2.4	0.0341667
75	91	67	83	2.03	0.0349261
75	91	83	66	-1.84	0.0354348
74	90	73	89	91.74	0.030109
74	90	89	72	-62.84	0.0301591
74	90	72	88	35.61	0.0302808
74	90	88	71	-27.41	0.0303648
74	90	71	87	18.19	0.0305498
74	90	87	70	-14.32	0.0306983
74	90	70	86	10.5	0.0309524
74	90	86	69	-8.51	0.0311751
74	90	69	85	5.93	0.0316863
74	90	85	68	-5.05	0.0319802
74	90	68	84	4.06	0.0324631
74	90	84	67	-3.59	0.0327855
74	90	67	83	2.98	0.0333557
74	90	83	66	-2.68	0.0337313
74	90	66	82	2.37	0.0342194
74	90	82	65	-2.22	0.0345045
73	89	72	88	95.19	0.0301051
73	89	88	71	-67.03	0.0301492
73	89	71	87	37.3	0.0302681
73	89	87	70	-28.04	0.0303566
73	89	70	86	19.11	0.0305233
73	89	86	69	-14.96	0.0306684
73	89	69	85	11.02	0.0309074
73	89	85	68	-9.15	0.0310929
73	89	68	84	6.5	0.0315385
73	89	84	67	-5.64	0.031773
73	89	67	83	4.56	0.032193
73	89	83	66	-4.04	0.0324752
73	89	66	82	3.52	0.0328409
73	89	82	65	-3.28	0.0330488
73	89	65	81	3.02	0.0333113
72	88	67	83	6.97	0.0314347
72	88	83	66	-6.05	0.0316529
72	88	66	82	5.16	0.031938
72	88	82	65	-4.77	0.0320964
72	88	65	81	4.34	0.0323041
71	87	66	82	7.93	0.031261
71	87	82	65	-7.28	0.0313736
71	87	65	81	6.46	0.031548
70	86	65	81	9.94	0.031006
96	112	95	111	40.86	0.0302447
96	112	111	94	-27.58	0.0303626
96	112	94	110	16.89	0.0305921
96	112	110	93	-12.51	0.0307994
96	112	93	109	8.62	0.0311601
96	112	109	92	-6.68	0.031497
96	112	92	108	4.89	0.032045
96	112	108	91	-3.91	0.0325575
96	112	91	107	2.96	0.0333784
96	112	107	90	-2.39	0.0341841
96	112	90	106	1.84	0.0354348
96	112	106	89	-1.5	0.0366667
96	112	89	105	1.21	0.0382645
96	112	105	88	-1.01	0.039901
96	112	88	104	0.85	0.0417647
96	112	104	87	-0.71	0.0440845
95	111	94	110	84.09	0.0301189
95	111	110	93	-57.85	0.0301729
95	111	93	109	32.68	0.030306
95	111	109	92	-24.43	0.0304093
95	111	92	108	15.92	0.0306281
95	111	108	91	-12.42	0.0308052
95	111	91	107	8.67	0.0311534
95	111	107	90	-6.86	0.0314577
95	111	90	106	4.4	0.0322727
95	111	106	89	-3.49	0.0328653
95	111	89	105	2.69	0.0337175
95	111	105	88	-2.16	0.0346296
95	111	88	104	1.76	0.0356818
95	111	104	87	-1.42	0.0370423
95	111	87	103	1.22	0.0381967
95	111	103	86	-1	0.04
94	110	93	109	93.63	0.0301068
94	110	109	92	-65.98	0.0301516
94	110	92	108	37.59	0.030266
94	110	108	91	-28.71	0.0303483
94	110	91	107	18.64	0.0305365
94	110	107	90	-14.81	0.0306752
94	110	90	106	9.92	0.0310081
94	110	106	89	-7.87	0.0312706
94	110	89	105	5.17	0.0319342
94	110	105	88	-4.2	0.032381
94	110	88	104	3.26	0.0330675
94	110	104	87	-2.65	0.0337736
94	110	87	103	2.18	0.0345872
94	110	103	86	-1.82	0.0354945
94	110	86	102	1.54	0.0364935
94	110	102	85	-1.31	0.0376336
93	109	92	108	96.84	0.0301033
93	109	108	91	-69.91	0.030143
93	109	91	107	39.51	0.0302531
93	109	107	90	-30.71	0.0303256
93	109	90	106	18.72	0.0305342
93	109	106	89	-14.8	0.0306757
93	109	89	105	10.25	0.0309756
93	109	105	88	-8.27	0.0312092
93	109	88	104	5.55	0.0318018
93	109	104	87	-4.5	0.0322222
93	109	87	103	3.59	0.0327855
93	109	103	86	-2.99	0.0333445
93	109	86	102	2.46	0.034065
93	109	102	85	-2.09	0.0347847
93	109	85	101	1.75	0.0357143
93	109	101	84	-1.5	0.0366667
92	108	91	107	98.53	0.0301015
92	108	107	90	-70.49	0.0301419
92	108	90	106	37.23	0.0302686
92	108	106	89	-28.31	0.0303532
92	108	89	105	18.4	0.0305435
92	108	105	88	-14.91	0.0306707
92	108	88	104	10.43	0.0309588
92	108	104	87	-8.31	0.0312034
92	108	87	103	5.79	0.0317271
92	108	103	86	-4.75	0.0321053
92	108	86	102	3.82	0.0326178
92	108	102	85	-3.21	0.0331153
92	108	85	101	2.64	0.0337879
92	108	101	84	-2.25	0.0344444
92	108	84	100	1.9	0.0352632
92	108	100	83	-1.63	0.036135
91	107	90	106	93	0.0301075
91	107	106	89	-64.95	0.030154
91	107	89	105	36.37	0.030275
91	107	105	88	-27.76	0.0303602
91	107	88	104	18.62	0.0305371
91	107	104	87	-14.55	0.0306873
91	107	87	103	10.8	0.0309259
91	107	103	86	-8.76	0.0311416
91	107	86	102	6.13	0.0316313
91	107	102	85	-5.1	0.0319608
91	107	85	101	4.07	0.032457
91	107	101	84	-3.44	0.032907
91	107	84	100	2.85	0.0335088
91	107	100	83	-2.42	0.0341322
91	107	83	99	2.1	0.0347619
91	107	99	82	-1.83	0.0354645
90	106	89	105	95.09	0.0301052
90	106	105	88	-67.52	0.0301481
90	106	88	104	37.86	0.0302641
90	106	104	87	-28.66	0.0303489
90	106	87	103	19.67	0.0305084
90	106	103	86	-15.55	0.0306431
90	106	86	102	11.57	0.0308643
90	106	102	85	-9.55	0.0310471
90	106	85	101	6.57	0.0315221
90	106	101	84	-5.5	0.0318182
90	106	84	100	4.39	0.0322779
90	106	100	83	-3.71	0.0326954
90	106	83	99	3.12	0.0332051
90	106	99	82	-2.72	0.0336765
90	106	82	98	2.4	0.0341667
90	106	98	81	-2.19	0.0345662
89	105	88	104	97.69	0.0301024
89	105	104	87	-67.86	0.0301474
89	105	87	103	39.51	0.0302531
89	105	103	86	-30.5	0.0303279
89	105	86	102	20.76	0.0304817
89	105	102	85	-16.79	0.0305956
89	105	85	101	12.14	0.0308237
89	105	101	84	-10.02	0.030998
89	105	84	100	6.93	0.031443
89	105	100	83	-5.77	0.0317331
89	105	83	99	4.72	0.0321186
89	105	99	82	-4.06	0.0324631
89	105	82	98	3.5	0.0328571
89	105	98	81	-3.18	0.0331447
89	105	81	97	2.88	0.0334722
88	104	87	103	102.51	0.0300976
88	104	103	86	-73.46	0.0301361
88	104	86	102	41.42	0.0302414
88	104	102	85	-32.39	0.0303087
88	104	85	101	21.42	0.0304669
88	104	101	84	-16.9	0.0305917
88	104	84	100	12.5	0.0308
88	104	100	83	-10.23	0.0309775
88	104	83	99	7.23	0.0313831
88	104	99	82	-6.14	0.0316287
88	104	82	98	5.15	0.0319417
88	104	98	81	-4.63	0.0321598
88	104	81	97	4.12	0.0324272
87	103	82	98	7.98	0.0312531
87	103	98	81	-7.06	0.0314164
87	103	81	97	6.16	0.0316234
86	102	81	97	9.21	0.0310858
112	128	111	127	38.63	0.0302589
112	128	127	110	-27.91	0.0303583
112	128	110	126	16	0.030625
112	128	126	109	-12.16	0.0308224
112	128	109	125	8.22	0.0312165
112	128	125	108	-6.48	0.0315432
112	128	108	124	4.68	0.0321368
112	128	124	107	-3.77	0.0326525
112	128	107	123	2.8	0.0335714
112	128	123	106	-2.27	0.0344053
112	128	106	122	1.74	0.0357471
112	128	122	105	-1.47	0.0368027
112	128	105	121	1.19	0.0384034
112	128	121	104	-1.02	0.0398039
112	128	104	120	0.82	0.0421951
112	128	120	103	-0.73	0.0436986
111	127	110	126	81.42	0.0301228
111	127	126	109	-56.11	0.0301782
111	127	109	125	32.07	0.0303118
111	127	125	108	-23.58	0.0304241
111	127	108	124	15.75	0.0306349
111	127	124	107	-12.08	0.0308278
111	127	107	123	8.48	0.0311792
111	127	123	106	-6.59	0.0315175
111	127	106	122	4.3	0.0323256
111	127	122	105	-3.54	0.0328249
111	127	105	121	2.7	0.0337037
111	127	121	104	-2.32	0.0343103
111	127	104	120	1.77	0.0356497
111	127	120	103	-1.57	0.0363694
111	127	103	119	1.22	0.0381967
111	127	119	102	-1.11	0.039009
110	126	109	125	91.92	0.0301088
110	126	125	108	-63.37	0.0301578
110	126	108	124	37.57	0.0302662
110	126	124	107	-27.25	0.030367
110	126	107	123	18.41	0.0305432
110	126	123	106	-13.53	0.0307391
110	126	106	122	9.69	0.031032
110	126	122	105	-7.64	0.0313089
110	126	105	121	5.21	0.0319194
110	126	121	104	-4.3	0.0323256
110	126	104	120	3.28	0.0330488
110	126	120	103	-2.81	0.0335587
110	126	103	119	2.2	0.0345455
110	126	119	102	-1.93	0.0351813
110	126	102	118	1.52	0.0365789
110	126	118	101	-1.36	0.0373529
109	125	108	124	98.86	0.0301012
109	125	124	107	-68.4	0.0301462
109	125	107	123	39.47	0.0302534
109	125	123	106	-27.81	0.0303596
109	125	106	122	18.75	0.0305333
109	125	122	105	-14.31	0.0306988
109	125	105	121	10.49	0.0309533
109	125	121	104	-8.45	0.0311834
109	125	104	120	5.64	0.031773
109	125	120	103	-4.74	0.0321097
109	125	103	119	3.66	0.0327322
109	125	119	102	-3.14	0.0331847
109	125	102	118	2.46	0.034065
109	125	118	101	-2.14	0.0346729
109	125	101	117	1.71	0.035848
109	125	117	100	-1.51	0.0366225
108	124	107	123	98.42	0.0301016
108	124	123	106	-64.73	0.0301545
108	124	106	122	37.32	0.030268
108	124	122	105	-27.48	0.0303639
108	124	105	121	18.93	0.0305283
108	124	121	104	-14.89	0.0306716
108	124	104	120	10.67	0.0309372
108	124	120	103	-8.81	0.0311351
108	124	103	119	5.93	0.0316863
108	124	119	102	-5	0.032
108	124	102	118	3.84	0.0326042
108	124	118	101	-3.29	0.0330395
108	124	101	117	2.59	0.033861
108	124	117	100	-2.27	0.0344053
108	124	100	116	1.82	0.0354945
108	124	116	99	-1.65	0.0360606
107	123	106	122	91.77	0.030109
107	123	122	105	-63.03	0.0301587
107	123	105	121	37.27	0.0302683
107	123	121	104	-28.22	0.0303544
107	123	104	120	18.9	0.0305291
107	123	120	103	-15.2	0.0306579
107	123	103	119	11.01	0.0309083
107	123	119	102	-9.08	0.0311013
107	123	102	118	6.13	0.0316313
107	123	118	101	-5.13	0.0319493
107	123	101	117	3.97	0.0325189
107	123	117	100	-3.4	0.0329412
107	123	100	116	2.7	0.0337037
107	123	116	99	-2.41	0.0341494
107	123	99	115	1.7	0.0358824
107	123	115	98	-1.53	0.0365359
106	122	105	121	96.03	0.0301041
106	122	121	104	-66.3	0.0301508
106	122	104	120	37.8	0.0302646
106	122	120	103	-28.85	0.0303466
106	122	103	119	19.75	0.0305063
106	122	119	102	-15.65	0.030639
106	122	102	118	11.39	0.030878
106	122	118	101	-9.18	0.0310893
106	122	101	117	6.32	0.0315823
106	122	117	100	-5.23	0.031912
106	122	100	116	4.11	0.0324331
106	122	116	99	-3.56	0.032809
106	122	99	115	2.49	0.0340161
106	122	115	98	-2.19	0.0345662
106	122	98	114	2.55	0.0339216
106	122	114	97	-2.39	0.0341841
105	121	104	120	92.65	0.0301079
105	121	120	103	-64.24	0.0301557
105	121	103	119	38.34	0.0302608
105	121	119	102	-28.68	0.0303487
105	121	102	118	19.81	0.0305048
105	121	118	101	-15.29	0.030654
105	121	101	117	11.31	0.0308842
105	121	117	100	-9.01	0.0311099
105	121	100	116	6.27	0.0315949
105	121	116	99	-5.26	0.0319011
105	121	99	115	3.62	0.0327624
105	121	115	98	-3.09	0.0332362
105	121	98	114	3.63	0.0327548
105	121	114	97	-3.35	0.0329851
105	121	97	113	2.5	0.034
104	120	103	119	99.62	0.0301004
104	120	119	102	-67.4	0.0301484
104	120	102	118	39.73	0.0302517
104	120	118	101	-28.89	0.0303461
104	120	101	117	20.06	0.0304985
104	120	117	100	-15.33	0.0306523
104	120	100	116	11.4	0.0308772
104	120	116	99	-9.29	0.0310764
104	120	99	115	5.48	0.0318248
104	120	115	98	-4.53	0.0322075
104	120	98	114	5.44	0.0318382
104	120	114	97	-4.96	0.0320161
104	120	97	113	3.56	0.032809
103	119	102	118	102.2	0.0300978
103	119	118	101	-67.96	0.0301471
103	119	101	117	39.64	0.0302523
103	119	117	100	-28.74	0.0303479
103	119	100	116	19.92	0.030502
103	119	116	99	-16.12	0.0306203
103	119	99	115	9.68	0.0310331
103	119	115	98	-7.72	0.0312953
103	119	98	114	8.59	0.0311641
103	119	114	97	-7.73	0.0312937
103	119	97	113	5.24	0.0319084
102	118	101	117	105.39	0.0300949
102	118	117	100	-69.33	0.0301442
102	118	100	116	40.16	0.030249
102	118	116	99	-30.01	0.0303332
102	118	99	115	16.66	0.0306002
102	118	115	98	-12.56	0.0307962
102	118	98	114	16.3	0.0306135
102	118	114	97	-14.36	0.0306964
102	118	97	113	8.05	0.0312422
128	144	127	143	54.46	0.0301836
128	144	143	126	-42.17	0.0302371
128	144	126	142	20.59	0.0304857
128	144	142	125	-16.5	0.0306061
128	144	125	141	10.15	0.0309852
128	144	141	124	-8.33	0.0312005
128	144	124	140	5.57	0.0317953
128	144	140	123	-4.66	0.0321459
128	144	123	139	2.88	0.0334722
128	144	139	122	-2.47	0.0340486
128	144	122	138	1.81	0.0355249
128	144	138	121	-1.6	0.03625
128	144	121	137	1.22	0.0381967
128	144	137	120	-1.08	0.0392593
128	144	120	136	0.85	0.0417647
128	144	136	119	-0.77	0.042987
127	143	126	142	83.07	0.0301204
127	143	142	125	-58.62	0.0301706
127	143	125	141	32.49	0.0303078
127	143	141	124	-24.59	0.0304067
127	143	124	140	15.97	0.0306262
127	143	140	123	-12.43	0.0308045
127	143	123	139	8.65	0.0311561
127	143	139	122	-6.97	0.0314347
127	143	122	138	4.56	0.032193
127	143	138	121	-3.8	0.0326316
127	143	121	137	2.9	0.0334483
127	143	137	120	-2.44	0.0340984
127	143	120	136	1.93	0.0351813
127	143	136	119	-1.65	0.0360606
127	143	119	135	1.34	0.0374627
127	143	135	118	-1.15	0.0386957
126	142	125	141	90.45	0.0301106
126	142	141	124	-64.2	0.0301558
126	142	124	140	35.75	0.0302797
126	142	140	123	-26.92	0.0303715
126	142	123	139	17.55	0.0305698
126	142	139	122	-13.79	0.0307252
126	142	122	138	9.72	0.0310288
126	142	138	121	-7.95	0.0312579
126	142	121	137	5.29	0.0318904
126	142	137	120	-4.36	0.0322936
126	142	120	136	3.39	0.0329499
126	142	136	119	-2.84	0.0335211
126	142	119	135	2.28	0.034386
126	142	135	118	-1.93	0.0351813
126	142	118	134	1.57	0.0363694
126	142	134	117	-1.36	0.0373529
125	141	124	140	95.53	0.0301047
125	141	140	123	-66.54	0.0301503
125	141	123	139	37.11	0.0302695
125	141	139	122	-28.07	0.0303563
125	141	122	138	18.5	0.0305405
125	141	138	121	-14.74	0.0306784
125	141	121	137	10.57	0.0309461
125	141	137	120	-8.52	0.0311737
125	141	120	136	5.8	0.0317241
125	141	136	119	-4.77	0.0320964
125	141	119	135	3.75	0.0326667
125	141	135	118	-3.13	0.0331949
125	141	118	134	2.51	0.0339841
125	141	134	117	-2.13	0.0346948
125	141	117	133	1.77	0.0356497
125	141	133	116	-1.54	0.0364935
124	140	123	139	94	0.0301064
124	140	139	122	-66.25	0.0301509
124	140	122	138	37.21	0.0302687
124	140	138	121	-28.69	0.0303486
124	140	121	137	19.24	0.0305198
124	140	137	120	-15.11	0.0306618
124	140	120	136	11.03	0.0309066
124	140	136	119	-8.9	0.0311236
124	140	119	135	6.12	0.031634
124	140	135	118	-5	0.032
124	140	118	134	3.93	0.0325445
124	140	134	117	-3.29	0.0330395
124	140	117	133	2.68	0.0337313
124	140	133	116	-2.3	0.0343478
124	140	116	132	1.94	0.0351546
124	140	132	115	-1.53	0.0365359
123	139	122	138	91.8	0.0301089
123	139	138	121	-65.68	0.0301523
123	139	121	137	37.87	0.0302641
123	139	137	120	-28.59	0.0303498
123	139	120	136	19.62	0.0305097
123	139	136	119	-15.43	0.0306481
123	139	119	135	11.4	0.0308772
123	139	135	118	-9.16	0.0310917
123	139	118	134	6.21	0.0316103
123	139	134	117	-5.1	0.0319608
123	139	117	133	4.07	0.032457
123	139	133	116	-3.44	0.032907
123	139	116	132	2.85	0.0335088
123	139	132	115	-2.21	0.0345249
123	139	115	131	1.86	0.0353763
123	139	131	114	-2.11	0.0347393
122	138	121	137	93.3	0.0301072
122	138	137	120	-64.52	0.030155
122	138	120	136	38.08	0.0302626
122	138	136	119	-28.89	0.0303461
122	138	119	135	19.97	0.0305008
122	138	135	118	-15.65	0.030639
122	138	118	134	11.47	0.0308718
122	138	134	117	-9.27	0.0310787
122	138	117	133	6.37	0.0315699
122	138	133	116	-5.31	0.0318832
122	138	116	132	4.29	0.032331
122	138	132	115	-3.26	0.0330675
122	138	115	131	2.69	0.0337175
122	138	131	114	-3.08	0.0332468
122	138	114	130	2.75	0.0336364
122	138	130	113	-2.16	0.0346296
121	137	120	136	91.69	0.0301091
121	137	136	119	-65.36	0.030153
121	137	119	135	38.18	0.0302619
121	137	135	118	-29.14	0.0303432
121	137	118	134	19.73	0.0305068
121	137	134	117	-15.68	0.0306378
121	137	117	133	11.52	0.0308681
121	137	133	116	-9.49	0.0310537
121	137	116	132	6.56	0.0315244
121	137	132	115	-4.93	0.0320284
121	137	115	131	3.94	0.0325381
121	137	131	114	-4.54	0.0322026
121	137	114	130	3.98	0.0325126
121	137	130	113	-3.07	0.0332573
121	137	113	129	2.72	0.0336765
120	136	119	135	94.38	0.030106
120	136	135	118	-66.14	0.0301512
120	136	118	134	38.19	0.0302618
120	136	134	117	-29.18	0.0303427
120	136	117	133	19.92	0.030502
120	136	133	116	-15.98	0.0306258
120	136	116	132	11.96	0.0308361
120	136	132	115	-8.73	0.0311455
120	136	115	131	5.98	0.0316722
120	136	131	114	-6.99	0.0314306
120	136	114	130	6.03	0.0316584
120	136	130	113	-4.51	0.0322173
120	136	113	129	3.94	0.0325381
119	135	118	134	96.28	0.0301039
119	135	134	117	-67.38	0.0301484
119	135	117	133	38.63	0.0302589
119	135	133	116	-29.7	0.0303367
119	135	116	132	20.71	0.0304829
119	135	132	115	-14.51	0.0306892
119	135	115	131	10.64	0.0309398
119	135	131	114	-12.7	0.0307874
119	135	114	130	9.49	0.0310537
119	135	130	113	-6.79	0.0314728
119	135	113	129	5.83	0.0317153
118	134	113	129	8.95	0.0311173
