144# Number of sensors
#x	z
1.75	-0.1
1.75	-0.2
1.75	-0.3
1.75	-0.4
1.75	-0.5
1.75	-0.6
1.75	-0.7
1.75	-0.8
1.75	-0.9
1.75	-1
1.75	-1.1
1.75	-1.2
1.75	-1.3
1.75	-1.4
1.75	-1.5
1.75	-1.6
2.25	-0.1
2.25	-0.2
2.25	-0.3
2.25	-0.4
2.25	-0.5
2.25	-0.6
2.25	-0.7
2.25	-0.8
2.25	-0.9
2.25	-1
2.25	-1.1
2.25	-1.2
2.25	-1.3
2.25	-1.4
2.25	-1.5
2.25	-1.6
2.75	-0.1
2.75	-0.2
2.75	-0.3
2.75	-0.4
2.75	-0.5
2.75	-0.6
2.75	-0.7
2.75	-0.8
2.75	-0.9
2.75	-1
2.75	-1.1
2.75	-1.2
2.75	-1.3
2.75	-1.4
2.75	-1.5
2.75	-1.6
3.25	-0.1
3.25	-0.2
3.25	-0.3
3.25	-0.4
3.25	-0.5
3.25	-0.6
3.25	-0.7
3.25	-0.8
3.25	-0.9
3.25	-1
3.25	-1.1
3.25	-1.2
3.25	-1.3
3.25	-1.4
3.25	-1.5
3.25	-1.6
3.75	-0.1
3.75	-0.2
3.75	-0.3
3.75	-0.4
3.75	-0.5
3.75	-0.6
3.75	-0.7
3.75	-0.8
3.75	-0.9
3.75	-1
3.75	-1.1
3.75	-1.2
3.75	-1.3
3.75	-1.4
3.75	-1.5
3.75	-1.6
4.25	-0.1
4.25	-0.2
4.25	-0.3
4.25	-0.4
4.25	-0.5
4.25	-0.6
4.25	-0.7
4.25	-0.8
4.25	-0.9
4.25	-1
4.25	-1.1
4.25	-1.2
4.25	-1.3
4.25	-1.4
4.25	-1.5
4.25	-1.6
4.75	-0.1
4.75	-0.2
4.75	-0.3
4.75	-0.4
4.75	-0.5
4.75	-0.6
4.75	-0.7
4.75	-0.8
4.75	-0.9
4.75	-1
4.75	-1.1
4.75	-1.2
4.75	-1.3
4.75	-1.4
4.75	-1.5
4.75	-1.6
5.25	-0.1
5.25	-0.2
5.25	-0.3
5.25	-0.4
5.25	-0.5
5.25	-0.6
5.25	-0.7
5.25	-0.8
5.25	-0.9
5.25	-1
5.25	-1.1
5.25	-1.2
5.25	-1.3
5.25	-1.4
5.25	-1.5
5.25	-1.6
5.75	-0.1
5.75	-0.2
5.75	-0.3
5.75	-0.4
5.75	-0.5
5.75	-0.6
5.75	-0.7
5.75	-0.8
5.75	-0.9
5.75	-1
5.75	-1.1
5.75	-1.2
5.75	-1.3
5.75	-1.4
5.75	-1.5
5.75	-1.6
1256# Number of data
#a	b	m	n	R	err
16	32	15	31	35.85	0.0302789
16	32	31	14	-26.85	0.0303724
16	32	14	30	15.08	0.0306631
16	32	30	13	-12.09	0.0308271
16	32	13	29	9.44	0.0310593
16	32	29	12	-8.07	0.0312392
16	32	12	28	6.48	0.0315432
16	32	28	11	-5.49	0.0318215
16	32	11	27	4.5	0.0322222
16	32	27	10	-3.63	0.0327548
16	32	10	26	2.95	0.0333898
16	32	26	9	-2.23	0.0344843
16	32	9	25	1.68	0.0359524
16	32	25	8	-1.31	0.0376336
16	32	8	24	0.98	0.0402041
16	32	24	7	-0.9	0.0411111
15	31	14	30	50.14	0.0301994
15	31	30	13	-40.52	0.0302468
15	31	13	29	30.2	0.0303311
15	31	29	12	-26.71	0.0303744
15	31	12	28	20.83	0.0304801
15	31	28	11	-17.96	0.0305568
15	31	11	27	14.49	0.0306901
15	31	27	10	-11.51	0.0308688
15	31	10	26	9.32	0.031073
15	31	26	9	-6.69	0.0314948
15	31	9	25	4.95	0.0320202
15	31	25	8	-3.65	0.0327397
15	31	8	24	2.66	0.0337594
15	31	24	7	-2.39	0.0341841
15	31	7	23	1.81	0.0355249
15	31	23	6	-1.68	0.0359524
14	30	13	29	40.91	0.0302444
14	30	29	12	-37.15	0.0302692
14	30	12	28	28.3	0.0303534
14	30	28	11	-24.96	0.0304006
14	30	11	27	19.93	0.0305018
14	30	27	10	-15.75	0.0306349
14	30	10	26	12.37	0.0308084
14	30	26	9	-9.23	0.0310834
14	30	9	25	6.54	0.0315291
14	30	25	8	-4.98	0.032008
14	30	8	24	3.52	0.0328409
14	30	24	7	-3.19	0.0331348
14	30	7	23	2.34	0.0342735
14	30	23	6	-2.2	0.0345455
14	30	6	22	1.95	0.0351282
14	30	22	5	-1.65	0.0360606
13	29	12	28	37.71	0.0302652
13	29	28	11	-31.73	0.0303152
13	29	11	27	24.36	0.0304105
13	29	27	10	-19.79	0.0305053
13	29	10	26	15.08	0.0306631
13	29	26	9	-11.59	0.0308628
13	29	9	25	8.04	0.0312438
13	29	25	8	-6.3	0.0315873
13	29	8	24	4.3	0.0323256
13	29	24	7	-3.92	0.032551
13	29	7	23	2.8	0.0335714
13	29	23	6	-2.64	0.0337879
13	29	6	22	2.3	0.0343478
13	29	22	5	-1.99	0.0350251
13	29	5	21	1.78	0.035618
13	29	21	4	-1.6	0.03625
12	28	11	27	36.24	0.0302759
12	28	27	10	-29.37	0.0303405
12	28	10	26	21.64	0.0304621
12	28	26	9	-16.83	0.0305942
12	28	9	25	11.34	0.0308818
12	28	25	8	-8.94	0.0311186
12	28	8	24	6	0.0316667
12	28	24	7	-5.46	0.0318315
12	28	7	23	3.72	0.0326882
12	28	23	6	-3.52	0.0328409
12	28	6	22	3.01	0.0333223
12	28	22	5	-2.64	0.0337879
12	28	5	21	2.29	0.0343668
12	28	21	4	-2.08	0.0348077
12	28	4	20	1.74	0.0357471
12	28	20	3	-1.64	0.0360976
11	27	10	26	37.46	0.030267
11	27	26	9	-28.14	0.0303554
11	27	9	25	18.49	0.0305408
11	27	25	8	-14.2	0.0307042
11	27	8	24	9.18	0.0310893
11	27	24	7	-8.3	0.0312048
11	27	7	23	5.55	0.0318018
11	27	23	6	-5.25	0.0319048
11	27	6	22	4.34	0.0323041
11	27	22	5	-3.77	0.0326525
11	27	5	21	3.21	0.0331153
11	27	21	4	-2.91	0.0334364
11	27	4	20	2.37	0.0342194
11	27	20	3	-2.22	0.0345045
11	27	3	19	1.99	0.0350251
11	27	19	2	-1.88	0.0353191
10	26	9	25	34.47	0.0302901
10	26	25	8	-25	0.0304
10	26	8	24	15.6	0.030641
10	26	24	7	-13.82	0.0307236
10	26	7	23	8.93	0.0311198
10	26	23	6	-8.4	0.0311905
10	26	6	22	6.92	0.0314451
10	26	22	5	-5.91	0.031692
10	26	5	21	4.89	0.032045
10	26	21	4	-4.37	0.0322883
10	26	4	20	3.51	0.032849
10	26	20	3	-3.26	0.0330675
10	26	3	19	2.9	0.0334483
10	26	19	2	-2.71	0.03369
10	26	2	18	2.58	0.033876
10	26	18	1	-2.4	0.0341667
9	25	8	24	27.95	0.0303578
9	25	24	7	-24.02	0.0304163
9	25	7	23	14.66	0.0306821
9	25	23	6	-13.73	0.0307283
9	25	6	22	10.99	0.0309099
9	25	22	5	-9.24	0.0310823
9	25	5	21	7.58	0.0313193
9	25	21	4	-6.71	0.0314903
9	25	4	20	5.17	0.0319342
9	25	20	3	-4.77	0.0320964
9	25	3	19	4.18	0.0323923
9	25	19	2	-3.9	0.0325641
9	25	2	18	3.68	0.0327174
9	25	18	1	-3.4	0.0329412
9	25	1	17	3.22	0.0331056
8	24	7	23	21.43	0.0304666
8	24	23	6	-19.81	0.0305048
8	24	6	22	15.09	0.0306627
8	24	22	5	-12.62	0.0307924
8	24	5	21	10.01	0.030999
8	24	21	4	-8.83	0.0311325
8	24	4	20	6.65	0.0315038
8	24	20	3	-6.11	0.0316367
8	24	3	19	5.17	0.0319342
8	24	19	2	-4.81	0.032079
8	24	2	18	4.49	0.0322272
8	24	18	1	-4.15	0.0324096
8	24	1	17	3.88	0.0325773
7	23	6	22	22.72	0.0304401
7	23	22	5	-18.4	0.0305435
7	23	5	21	13.73	0.0307283
7	23	21	4	-12.17	0.0308217
7	23	4	20	8.51	0.0311751
7	23	20	3	-7.85	0.0312739
7	23	3	19	6.5	0.0315385
7	23	19	2	-6.09	0.031642
7	23	2	18	5.49	0.0318215
7	23	18	1	-5.09	0.0319646
7	23	1	17	4.69	0.0321322
6	22	1	17	7.83	0.0312771
3	19	2	18	266.61	0.0300375
3	19	18	1	-183.02	0.0300546
3	19	1	17	138.47	0.0300722
2	18	1	17	813.91	0.0300123
32	48	31	47	42.46	0.0302355
32	48	47	30	-30.91	0.0303235
32	48	30	46	18.5	0.0305405
32	48	46	29	-15.92	0.0306281
32	48	29	45	12.25	0.0308163
32	48	45	28	-10.61	0.0309425
32	48	28	44	8.16	0.0312255
32	48	44	27	-7.09	0.0314104
32	48	27	43	5.68	0.0317606
32	48	43	26	-4.87	0.0320534
32	48	26	42	3.94	0.0325381
32	48	42	25	-3.31	0.0330211
32	48	25	41	2.57	0.0338911
32	48	41	24	-2.23	0.0344843
32	48	24	40	1.78	0.035618
32	48	40	23	-1.58	0.0363291
31	47	30	46	60.78	0.0301645
31	47	46	29	-50.51	0.030198
31	47	29	45	37.79	0.0302646
31	47	45	28	-31.86	0.0303139
31	47	28	44	24.16	0.0304139
31	47	44	27	-20.5	0.0304878
31	47	27	43	16.32	0.0306127
31	47	43	26	-13.69	0.0307305
31	47	26	42	9.81	0.0310194
31	47	42	25	-7.99	0.0312516
31	47	25	41	6.16	0.0316234
31	47	41	24	-5.19	0.0319268
31	47	24	40	4.1	0.032439
31	47	40	23	-3.54	0.0328249
31	47	23	39	2.79	0.0335842
31	47	39	22	-2.56	0.0339062
30	46	29	45	60.57	0.0301651
30	46	45	28	-51.69	0.0301935
30	46	28	44	37.22	0.0302687
30	46	44	27	-32.03	0.0303122
30	46	27	43	24.66	0.0304055
30	46	43	26	-20.98	0.0304766
30	46	26	42	16.34	0.030612
30	46	42	25	-13.58	0.0307364
30	46	25	41	8.88	0.0311261
30	46	41	24	-7.58	0.0313193
30	46	24	40	5.82	0.0317182
30	46	40	23	-5.09	0.0319646
30	46	23	39	3.87	0.032584
30	46	39	22	-3.57	0.0328011
30	46	22	38	3.08	0.0332468
30	46	38	21	-2.72	0.0336765
29	45	28	44	53.37	0.0301874
29	45	44	27	-45.67	0.030219
29	45	27	43	34.32	0.0302914
29	45	43	26	-29.24	0.030342
29	45	26	42	22.32	0.030448
29	45	42	25	-18.6	0.0305376
29	45	25	41	13.61	0.0307348
29	45	41	24	-11.65	0.0308584
29	45	24	40	7.68	0.0313021
29	45	40	23	-6.7	0.0314925
29	45	23	39	4.99	0.032004
29	45	39	22	-4.6	0.0321739
29	45	22	38	3.91	0.0325575
29	45	38	21	-3.47	0.0328818
29	45	21	37	2.99	0.0333445
29	45	37	20	-2.57	0.0338911
28	44	27	43	53.82	0.0301858
28	44	43	26	-45.56	0.0302195
28	44	26	42	33.73	0.0302965
28	44	42	25	-28.09	0.030356
28	44	25	41	19.99	0.0305003
28	44	41	24	-17.04	0.0305869
28	44	24	40	12.6	0.0307937
28	44	40	23	-10.96	0.0309124
28	44	23	39	6.87	0.0314556
28	44	39	22	-6.31	0.0315848
28	44	22	38	5.27	0.0318975
28	44	38	21	-4.68	0.0321368
28	44	21	37	3.96	0.0325253
28	44	37	20	-3.43	0.0329155
28	44	20	36	2.71	0.03369
28	44	36	19	-2.47	0.0340486
27	43	26	42	55.25	0.030181
27	43	42	25	-45.42	0.0302202
27	43	25	41	31.24	0.0303201
27	43	41	24	-26.35	0.0303795
27	43	24	40	18.99	0.0305266
27	43	40	23	-16.31	0.0306131
27	43	23	39	11.45	0.0308734
27	43	39	22	-10.46	0.030956
27	43	22	38	7.48	0.0313369
27	43	38	21	-6.61	0.0315129
27	43	21	37	5.5	0.0318182
27	43	37	20	-4.74	0.0321097
27	43	20	36	3.64	0.0327473
27	43	36	19	-3.32	0.033012
27	43	19	35	2.82	0.0335461
27	43	35	18	-2.67	0.0337453
26	42	25	41	51.88	0.0301928
26	42	41	24	-42.76	0.0302339
26	42	24	40	29.94	0.030334
26	42	40	23	-25.25	0.030396
26	42	23	39	17.21	0.0305811
26	42	39	22	-15.53	0.0306439
26	42	22	38	12.51	0.0307994
26	42	38	21	-11.01	0.0309083
26	42	21	37	7.92	0.0312626
26	42	37	20	-6.74	0.0314837
26	42	20	36	5.06	0.0319763
26	42	36	19	-4.57	0.0321882
26	42	19	35	3.84	0.0326042
26	42	35	18	-3.62	0.0327624
26	42	18	34	3.35	0.0329851
26	42	34	17	-3.17	0.0331546
25	41	24	40	51.49	0.0301942
25	41	40	23	-42.61	0.0302347
25	41	23	39	27.63	0.0303619
25	41	39	22	-24.65	0.0304057
25	41	22	38	19.37	0.0305163
25	41	38	21	-16.96	0.0305896
25	41	21	37	13.58	0.0307364
25	41	37	20	-11.46	0.0308726
25	41	20	36	7.21	0.031387
25	41	36	19	-6.45	0.0315504
25	41	19	35	5.3	0.0318868
25	41	35	18	-4.98	0.032008
25	41	18	34	4.58	0.0321834
25	41	34	17	-4.3	0.0323256
25	41	17	33	4.14	0.0324155
24	40	23	39	45.31	0.0302207
24	40	39	22	-40.09	0.0302494
24	40	22	38	29.73	0.0303364
24	40	38	21	-26.12	0.0303828
24	40	21	37	20.04	0.030499
24	40	37	20	-17.01	0.0305879
24	40	20	36	11.63	0.0308598
24	40	36	19	-10.43	0.0309588
24	40	19	35	7.18	0.0313928
24	40	35	18	-6.73	0.0314859
24	40	18	34	6.08	0.0316447
24	40	34	17	-5.71	0.0317513
24	40	17	33	5.41	0.0318484
23	39	22	38	50.63	0.0301975
23	39	38	21	-44.52	0.0302246
23	39	21	37	32.32	0.0303094
23	39	37	20	-27.5	0.0303636
23	39	20	36	17.54	0.0305701
23	39	36	19	-15.75	0.0306349
23	39	19	35	11.85	0.0308439
23	39	35	18	-11.12	0.0308993
23	39	18	34	8.35	0.0311976
23	39	34	17	-7.83	0.0312771
23	39	17	33	7.3	0.0313699
22	38	21	37	50.94	0.0301963
22	38	37	20	-42.69	0.0302342
22	38	20	36	24.46	0.0304088
22	38	36	19	-21.77	0.0304593
22	38	19	35	15.54	0.0306435
22	38	35	18	-14.52	0.0306887
22	38	18	34	12.59	0.0307943
22	38	34	17	-11.76	0.0308503
22	38	17	33	9.08	0.0311013
21	37	20	36	78.79	0.0301269
21	37	36	19	-57.43	0.0301741
21	37	19	35	37.09	0.0302696
21	37	35	18	-31.99	0.0303126
21	37	18	34	27.32	0.030366
21	37	34	17	-24.1	0.0304149
21	37	17	33	21.97	0.0304552
18	34	17	33	422.4	0.0300237
48	64	47	63	58.58	0.0301707
48	64	63	46	-46.09	0.030217
48	64	46	62	23.7	0.0304219
48	64	62	45	-19.99	0.0305003
48	64	45	61	13.19	0.0307582
48	64	61	44	-10.74	0.0309311
48	64	44	60	7.91	0.0312642
48	64	60	43	-6.59	0.0315175
48	64	43	59	4.85	0.0320619
48	64	59	42	-4	0.0325
48	64	42	58	3.23	0.033096
48	64	58	41	-2.6	0.0338462
48	64	41	57	2.13	0.0346948
48	64	57	40	-1.79	0.0355866
48	64	40	56	1.52	0.0365789
48	64	56	39	-1.23	0.0381301
47	63	46	62	60.38	0.0301656
47	63	62	45	-47.62	0.03021
47	63	45	61	32.1	0.0303115
47	63	61	44	-24.51	0.030408
47	63	44	60	18.68	0.0305353
47	63	60	43	-14.65	0.0306826
47	63	43	59	11.67	0.0308569
47	63	59	42	-9	0.0311111
47	63	42	58	7.1	0.0314085
47	63	58	41	-5.25	0.0319048
47	63	41	57	4.53	0.0322075
47	63	57	40	-3.49	0.0328653
47	63	40	56	3.14	0.0331847
47	63	56	39	-2.31	0.034329
47	63	39	55	2.06	0.0348544
47	63	55	38	-1.71	0.035848
46	62	45	61	70.21	0.0301424
46	62	61	44	-55.62	0.0301798
46	62	44	60	36.89	0.0302711
46	62	60	43	-29.73	0.0303364
46	62	43	59	21.75	0.0304598
46	62	59	42	-17.25	0.0305797
46	62	42	58	13.69	0.0307305
46	62	58	41	-10.42	0.0309597
46	62	41	57	7.69	0.0313004
46	62	57	40	-6.08	0.0316447
46	62	40	56	5.12	0.0319531
46	62	56	39	-3.89	0.0325707
46	62	39	55	3.25	0.0330769
46	62	55	38	-2.75	0.0336364
46	62	38	54	2.44	0.0340984
46	62	54	37	-2.06	0.0348544
45	61	44	60	67.82	0.0301474
45	61	60	43	-56.52	0.0301769
45	61	43	59	36.11	0.0302769
45	61	59	42	-29.33	0.0303409
45	61	42	58	21.66	0.0304617
45	61	58	41	-16.93	0.0305907
45	61	41	57	12.92	0.030774
45	61	57	40	-10.45	0.0309569
45	61	40	56	7.69	0.0313004
45	61	56	39	-5.96	0.0316779
45	61	39	55	4.73	0.0321142
45	61	55	38	-4.05	0.0324691
45	61	38	54	3.43	0.0329155
45	61	54	37	-2.95	0.0333898
45	61	37	53	2.58	0.033876
45	61	53	36	-2.03	0.0349261
44	60	43	59	67.57	0.030148
44	60	59	42	-55.67	0.0301796
44	60	42	58	37.01	0.0302702
44	60	58	41	-29.26	0.0303418
44	60	41	57	21.04	0.0304753
44	60	57	40	-17.04	0.0305869
44	60	40	56	12.85	0.0307782
44	60	56	39	-9.98	0.031002
44	60	39	55	7.08	0.0314124
44	60	55	38	-6.05	0.0316529
44	60	38	54	4.97	0.0320121
44	60	54	37	-4.25	0.0323529
44	60	37	53	3.64	0.0327473
44	60	53	36	-2.88	0.0334722
44	60	36	52	2.56	0.0339062
44	60	52	35	-2.2	0.0345455
43	59	42	58	72.54	0.0301379
43	59	58	41	-58.43	0.0301711
43	59	41	57	37.27	0.0302683
43	59	57	40	-30.44	0.0303285
43	59	40	56	21.15	0.0304728
43	59	56	39	-16.41	0.0306094
43	59	39	55	12.05	0.0308299
43	59	55	38	-10.26	0.0309747
43	59	38	54	7.52	0.0313298
43	59	54	37	-6.4	0.0315625
43	59	37	53	5.34	0.0318727
43	59	53	36	-4.17	0.0323981
43	59	36	52	3.64	0.0327473
43	59	52	35	-3.13	0.0331949
43	59	35	51	2.69	0.0337175
43	59	51	34	-2.5	0.034
42	58	41	57	69.85	0.0301432
42	58	57	40	-57.72	0.0301733
42	58	40	56	35.38	0.0302826
42	58	56	39	-27.45	0.0303643
42	58	39	55	19.24	0.0305198
42	58	55	38	-16.27	0.0306146
42	58	38	54	12.38	0.0308078
42	58	54	37	-10.45	0.0309569
42	58	37	53	7.73	0.0312937
42	58	53	36	-5.96	0.0316779
42	58	36	52	5.1	0.0319608
42	58	52	35	-4.34	0.0323041
42	58	35	51	3.66	0.0327322
42	58	51	34	-3.4	0.0329412
42	58	34	50	3.13	0.0331949
42	58	50	33	-2.83	0.0335336
41	57	40	56	68.1	0.0301468
41	57	56	39	-53.26	0.0301878
41	57	39	55	34.2	0.0302924
41	57	55	38	-28.91	0.0303459
41	57	38	54	20.47	0.0304885
41	57	54	37	-16.99	0.0305886
41	57	37	53	13.45	0.0307435
41	57	53	36	-10.2	0.0309804
41	57	36	52	7.55	0.0313245
41	57	52	35	-6.33	0.0315798
41	57	35	51	5.23	0.031912
41	57	51	34	-4.81	0.032079
41	57	34	50	4.4	0.0322727
41	57	50	33	-3.95	0.0325316
41	57	33	49	3.75	0.0326667
40	56	39	55	63.74	0.0301569
40	56	55	38	-53.08	0.0301884
40	56	38	54	35.33	0.030283
40	56	54	37	-29.13	0.0303433
40	56	37	53	22.14	0.0304517
40	56	53	36	-16.44	0.0306083
40	56	36	52	13.37	0.0307479
40	56	52	35	-11.05	0.030905
40	56	35	51	7.88	0.031269
40	56	51	34	-7.18	0.0313928
40	56	34	50	6.49	0.0315408
40	56	50	33	-5.82	0.0317182
40	56	33	49	5.48	0.0318248
39	55	38	54	78.75	0.030127
39	55	54	37	-66.07	0.0301514
39	55	37	53	41.8	0.0302392
39	55	53	36	-31.11	0.0303214
39	55	36	52	23.11	0.0304327
39	55	52	35	-18.99	0.0305266
39	55	35	51	14.19	0.0307047
39	55	51	34	-12.84	0.0307788
39	55	34	50	10.13	0.0309872
39	55	50	33	-9.06	0.0311038
39	55	33	49	8.37	0.0311947
38	54	37	53	83.14	0.0301203
38	54	53	36	-63.41	0.0301577
38	54	36	52	39.65	0.0302522
38	54	52	35	-32.84	0.0303045
38	54	35	51	21.86	0.0304575
38	54	51	34	-19.79	0.0305053
38	54	34	50	16.61	0.030602
38	54	50	33	-14.84	0.0306739
38	54	33	49	11.76	0.0308503
37	53	36	52	93.18	0.0301073
37	53	52	35	-72.09	0.0301387
37	53	35	51	40.15	0.0302491
37	53	51	34	-35.24	0.0302838
37	53	34	50	28.16	0.0303551
37	53	50	33	-24.77	0.0304037
37	53	33	49	21.92	0.0304562
34	50	33	49	280.39	0.0300357
64	80	63	79	53.72	0.0301862
64	80	79	62	-31.42	0.0303183
64	80	62	78	21.06	0.0304748
64	80	78	61	-14.45	0.030692
64	80	61	77	10.46	0.030956
64	80	77	60	-7.61	0.0313141
64	80	60	76	6.09	0.031642
64	80	76	59	-4.48	0.0322321
64	80	59	75	3.66	0.0327322
64	80	75	58	-2.8	0.0335714
64	80	58	74	2.43	0.0341152
64	80	74	57	-1.85	0.0354054
64	80	57	73	1.64	0.0360976
64	80	73	56	-1.22	0.0381967
64	80	56	72	1.11	0.039009
64	80	72	55	-0.86	0.0416279
63	79	62	78	72.01	0.0301389
63	79	78	61	-56.89	0.0301758
63	79	61	77	28.16	0.0303551
63	79	77	60	-22.47	0.030445
63	79	60	76	14.8	0.0306757
63	79	76	59	-11.84	0.0308446
63	79	59	75	8.52	0.0311737
63	79	75	58	-7.02	0.0314245
63	79	58	74	4.71	0.0321231
63	79	74	57	-3.87	0.032584
63	79	57	73	3.02	0.0333113
63	79	73	56	-2.42	0.0341322
63	79	56	72	1.95	0.0351282
63	79	72	55	-1.64	0.0360976
63	79	55	71	1.37	0.0372993
63	79	71	54	-1.17	0.038547
62	78	61	77	76.36	0.030131
62	78	77	60	-57.58	0.0301737
62	78	60	76	33.59	0.0302977
62	78	76	59	-25.74	0.0303885
62	78	59	75	17.71	0.0305647
62	78	75	58	-14.1	0.0307092
62	78	58	74	10.52	0.0309506
62	78	74	57	-8.38	0.0311933
62	78	57	73	5.73	0.0317452
62	78	73	56	-4.47	0.0322371
62	78	56	72	3.58	0.0327933
62	78	72	55	-2.91	0.0334364
62	78	55	71	2.42	0.0341322
62	78	71	54	-2.02	0.0349505
62	78	54	70	1.73	0.0357803
62	78	70	53	-1.48	0.0367568
61	77	60	76	85.63	0.0301168
61	77	76	59	-65.14	0.0301535
61	77	59	75	36.82	0.0302716
61	77	75	58	-29.08	0.0303439
61	77	58	74	19.94	0.0305015
61	77	74	57	-15.78	0.0306337
61	77	57	73	11.53	0.0308673
61	77	73	56	-8.96	0.0311161
61	77	56	72	6.18	0.0316181
61	77	72	55	-5.01	0.031996
61	77	55	71	4.03	0.0324814
61	77	71	54	-3.37	0.0329674
61	77	54	70	2.79	0.0335842
61	77	70	53	-2.39	0.0341841
61	77	53	69	2.02	0.0349505
61	77	69	52	-1.77	0.0356497
60	76	59	75	86.03	0.0301162
60	76	75	58	-67.57	0.030148
60	76	58	74	38.28	0.0302612
60	76	74	57	-29.93	0.0303341
60	76	57	73	20.18	0.0304955
60	76	73	56	-15.48	0.030646
60	76	56	72	11.32	0.0308834
60	76	72	55	-9.16	0.0310917
60	76	55	71	6.34	0.0315773
60	76	71	54	-5.25	0.0319048
60	76	54	70	4.22	0.0323697
60	76	70	53	-3.6	0.0327778
60	76	53	69	2.97	0.033367
60	76	69	52	-2.6	0.0338462
60	76	52	68	2.25	0.0344444
60	76	68	51	-1.94	0.0351546
59	75	58	74	91.4	0.0301094
59	75	74	57	-69.81	0.0301432
59	75	57	73	39.14	0.0302555
59	75	73	56	-29.25	0.0303419
59	75	56	72	19.84	0.030504
59	75	72	55	-15.65	0.030639
59	75	55	71	11.7	0.0308547
59	75	71	54	-9.52	0.0310504
59	75	54	70	6.67	0.0314993
59	75	70	53	-5.63	0.0317762
59	75	53	69	4.52	0.0322124
59	75	69	52	-3.91	0.0325575
59	75	52	68	3.33	0.033003
59	75	68	51	-2.86	0.0334965
59	75	51	67	2.48	0.0340323
59	75	67	50	-2.3	0.0343478
58	74	57	73	88.24	0.0301133
58	74	73	56	-64.92	0.030154
58	74	56	72	36.29	0.0302756
58	74	72	55	-28.35	0.0303527
58	74	55	71	19.65	0.0305089
58	74	71	54	-15.7	0.0306369
58	74	54	70	11.66	0.0308576
58	74	70	53	-9.71	0.0310299
58	74	53	69	6.74	0.0314837
58	74	69	52	-5.78	0.0317301
58	74	52	68	4.79	0.0320877
58	74	68	51	-4.08	0.032451
58	74	51	67	3.48	0.0328736
58	74	67	50	-3.21	0.0331153
58	74	50	66	2.9	0.0334483
58	74	66	49	-2.72	0.0336765
57	73	56	72	85.58	0.0301168
57	73	72	55	-66.84	0.0301496
57	73	55	71	38.08	0.0302626
57	73	71	54	-29.54	0.0303385
57	73	54	70	20.1	0.0304975
57	73	70	53	-16.4	0.0306098
57	73	53	69	11.96	0.0308361
57	73	69	52	-10.18	0.0309823
57	73	52	68	7.33	0.0313643
57	73	68	51	-6.14	0.0316287
57	73	51	67	5.1	0.0319608
57	73	67	50	-4.67	0.0321413
57	73	50	66	4.14	0.0324155
57	73	66	49	-3.87	0.032584
57	73	49	65	3.69	0.03271
56	72	55	71	84.38	0.0301185
56	72	71	54	-67.17	0.0301489
56	72	54	70	36.67	0.0302727
56	72	70	53	-29.67	0.030337
56	72	53	69	19.81	0.0305048
56	72	69	52	-16.57	0.0306035
56	72	52	68	12.63	0.0307918
56	72	68	51	-10.4	0.0309615
56	72	51	67	7.46	0.0313405
56	72	67	50	-6.75	0.0314815
56	72	50	66	5.86	0.0317065
56	72	66	49	-5.44	0.0318382
56	72	49	65	5.13	0.0319493
55	71	54	70	95.72	0.0301045
55	71	70	53	-71.13	0.0301406
55	71	53	69	40.13	0.0302492
55	71	69	52	-31.76	0.0303149
55	71	52	68	22.86	0.0304374
55	71	68	51	-17.92	0.030558
55	71	51	67	13.92	0.0307184
55	71	67	50	-12.32	0.0308117
55	71	50	66	9.35	0.0310695
55	71	66	49	-8.55	0.0311696
55	71	49	65	7.99	0.0312516
54	70	53	69	97.51	0.0301026
54	70	69	52	-73.03	0.0301369
54	70	52	68	44.17	0.0302264
54	70	68	51	-32.81	0.0303048
54	70	51	67	23.72	0.0304216
54	70	67	50	-20.48	0.0304883
54	70	50	66	16.73	0.0305977
54	70	66	49	-15.11	0.0306618
54	70	49	65	12.36	0.0308091
53	69	52	68	109.63	0.0300912
53	69	68	51	-76.37	0.0301309
53	69	51	67	45.05	0.030222
53	69	67	50	-37.68	0.0302654
53	69	50	66	28.58	0.0303499
53	69	66	49	-25.37	0.0303942
53	69	49	65	22.67	0.0304411
52	68	51	67	103.54	0.0300966
52	68	67	50	-82.89	0.0301206
52	68	50	66	51.88	0.0301928
52	68	66	49	-44.99	0.0302223
52	68	49	65	38.26	0.0302614
80	96	79	95	38.52	0.0302596
80	96	95	78	-28.53	0.0303505
80	96	78	94	15.48	0.030646
80	96	94	77	-11.75	0.0308511
80	96	77	93	7.4	0.0313514
80	96	93	76	-6	0.0316667
80	96	76	92	4.12	0.0324272
80	96	92	75	-3.42	0.032924
80	96	75	91	2.47	0.0340486
80	96	91	74	-2.1	0.0347619
80	96	74	90	1.57	0.0363694
80	96	90	73	-1.36	0.0373529
80	96	73	89	1.05	0.0395238
80	96	89	72	-0.92	0.0408696
80	96	72	88	0.74	0.0435135
80	96	88	71	-0.67	0.0449254
79	95	78	94	85.12	0.0301175
79	95	94	77	-56.2	0.0301779
79	95	77	93	30.09	0.0303323
79	95	93	76	-22.56	0.0304433
79	95	76	92	14.44	0.0306925
79	95	92	75	-11.25	0.0308889
79	95	75	91	7.78	0.0312853
79	95	91	74	-6.3	0.0315873
79	95	74	90	4.11	0.0324331
79	95	90	73	-3.36	0.0329762
79	95	73	89	2.54	0.033937
79	95	89	72	-2.13	0.0346948
79	95	72	88	1.68	0.0359524
79	95	88	71	-1.47	0.0368027
79	95	71	87	1.16	0.0386207
79	95	87	70	-1.01	0.039901
78	94	77	93	83.85	0.0301193
78	94	93	76	-59.43	0.0301683
78	94	76	92	32.13	0.0303112
78	94	92	75	-24.29	0.0304117
78	94	75	91	15.86	0.0306305
78	94	91	74	-12.46	0.0308026
78	94	74	90	8.75	0.0311429
78	94	90	73	-7.02	0.0314245
78	94	73	89	4.65	0.0321505
78	94	89	72	-3.83	0.032611
78	94	72	88	2.95	0.0333898
78	94	88	71	-2.54	0.033937
78	94	71	87	1.97	0.0350761
78	94	87	70	-1.71	0.035848
78	94	70	86	1.38	0.0372464
78	94	86	69	-1.21	0.0382645
77	93	76	92	89.78	0.0301114
77	93	92	75	-61.36	0.030163
77	93	75	91	34.69	0.0302883
77	93	91	74	-25.79	0.0303877
77	93	74	90	17.16	0.0305828
77	93	90	73	-13.2	0.0307576
77	93	73	89	9.42	0.0310616
77	93	89	72	-7.52	0.0313298
77	93	72	88	5.14	0.0319455
77	93	88	71	-4.3	0.0323256
77	93	71	87	3.3	0.0330303
77	93	87	70	-2.79	0.0335842
77	93	70	86	2.23	0.0344843
77	93	86	69	-1.92	0.0352083
77	93	69	85	1.58	0.0363291
77	93	85	68	-1.41	0.0370922
76	92	75	91	92.78	0.0301078
76	92	91	74	-63.44	0.0301576
76	92	74	90	35.7	0.0302801
76	92	90	73	-26.29	0.0303804
76	92	73	89	17.52	0.0305708
76	92	89	72	-13.56	0.0307375
76	92	72	88	9.88	0.0310121
76	92	88	71	-8.1	0.0312346
76	92	71	87	5.45	0.0318349
76	92	87	70	-4.52	0.0322124
76	92	70	86	3.55	0.0328169
76	92	86	69	-3	0.0333333
76	92	69	85	2.43	0.0341152
76	92	85	68	-2.14	0.0346729
76	92	68	84	1.79	0.0355866
76	92	84	67	-1.63	0.036135
75	91	74	90	93.73	0.0301067
75	91	90	73	-63.15	0.0301584
75	91	73	89	35.39	0.0302826
75	91	89	72	-26.25	0.030381
75	91	72	88	17.83	0.0305609
75	91	88	71	-14.2	0.0307042
75	91	71	87	10.19	0.0309814
75	91	87	70	-8.25	0.0312121
75	91	70	86	5.71	0.0317513
75	91	86	69	-4.74	0.0321097
75	91	69	85	3.76	0.0326596
75	91	85	68	-3.26	0.0330675
75	91	68	84	2.68	0.0337313
75	91	84	67	-2.41	0.0341494
75	91	67	83	2.03	0.0349261
75	91	83	66	-1.84	0.0354348
74	90	73	89	91.85	0.0301089
74	90	89	72	-63.46	0.0301576
74	90	72	88	35.82	0.0302792
74	90	88	71	-27.46	0.0303642
74	90	71	87	18.28	0.030547
74	90	87	70	-14.4	0.0306944
74	90	70	86	10.53	0.0309497
74	90	86	69	-8.53	0.0311723
74	90	69	85	5.95	0.0316807
74	90	85	68	-5.06	0.0319763
74	90	68	84	4.07	0.032457
74	90	84	67	-3.6	0.0327778
74	90	67	83	2.98	0.0333557
74	90	83	66	-2.68	0.0337313
74	90	66	82	2.37	0.0342194
74	90	82	65	-2.23	0.0344843
73	89	72	88	95.9	0.0301043
73	89	88	71	-67.14	0.0301489
73	89	71	87	37.51	0.0302666
73	89	87	70	-28.2	0.0303546
73	89	70	86	19.15	0.0305222
73	89	86	69	-14.98	0.0306676
73	89	69	85	11.04	0.0309058
73	89	85	68	-9.17	0.0310905
73	89	68	84	6.52	0.0315337
73	89	84	67	-5.64	0.031773
73	89	67	83	4.57	0.0321882
73	89	83	66	-4.04	0.0324752
73	89	66	82	3.52	0.0328409
73	89	82	65	-3.28	0.0330488
73	89	65	81	3.02	0.0333113
72	88	67	83	7	0.0314286
72	88	83	66	-6.08	0.0316447
72	88	66	82	5.19	0.0319268
72	88	82	65	-4.8	0.0320833
72	88	65	81	4.36	0.0322936
71	87	66	82	7.97	0.0312547
71	87	82	65	-7.29	0.0313717
71	87	65	81	6.5	0.0315385
70	86	65	81	10.02	0.030998
96	112	95	111	40.77	0.0302453
96	112	111	94	-27.52	0.0303634
96	112	94	110	16.86	0.0305931
96	112	110	93	-12.48	0.0308013
96	112	93	109	8.61	0.0311614
96	112	109	92	-6.67	0.0314993
96	112	92	108	4.88	0.0320492
96	112	108	91	-3.9	0.0325641
96	112	91	107	2.96	0.0333784
96	112	107	90	-2.39	0.0341841
96	112	90	106	1.85	0.0354054
96	112	106	89	-1.5	0.0366667
96	112	89	105	1.21	0.0382645
96	112	105	88	-1	0.04
96	112	88	104	0.85	0.0417647
96	112	104	87	-0.71	0.0440845
95	111	94	110	83.94	0.0301191
95	111	110	93	-57.73	0.0301732
95	111	93	109	32.63	0.0303065
95	111	109	92	-24.39	0.03041
95	111	92	108	15.9	0.0306289
95	111	108	91	-12.41	0.0308058
95	111	91	107	8.66	0.0311547
95	111	107	90	-6.85	0.0314599
95	111	90	106	4.4	0.0322727
95	111	106	89	-3.49	0.0328653
95	111	89	105	2.7	0.0337037
95	111	105	88	-2.16	0.0346296
95	111	88	104	1.76	0.0356818
95	111	104	87	-1.42	0.0370423
95	111	87	103	1.22	0.0381967
95	111	103	86	-1	0.04
94	110	93	109	93.42	0.030107
94	110	109	92	-65.81	0.030152
94	110	92	108	37.51	0.0302666
94	110	108	91	-28.99	0.0303449
94	110	91	107	18.6	0.0305376
94	110	107	90	-14.78	0.0306766
94	110	90	106	9.83	0.0310173
94	110	106	89	-7.86	0.0312723
94	110	89	105	5.16	0.031938
94	110	105	88	-4.19	0.0323866
94	110	88	104	3.25	0.0330769
94	110	104	87	-2.65	0.0337736
94	110	87	103	2.18	0.0345872
94	110	103	86	-1.82	0.0354945
94	110	86	102	1.54	0.0364935
94	110	102	85	-1.31	0.0376336
93	109	92	108	96.65	0.0301035
93	109	108	91	-69.74	0.0301434
93	109	91	107	39.43	0.0302536
93	109	107	90	-30.28	0.0303303
93	109	90	106	18.69	0.030535
93	109	106	89	-14.76	0.0306775
93	109	89	105	10.23	0.0309775
93	109	105	88	-8.26	0.0312107
93	109	88	104	5.55	0.0318018
93	109	104	87	-4.5	0.0322222
93	109	87	103	3.58	0.0327933
93	109	103	86	-2.98	0.0333557
93	109	86	102	2.45	0.0340816
93	109	102	85	-2.09	0.0347847
93	109	85	101	1.75	0.0357143
93	109	101	84	-1.5	0.0366667
92	108	91	107	98.32	0.0301017
92	108	107	90	-70.31	0.0301422
92	108	90	106	37.15	0.0302692
92	108	106	89	-28.24	0.0303541
92	108	89	105	18.37	0.0305444
92	108	105	88	-14.52	0.0306887
92	108	88	104	10.42	0.0309597
92	108	104	87	-8.31	0.0312034
92	108	87	103	5.8	0.0317241
92	108	103	86	-4.75	0.0321053
92	108	86	102	3.82	0.0326178
92	108	102	85	-3.21	0.0331153
92	108	85	101	2.64	0.0337879
92	108	101	84	-2.25	0.0344444
92	108	84	100	1.91	0.0352356
92	108	100	83	-1.63	0.036135
91	107	90	106	92.73	0.0301078
91	107	106	89	-64.72	0.0301545
91	107	89	105	36.27	0.0302757
91	107	105	88	-27.69	0.0303611
91	107	88	104	18.58	0.0305382
91	107	104	87	-14.15	0.0307067
91	107	87	103	10.8	0.0309259
91	107	103	86	-8.74	0.0311442
91	107	86	102	6.11	0.0316367
91	107	102	85	-5.09	0.0319646
91	107	85	101	4.06	0.0324631
91	107	101	84	-3.43	0.0329155
91	107	84	100	2.84	0.0335211
91	107	100	83	-2.42	0.0341322
91	107	83	99	2.09	0.0347847
91	107	99	82	-1.83	0.0354645
90	106	89	105	94.8	0.0301055
90	106	105	88	-67.28	0.0301486
90	106	88	104	37.77	0.0302648
90	106	104	87	-28.62	0.0303494
90	106	87	103	19.67	0.0305084
90	106	103	86	-15.68	0.0306378
90	106	86	102	11.55	0.0308658
90	106	102	85	-9.53	0.0310493
90	106	85	101	6.57	0.0315221
90	106	101	84	-5.51	0.0318149
90	106	84	100	4.38	0.0322831
90	106	100	83	-3.71	0.0326954
90	106	83	99	3.13	0.0331949
90	106	99	82	-2.73	0.033663
90	106	82	98	2.4	0.0341667
90	106	98	81	-2.19	0.0345662
89	105	88	104	97.53	0.0301025
89	105	104	87	-67.79	0.0301475
89	105	87	103	39.55	0.0302528
89	105	103	86	-30.46	0.0303283
89	105	86	102	20.74	0.0304822
89	105	102	85	-16.77	0.0305963
89	105	85	101	12.14	0.0308237
89	105	101	84	-10.02	0.030998
89	105	84	100	6.94	0.0314409
89	105	100	83	-5.77	0.0317331
89	105	83	99	4.72	0.0321186
89	105	99	82	-4.07	0.032457
89	105	82	98	3.51	0.032849
89	105	98	81	-3.19	0.0331348
89	105	81	97	2.88	0.0334722
88	104	87	103	102.71	0.0300974
88	104	103	86	-73.32	0.0301364
88	104	86	102	41.39	0.0302416
88	104	102	85	-32.34	0.0303092
88	104	85	101	21.41	0.0304671
88	104	101	84	-17.3	0.030578
88	104	84	100	12.51	0.0307994
88	104	100	83	-10.23	0.0309775
88	104	83	99	7.24	0.0313812
88	104	99	82	-6.16	0.0316234
88	104	82	98	5.16	0.031938
88	104	98	81	-4.64	0.0321552
88	104	81	97	4.12	0.0324272
87	103	82	98	8	0.03125
87	103	98	81	-7.08	0.0314124
87	103	81	97	6.17	0.0316207
86	102	81	97	9.26	0.0310799
112	128	111	127	38.58	0.0302592
112	128	127	110	-27.88	0.0303587
112	128	110	126	15.98	0.0306258
112	128	126	109	-12.15	0.030823
112	128	109	125	8.22	0.0312165
112	128	125	108	-6.47	0.0315456
112	128	108	124	4.68	0.0321368
112	128	124	107	-3.77	0.0326525
112	128	107	123	2.8	0.0335714
112	128	123	106	-2.26	0.0344248
112	128	106	122	1.74	0.0357471
112	128	122	105	-1.47	0.0368027
112	128	105	121	1.17	0.038547
112	128	121	104	-1.02	0.0398039
112	128	104	120	0.82	0.0421951
112	128	120	103	-0.73	0.0436986
111	127	110	126	81.22	0.0301231
111	127	126	109	-55.97	0.0301787
111	127	109	125	32	0.0303125
111	127	125	108	-23.53	0.030425
111	127	108	124	15.71	0.0306365
111	127	124	107	-12.05	0.0308299
111	127	107	123	8.47	0.0311806
111	127	123	106	-6.58	0.0315198
111	127	106	122	4.3	0.0323256
111	127	122	105	-3.54	0.0328249
111	127	105	121	2.7	0.0337037
111	127	121	104	-2.32	0.0343103
111	127	104	120	1.77	0.0356497
111	127	120	103	-1.57	0.0363694
111	127	103	119	1.22	0.0381967
111	127	119	102	-1.1	0.0390909
110	126	109	125	91.64	0.0301091
110	126	125	108	-63.17	0.0301583
110	126	108	124	37.46	0.030267
110	126	124	107	-27.17	0.0303681
110	126	107	123	18.36	0.0305447
110	126	123	106	-13.5	0.0307407
110	126	106	122	9.67	0.0310341
110	126	122	105	-7.62	0.0313123
110	126	105	121	5.2	0.0319231
110	126	121	104	-4.29	0.032331
110	126	104	120	3.27	0.0330581
110	126	120	103	-2.81	0.0335587
110	126	103	119	2.2	0.0345455
110	126	119	102	-1.92	0.0352083
110	126	102	118	1.52	0.0365789
110	126	118	101	-1.35	0.0374074
109	125	108	124	98.54	0.0301015
109	125	124	107	-68.17	0.0301467
109	125	107	123	39.68	0.030252
109	125	123	106	-27.72	0.0303608
109	125	106	122	18.68	0.0305353
109	125	122	105	-14.26	0.0307013
109	125	105	121	10.45	0.0309569
109	125	121	104	-8.42	0.0311876
109	125	104	120	5.63	0.0317762
109	125	120	103	-4.73	0.0321142
109	125	103	119	3.65	0.0327397
109	125	119	102	-3.12	0.0332051
109	125	102	118	2.45	0.0340816
109	125	118	101	-2.14	0.0346729
109	125	101	117	1.71	0.035848
109	125	117	100	-1.51	0.0366225
108	124	107	123	98.09	0.0301019
108	124	123	106	-64.5	0.030155
108	124	106	122	37.19	0.0302689
108	124	122	105	-27.38	0.0303652
108	124	105	121	18.86	0.0305302
108	124	121	104	-14.84	0.0306739
108	124	104	120	10.64	0.0309398
108	124	120	103	-8.78	0.031139
108	124	103	119	5.91	0.031692
108	124	119	102	-4.98	0.032008
108	124	102	118	3.83	0.032611
108	124	118	101	-3.28	0.0330488
108	124	101	117	2.59	0.033861
108	124	117	100	-2.26	0.0344248
108	124	100	116	1.82	0.0354945
108	124	116	99	-1.64	0.0360976
107	123	106	122	91.44	0.0301094
107	123	122	105	-62.8	0.0301592
107	123	105	121	37.14	0.0302693
107	123	121	104	-28.12	0.0303556
107	123	104	120	18.84	0.0305308
107	123	120	103	-15.15	0.0306601
107	123	103	119	10.98	0.0309107
107	123	119	102	-9.05	0.031105
107	123	102	118	6.12	0.031634
107	123	118	101	-5.11	0.0319569
107	123	101	117	3.96	0.0325253
107	123	117	100	-3.39	0.0329499
107	123	100	116	2.69	0.0337175
107	123	116	99	-2.4	0.0341667
107	123	99	115	1.69	0.0359172
107	123	115	98	-1.52	0.0365789
106	122	105	121	95.57	0.0301046
106	122	121	104	-65.97	0.0301516
106	122	104	120	37.63	0.0302657
106	122	120	103	-28.71	0.0303483
106	122	103	119	19.67	0.0305084
106	122	119	102	-15.58	0.0306418
106	122	102	118	11.34	0.0308818
106	122	118	101	-9.15	0.0310929
106	122	101	117	6.3	0.0315873
106	122	117	100	-5.22	0.0319157
106	122	100	116	4.1	0.032439
106	122	116	99	-3.55	0.0328169
106	122	99	115	2.48	0.0340323
106	122	115	98	-2.18	0.0345872
106	122	98	114	2.54	0.033937
106	122	114	97	-2.38	0.0342017
105	121	104	120	92.35	0.0301083
105	121	120	103	-64.02	0.0301562
105	121	103	119	38.23	0.0302616
105	121	119	102	-28.61	0.0303495
105	121	102	118	19.77	0.0305058
105	121	118	101	-15.25	0.0306557
105	121	101	117	11.29	0.0308857
105	121	117	100	-9	0.0311111
105	121	100	116	6.24	0.0316026
105	121	116	99	-5.24	0.0319084
105	121	99	115	3.61	0.0327701
105	121	115	98	-3.08	0.0332468
105	121	98	114	3.62	0.0327624
105	121	114	97	-3.34	0.032994
105	121	97	113	2.5	0.034
104	120	103	119	99.2	0.0301008
104	120	119	102	-67.1	0.030149
104	120	102	118	39.58	0.0302527
104	120	118	101	-28.78	0.0303475
104	120	101	117	19.99	0.0305003
104	120	117	100	-15.29	0.030654
104	120	100	116	11.38	0.0308787
104	120	116	99	-9.27	0.0310787
104	120	99	115	5.46	0.0318315
104	120	115	98	-4.52	0.0322124
104	120	98	114	5.42	0.031845
104	120	114	97	-4.94	0.0320243
104	120	97	113	3.55	0.0328169
103	119	102	118	101.68	0.0300983
103	119	118	101	-67.6	0.0301479
103	119	101	117	39.48	0.0302533
103	119	117	100	-28.63	0.0303493
103	119	100	116	19.86	0.0305035
103	119	116	99	-15.65	0.030639
103	119	99	115	9.66	0.0310352
103	119	115	98	-7.7	0.0312987
103	119	98	114	8.58	0.0311655
103	119	114	97	-7.72	0.0312953
103	119	97	113	5.23	0.031912
102	118	101	117	105.06	0.0300952
102	118	117	100	-69.13	0.0301447
102	118	100	116	40.08	0.0302495
102	118	116	99	-29.94	0.030334
102	118	99	115	16.65	0.0306006
102	118	115	98	-12.55	0.0307968
102	118	98	114	16.28	0.0306143
102	118	114	97	-14.43	0.030693
102	118	97	113	8.05	0.0312422
128	144	127	143	54.36	0.030184
128	144	143	126	-42.11	0.0302375
128	144	126	142	20.56	0.0304864
128	144	142	125	-16.48	0.0306068
128	144	125	141	10.14	0.0309862
128	144	141	124	-8.32	0.0312019
128	144	124	140	5.57	0.0317953
128	144	140	123	-4.66	0.0321459
128	144	123	139	2.88	0.0334722
128	144	139	122	-2.47	0.0340486
128	144	122	138	1.81	0.0355249
128	144	138	121	-1.6	0.03625
128	144	121	137	1.21	0.0382645
128	144	137	120	-1.08	0.0392593
128	144	120	136	0.85	0.0417647
128	144	136	119	-0.76	0.0431579
127	143	126	142	82.86	0.0301207
127	143	142	125	-58.5	0.0301709
127	143	125	141	32.43	0.0303084
127	143	141	124	-24.56	0.0304072
127	143	124	140	15.94	0.0306274
127	143	140	123	-12.41	0.0308058
127	143	123	139	8.64	0.0311574
127	143	139	122	-6.97	0.0314347
127	143	122	138	4.55	0.0321978
127	143	138	121	-3.79	0.0326385
127	143	121	137	2.89	0.0334602
127	143	137	120	-2.43	0.0341152
127	143	120	136	1.93	0.0351813
127	143	136	119	-1.64	0.0360976
127	143	119	135	1.34	0.0374627
127	143	135	118	-1.15	0.0386957
126	142	125	141	90.37	0.0301107
126	142	141	124	-64.19	0.0301558
126	142	124	140	35.75	0.0302797
126	142	140	123	-26.93	0.0303713
126	142	123	139	17.55	0.0305698
126	142	139	122	-13.8	0.0307246
126	142	122	138	9.72	0.0310288
126	142	138	121	-7.96	0.0312563
126	142	121	137	5.28	0.0318939
126	142	137	120	-4.35	0.0322989
126	142	120	136	3.38	0.0329586
126	142	136	119	-2.84	0.0335211
126	142	119	135	2.28	0.034386
126	142	135	118	-1.93	0.0351813
126	142	118	134	1.57	0.0363694
126	142	134	117	-1.35	0.0374074
125	141	124	140	95.37	0.0301049
125	141	140	123	-66.48	0.0301504
125	141	123	139	37.06	0.0302698
125	141	139	122	-28.06	0.0303564
125	141	122	138	18.48	0.0305411
125	141	138	121	-14.73	0.0306789
125	141	121	137	10.56	0.030947
125	141	137	120	-8.52	0.0311737
125	141	120	136	5.81	0.0317212
125	141	136	119	-4.77	0.0320964
125	141	119	135	3.75	0.0326667
125	141	135	118	-3.13	0.0331949
125	141	118	134	2.51	0.0339841
125	141	134	117	-2.13	0.0346948
125	141	117	133	1.77	0.0356497
125	141	133	116	-1.54	0.0364935
124	140	123	139	93.88	0.0301065
124	140	139	122	-66.23	0.030151
124	140	122	138	37.17	0.030269
124	140	138	121	-28.67	0.0303488
124	140	121	137	19.22	0.0305203
124	140	137	120	-15.1	0.0306623
124	140	120	136	11.02	0.0309074
124	140	136	119	-8.9	0.0311236
124	140	119	135	6.11	0.0316367
124	140	135	118	-5	0.032
124	140	118	134	3.92	0.032551
124	140	134	117	-3.28	0.0330488
124	140	117	133	2.67	0.0337453
124	140	133	116	-2.3	0.0343478
124	140	116	132	1.93	0.0351813
124	140	132	115	-1.53	0.0365359
123	139	122	138	92.4	0.0301082
123	139	138	121	-65.67	0.0301523
123	139	121	137	37.83	0.0302643
123	139	137	120	-28.58	0.0303499
123	139	120	136	19.6	0.0305102
123	139	136	119	-15.42	0.0306485
123	139	119	135	11.39	0.030878
123	139	135	118	-9.16	0.0310917
123	139	118	134	6.22	0.0316077
123	139	134	117	-5.11	0.0319569
123	139	117	133	4.07	0.032457
123	139	133	116	-3.45	0.0328986
123	139	116	132	2.86	0.0334965
123	139	132	115	-2.22	0.0345045
123	139	115	131	1.87	0.0353476
123	139	131	114	-2.12	0.034717
122	138	121	137	93.16	0.0301073
122	138	137	120	-64.5	0.030155
122	138	120	136	38.02	0.030263
122	138	136	119	-28.87	0.0303464
122	138	119	135	19.94	0.0305015
122	138	135	118	-15.64	0.0306394
122	138	118	134	11.45	0.0308734
122	138	134	117	-9.27	0.0310787
122	138	117	133	6.35	0.0315748
122	138	133	116	-5.3	0.0318868
122	138	116	132	4.28	0.0323364
122	138	132	115	-3.26	0.0330675
122	138	115	131	2.69	0.0337175
122	138	131	114	-3.08	0.0332468
122	138	114	130	2.75	0.0336364
122	138	130	113	-2.15	0.0346512
121	137	120	136	91.6	0.0301092
121	137	136	119	-65.39	0.0301529
121	137	119	135	38.15	0.0302621
121	137	135	118	-29.15	0.0303431
121	137	118	134	19.72	0.0305071
121	137	134	117	-15.69	0.0306373
121	137	117	133	11.51	0.0308688
121	137	133	116	-9.5	0.0310526
121	137	116	132	6.57	0.0315221
121	137	132	115	-4.94	0.0320243
121	137	115	131	3.94	0.0325381
121	137	131	114	-4.55	0.0321978
121	137	114	130	3.98	0.0325126
121	137	130	113	-3.08	0.0332468
121	137	113	129	2.73	0.033663
120	136	119	135	94.11	0.0301063
120	136	135	118	-66.04	0.0301514
120	136	118	134	38.09	0.0302625
120	136	134	117	-29.21	0.0303423
120	136	117	133	19.88	0.030503
120	136	133	116	-15.96	0.0306266
120	136	116	132	11.93	0.0308382
120	136	132	115	-8.72	0.0311468
120	136	115	131	5.99	0.0316694
120	136	131	114	-7	0.0314286
120	136	114	130	6.04	0.0316556
120	136	130	113	-4.52	0.0322124
120	136	113	129	3.95	0.0325316
119	135	118	134	96.21	0.0301039
119	135	134	117	-67.41	0.0301483
119	135	117	133	38.62	0.0302589
119	135	133	116	-29.73	0.0303364
119	135	116	132	20.72	0.0304826
119	135	132	115	-14.53	0.0306882
119	135	115	131	10.66	0.0309381
119	135	131	114	-12.71	0.0307868
119	135	114	130	9.48	0.0310549
119	135	130	113	-6.79	0.0314728
119	135	113	129	5.83	0.0317153
118	134	113	129	8.96	0.0311161
