144# Number of sensors
#x	z
1.75	-0.1
1.75	-0.2
1.75	-0.3
1.75	-0.4
1.75	-0.5
1.75	-0.6
1.75	-0.7
1.75	-0.8
1.75	-0.9
1.75	-1
1.75	-1.1
1.75	-1.2
1.75	-1.3
1.75	-1.4
1.75	-1.5
1.75	-1.6
2.25	-0.1
2.25	-0.2
2.25	-0.3
2.25	-0.4
2.25	-0.5
2.25	-0.6
2.25	-0.7
2.25	-0.8
2.25	-0.9
2.25	-1
2.25	-1.1
2.25	-1.2
2.25	-1.3
2.25	-1.4
2.25	-1.5
2.25	-1.6
2.75	-0.1
2.75	-0.2
2.75	-0.3
2.75	-0.4
2.75	-0.5
2.75	-0.6
2.75	-0.7
2.75	-0.8
2.75	-0.9
2.75	-1
2.75	-1.1
2.75	-1.2
2.75	-1.3
2.75	-1.4
2.75	-1.5
2.75	-1.6
3.25	-0.1
3.25	-0.2
3.25	-0.3
3.25	-0.4
3.25	-0.5
3.25	-0.6
3.25	-0.7
3.25	-0.8
3.25	-0.9
3.25	-1
3.25	-1.1
3.25	-1.2
3.25	-1.3
3.25	-1.4
3.25	-1.5
3.25	-1.6
3.75	-0.1
3.75	-0.2
3.75	-0.3
3.75	-0.4
3.75	-0.5
3.75	-0.6
3.75	-0.7
3.75	-0.8
3.75	-0.9
3.75	-1
3.75	-1.1
3.75	-1.2
3.75	-1.3
3.75	-1.4
3.75	-1.5
3.75	-1.6
4.25	-0.1
4.25	-0.2
4.25	-0.3
4.25	-0.4
4.25	-0.5
4.25	-0.6
4.25	-0.7
4.25	-0.8
4.25	-0.9
4.25	-1
4.25	-1.1
4.25	-1.2
4.25	-1.3
4.25	-1.4
4.25	-1.5
4.25	-1.6
4.75	-0.1
4.75	-0.2
4.75	-0.3
4.75	-0.4
4.75	-0.5
4.75	-0.6
4.75	-0.7
4.75	-0.8
4.75	-0.9
4.75	-1
4.75	-1.1
4.75	-1.2
4.75	-1.3
4.75	-1.4
4.75	-1.5
4.75	-1.6
5.25	-0.1
5.25	-0.2
5.25	-0.3
5.25	-0.4
5.25	-0.5
5.25	-0.6
5.25	-0.7
5.25	-0.8
5.25	-0.9
5.25	-1
5.25	-1.1
5.25	-1.2
5.25	-1.3
5.25	-1.4
5.25	-1.5
5.25	-1.6
5.75	-0.1
5.75	-0.2
5.75	-0.3
5.75	-0.4
5.75	-0.5
5.75	-0.6
5.75	-0.7
5.75	-0.8
5.75	-0.9
5.75	-1
5.75	-1.1
5.75	-1.2
5.75	-1.3
5.75	-1.4
5.75	-1.5
5.75	-1.6
1256# Number of data
#a	b	m	n	R	err
16	32	15	31	45.46	0.03022
16	32	31	14	-31.54	0.0303171
16	32	14	30	20.9	0.0304785
16	32	30	13	-17.52	0.0305708
16	32	13	29	13.66	0.0307321
16	32	29	12	-12.5	0.0308
16	32	12	28	10.02	0.030998
16	32	28	11	-8.75	0.0311429
16	32	11	27	7.33	0.0313643
16	32	27	10	-5.7	0.0317544
16	32	10	26	4.62	0.0321645
16	32	26	9	-3.57	0.0328011
16	32	9	25	2.81	0.0335587
16	32	25	8	-2.29	0.0343668
16	32	8	24	1.92	0.0352083
16	32	24	7	-1.59	0.0362893
15	31	14	30	66.18	0.0301511
15	31	30	13	-59.13	0.0301691
15	31	13	29	43.37	0.0302306
15	31	29	12	-42.4	0.0302358
15	31	12	28	33.1	0.0303021
15	31	28	11	-29.27	0.0303416
15	31	11	27	23.67	0.0304225
15	31	27	10	-18.23	0.0305485
15	31	10	26	13.59	0.0307358
15	31	26	9	-10.29	0.0309718
15	31	9	25	7.85	0.0312739
15	31	25	8	-6.31	0.0315848
15	31	8	24	5.13	0.0319493
15	31	24	7	-4.16	0.0324038
15	31	7	23	3.34	0.032994
15	31	23	6	-2.9	0.0334483
14	30	13	29	64.81	0.0301543
14	30	29	12	-61.43	0.0301628
14	30	12	28	46.64	0.0302144
14	30	28	11	-41.47	0.0302411
14	30	11	27	32.93	0.0303037
14	30	27	10	-25.61	0.0303905
14	30	10	26	19.81	0.0305048
14	30	26	9	-15.28	0.0306545
14	30	9	25	9.76	0.0310246
14	30	25	8	-7.9	0.0312658
14	30	8	24	6.31	0.0315848
14	30	24	7	-5.17	0.0319342
14	30	7	23	4.07	0.032457
14	30	23	6	-3.54	0.0328249
14	30	6	22	3.04	0.0332895
14	30	22	5	-2.55	0.0339216
13	29	12	28	60.41	0.0301655
13	29	28	11	-53.05	0.0301885
13	29	11	27	40.24	0.0302485
13	29	27	10	-32.56	0.0303071
13	29	10	26	24.09	0.0304151
13	29	26	9	-19.33	0.0305173
13	29	9	25	13.75	0.0307273
13	29	25	8	-11.5	0.0308696
13	29	8	24	7.56	0.0313228
13	29	24	7	-6.35	0.0315748
13	29	7	23	4.82	0.0320747
13	29	23	6	-4.27	0.0323419
13	29	6	22	3.56	0.032809
13	29	22	5	-3.06	0.033268
13	29	5	21	2.74	0.0336496
13	29	21	4	-2.41	0.0341494
12	28	11	27	55.62	0.0301798
12	28	27	10	-45.97	0.0302175
12	28	10	26	32.26	0.03031
12	28	26	9	-26.64	0.0303754
12	28	9	25	18.07	0.0305534
12	28	25	8	-15.41	0.0306489
12	28	8	24	11.48	0.0308711
12	28	24	7	-9.85	0.0310152
12	28	7	23	6.17	0.0316207
12	28	23	6	-5.51	0.0318149
12	28	6	22	4.47	0.0322371
12	28	22	5	-3.92	0.032551
12	28	5	21	3.41	0.0329326
12	28	21	4	-3.06	0.033268
12	28	4	20	2.44	0.0340984
12	28	20	3	-2.27	0.0344053
11	27	10	26	55.55	0.03018
11	27	26	9	-44.56	0.0302244
11	27	9	25	29.17	0.0303428
11	27	25	8	-24.44	0.0304092
11	27	8	24	17.73	0.030564
11	27	24	7	-14.91	0.0306707
11	27	7	23	10.61	0.0309425
11	27	23	6	-9.39	0.031065
11	27	6	22	6.36	0.0315723
11	27	22	5	-5.5	0.0318182
11	27	5	21	4.73	0.0321142
11	27	21	4	-4.21	0.0323753
11	27	4	20	3.27	0.0330581
11	27	20	3	-3.04	0.0332895
11	27	3	19	2.67	0.0337453
11	27	19	2	-2.5	0.034
10	26	9	25	56.27	0.0301777
10	26	25	8	-45.56	0.0302195
10	26	8	24	31.73	0.0303152
10	26	24	7	-25.92	0.0303858
10	26	7	23	17.86	0.0305599
10	26	23	6	-15.51	0.0306447
10	26	6	22	12.12	0.0308251
10	26	22	5	-10.27	0.0309737
10	26	5	21	7.41	0.0313495
10	26	21	4	-6.49	0.0315408
10	26	4	20	4.93	0.0320284
10	26	20	3	-4.53	0.0322075
10	26	3	19	3.94	0.0325381
10	26	19	2	-3.67	0.0327248
10	26	2	18	3.44	0.032907
10	26	18	1	-3.19	0.0331348
9	25	8	24	61.11	0.0301636
9	25	24	7	-48.56	0.0302059
9	25	7	23	31.48	0.0303177
9	25	23	6	-26.95	0.0303711
9	25	6	22	20.31	0.0304924
9	25	22	5	-16.93	0.0305907
9	25	5	21	13.98	0.0307153
9	25	21	4	-12.16	0.0308224
9	25	4	20	7.45	0.0313423
9	25	20	3	-6.8	0.0314706
9	25	3	19	5.79	0.0317271
9	25	19	2	-5.37	0.0318622
9	25	2	18	4.99	0.032004
9	25	18	1	-4.6	0.0321739
9	25	1	17	4.29	0.032331
8	24	7	23	54.1	0.0301848
8	24	23	6	-44.73	0.0302236
8	24	6	22	32.13	0.0303112
8	24	22	5	-26.19	0.0303818
8	24	5	21	20.95	0.0304773
8	24	21	4	-18.02	0.0305549
8	24	4	20	12.5	0.0308
8	24	20	3	-11.32	0.0308834
8	24	3	19	7.89	0.0312674
8	24	19	2	-7.27	0.0313755
8	24	2	18	6.7	0.0314925
8	24	18	1	-6.13	0.0316313
8	24	1	17	5.66	0.0317668
7	23	6	22	60.55	0.0301652
7	23	22	5	-48.07	0.030208
7	23	5	21	36.45	0.0302743
7	23	21	4	-31.05	0.0303221
7	23	4	20	19.91	0.0305023
7	23	20	3	-17.85	0.0305602
7	23	3	19	14.37	0.0306959
7	23	19	2	-13.2	0.0307576
7	23	2	18	10.06	0.030994
7	23	18	1	-9.12	0.0310965
7	23	1	17	8.32	0.0312019
6	22	1	17	10.71	0.0309337
3	19	2	18	267.48	0.0300374
3	19	18	1	-183.62	0.0300545
3	19	1	17	139.75	0.0300716
2	18	1	17	819.62	0.0300122
32	48	31	47	47.83	0.0302091
32	48	47	30	-37.11	0.0302695
32	48	30	46	23.55	0.0304246
32	48	46	29	-19.68	0.0305081
32	48	29	45	15.46	0.0306468
32	48	45	28	-12.95	0.0307722
32	48	28	44	10.07	0.030993
32	48	44	27	-8.47	0.0311806
32	48	27	43	6.59	0.0315175
32	48	43	26	-5.47	0.0318282
32	48	26	42	4.32	0.0323148
32	48	42	25	-3.56	0.032809
32	48	25	41	2.72	0.0336765
32	48	41	24	-2.35	0.0342553
32	48	24	40	1.85	0.0354054
32	48	40	23	-1.58	0.0363291
31	47	30	46	78.16	0.0301279
31	47	46	29	-62.99	0.0301588
31	47	29	45	48.64	0.0302056
31	47	45	28	-39.5	0.0302532
31	47	28	44	30.5	0.0303279
31	47	44	27	-24.87	0.0304021
31	47	27	43	20.09	0.0304978
31	47	43	26	-16.14	0.0306196
31	47	26	42	11.4	0.0308772
31	47	42	25	-9.04	0.0311062
31	47	25	41	6.88	0.0314535
31	47	41	24	-5.73	0.0317452
31	47	24	40	4.51	0.0322173
31	47	40	23	-3.68	0.0327174
31	47	23	39	2.99	0.0333445
31	47	39	22	-2.61	0.0338314
30	46	29	45	86.07	0.0301162
30	46	45	28	-71.32	0.0301402
30	46	28	44	51.87	0.0301928
30	46	44	27	-43.22	0.0302314
30	46	27	43	33.5	0.0302985
30	46	43	26	-27.52	0.0303634
30	46	26	42	20.77	0.0304815
30	46	42	25	-16.91	0.0305914
30	46	25	41	10.95	0.0309132
30	46	41	24	-9.29	0.0310764
30	46	24	40	7.01	0.0314265
30	46	40	23	-5.86	0.0317065
30	46	23	39	4.55	0.0321978
30	46	39	22	-4.03	0.0324814
30	46	22	38	3.36	0.0329762
30	46	38	21	-3.01	0.0333223
29	45	28	44	75.78	0.030132
29	45	44	27	-62.8	0.0301592
29	45	27	43	47.84	0.030209
29	45	43	26	-39.21	0.030255
29	45	26	42	29.13	0.0303433
29	45	42	25	-23.62	0.0304234
29	45	25	41	16.91	0.0305914
29	45	41	24	-14.31	0.0306988
29	45	24	40	9.41	0.0310627
29	45	40	23	-7.83	0.0312771
29	45	23	39	6	0.0316667
29	45	39	22	-5.3	0.0318868
29	45	22	38	4.37	0.0322883
29	45	38	21	-3.92	0.032551
29	45	21	37	3.27	0.0330581
29	45	37	20	-2.74	0.0336496
28	44	27	43	76.55	0.0301306
28	44	43	26	-62.36	0.0301604
28	44	26	42	44.89	0.0302228
28	44	42	25	-36.36	0.030275
28	44	25	41	25.28	0.0303956
28	44	41	24	-21.33	0.0304688
28	44	24	40	15.52	0.0306443
28	44	40	23	-12.89	0.0307758
28	44	23	39	8.52	0.0311737
28	44	39	22	-7.5	0.0313333
28	44	22	38	6.07	0.0316474
28	44	38	21	-5.44	0.0318382
28	44	21	37	4.47	0.0322371
28	44	37	20	-3.75	0.0326667
28	44	20	36	2.91	0.0334364
28	44	36	19	-2.65	0.0337736
27	43	26	42	73.68	0.0301357
27	43	42	25	-58.31	0.0301715
27	43	25	41	39.44	0.0302535
27	43	41	24	-32.78	0.0303051
27	43	24	40	23.37	0.0304279
27	43	40	23	-19.11	0.0305233
27	43	23	39	14.07	0.0307107
27	43	39	22	-12.25	0.0308163
27	43	22	38	8.65	0.0311561
27	43	38	21	-7.68	0.0313021
27	43	21	37	6.25	0.0316
27	43	37	20	-5.16	0.031938
27	43	20	36	3.94	0.0325381
27	43	36	19	-3.54	0.0328249
27	43	19	35	3.02	0.0333113
27	43	35	18	-2.84	0.0335211
26	42	25	41	72.3	0.0301383
26	42	41	24	-58.71	0.0301703
26	42	24	40	40.04	0.0302498
26	42	40	23	-32.08	0.0303117
26	42	23	39	22.92	0.0304363
26	42	39	22	-19.64	0.0305092
26	42	22	38	15.42	0.0306485
26	42	38	21	-13.58	0.0307364
26	42	21	37	9.67	0.0310341
26	42	37	20	-7.82	0.0312788
26	42	20	36	5.82	0.0317182
26	42	36	19	-5.16	0.031938
26	42	19	35	4.34	0.0323041
26	42	35	18	-4.06	0.0324631
26	42	18	34	3.78	0.0326455
26	42	34	17	-3.54	0.0328249
25	41	24	40	77.4	0.0301292
25	41	40	23	-60.22	0.0301661
25	41	23	39	41.13	0.0302431
25	41	39	22	-34.54	0.0302895
25	41	22	38	26.35	0.0303795
25	41	38	21	-23	0.0304348
25	41	21	37	17.89	0.030559
25	41	37	20	-14.22	0.0307032
25	41	20	36	8.91	0.0311223
25	41	36	19	-7.79	0.0312837
25	41	19	35	6.39	0.0315649
25	41	35	18	-5.94	0.0316835
25	41	18	34	5.48	0.0318248
25	41	34	17	-5.1	0.0319608
25	41	17	33	4.9	0.0320408
24	40	23	39	74.29	0.0301346
24	40	39	22	-61.52	0.0301625
24	40	22	38	44.39	0.0302253
24	40	38	21	-38.59	0.0302591
24	40	21	37	28.72	0.0303482
24	40	37	20	-22.7	0.0304405
24	40	20	36	15.18	0.0306588
24	40	36	19	-13.19	0.0307582
24	40	19	35	9.12	0.0310965
24	40	35	18	-8.42	0.0311876
24	40	18	34	7.66	0.0313055
24	40	34	17	-7.1	0.0314085
24	40	17	33	6.74	0.0314837
23	39	22	38	88.15	0.0301134
23	39	38	21	-75.53	0.0301324
23	39	21	37	53.1	0.0301883
23	39	37	20	-41.24	0.0302425
23	39	20	36	25.51	0.030392
23	39	36	19	-21.82	0.0304583
23	39	19	35	16.45	0.0306079
23	39	35	18	-15.06	0.030664
23	39	18	34	11.63	0.0308598
23	39	34	17	-10.66	0.0309381
23	39	17	33	10.02	0.030998
22	38	21	37	94.83	0.0301055
22	38	37	20	-72.71	0.0301375
22	38	20	36	40.1	0.0302494
22	38	36	19	-33.99	0.0302942
22	38	19	35	24	0.0304167
22	38	35	18	-21.86	0.0304575
22	38	18	34	19.1	0.0305236
22	38	34	17	-17.45	0.0305731
22	38	17	33	13.79	0.0307252
21	37	20	36	85.28	0.0301173
21	37	36	19	-66.25	0.0301509
21	37	19	35	41.48	0.0302411
21	37	35	18	-36.57	0.0302734
21	37	18	34	30.91	0.0303235
21	37	34	17	-27.64	0.0303618
21	37	17	33	24.98	0.0304003
18	34	17	33	425.36	0.0300235
48	64	47	63	60.18	0.0301662
48	64	63	46	-46.79	0.0302137
48	64	46	62	25.06	0.030399
48	64	62	45	-20.86	0.0304794
48	64	45	61	14.15	0.0307067
48	64	61	44	-11.3	0.030885
48	64	44	60	8.52	0.0311737
48	64	60	43	-6.97	0.0314347
48	64	43	59	5.31	0.0318832
48	64	59	42	-4.18	0.0323923
48	64	42	58	3.43	0.0329155
48	64	58	41	-2.64	0.0337879
48	64	41	57	2.21	0.0345249
48	64	57	40	-1.76	0.0356818
48	64	40	56	1.51	0.0366225
48	64	56	39	-1.21	0.0382645
47	63	46	62	68.98	0.030145
47	63	62	45	-54.62	0.0301831
47	63	45	61	36.51	0.0302739
47	63	61	44	-27.65	0.0303617
47	63	44	60	21.19	0.0304719
47	63	60	43	-16.49	0.0306064
47	63	43	59	13.38	0.0307474
47	63	59	42	-9.94	0.031006
47	63	42	58	7.64	0.0313089
47	63	58	41	-5.46	0.0318315
47	63	41	57	4.73	0.0321142
47	63	57	40	-3.52	0.0328409
47	63	40	56	3.12	0.0332051
47	63	56	39	-2.33	0.0342918
47	63	39	55	2.12	0.034717
47	63	55	38	-1.69	0.0359172
46	62	45	61	86.29	0.0301159
46	62	61	44	-66.76	0.0301498
46	62	44	60	44.86	0.0302229
46	62	60	43	-35.26	0.0302836
46	62	43	59	26.75	0.0303738
46	62	59	42	-19.98	0.0305005
46	62	42	58	16.15	0.0306192
46	62	58	41	-11.64	0.0308591
46	62	41	57	8.75	0.0311429
46	62	57	40	-6.53	0.0315314
46	62	40	56	5.56	0.0317986
46	62	56	39	-4.19	0.0323866
46	62	39	55	3.66	0.0327322
46	62	55	38	-2.95	0.0333898
46	62	38	54	2.65	0.0337736
46	62	54	37	-2.15	0.0346512
45	61	44	60	83.31	0.03012
45	61	60	43	-68.28	0.0301465
45	61	43	59	44.19	0.0302263
45	61	59	42	-34.1	0.0302933
45	61	42	58	25.31	0.0303951
45	61	58	41	-18.75	0.0305333
45	61	41	57	14.68	0.0306812
45	61	57	40	-11.23	0.0308905
45	61	40	56	8.3	0.0312048
45	61	56	39	-6.39	0.0315649
45	61	39	55	5.32	0.0318797
45	61	55	38	-4.37	0.0322883
45	61	38	54	3.75	0.0326667
45	61	54	37	-3.1	0.0332258
45	61	37	53	2.73	0.033663
45	61	53	36	-2.12	0.034717
44	60	43	59	84.89	0.0301178
44	60	59	42	-67.16	0.0301489
44	60	42	58	43.64	0.0302291
44	60	58	41	-32.76	0.0303053
44	60	41	57	23.99	0.0304168
44	60	57	40	-18.4	0.0305435
44	60	40	56	14.15	0.0307067
44	60	56	39	-10.92	0.0309158
44	60	39	55	8.13	0.03123
44	60	55	38	-6.66	0.0315015
44	60	38	54	5.55	0.0318018
44	60	54	37	-4.58	0.0321834
44	60	37	53	3.94	0.0325381
44	60	53	36	-3.07	0.0332573
44	60	36	52	2.72	0.0336765
44	60	52	35	-2.34	0.0342735
43	59	42	58	84.52	0.0301183
43	59	58	41	-65.64	0.0301523
43	59	41	57	41.38	0.0302417
43	59	57	40	-32.22	0.0303104
43	59	40	56	22.72	0.0304401
43	59	56	39	-17.64	0.0305669
43	59	39	55	13.58	0.0307364
43	59	55	38	-11.18	0.0308945
43	59	38	54	8.18	0.0312225
43	59	54	37	-6.75	0.0314815
43	59	37	53	5.62	0.0317794
43	59	53	36	-4.37	0.0322883
43	59	36	52	3.79	0.0326385
43	59	52	35	-3.26	0.0330675
43	59	35	51	2.81	0.0335587
43	59	51	34	-2.63	0.0338023
42	58	41	57	84.43	0.0301184
42	58	57	40	-66.06	0.0301514
42	58	40	56	40.25	0.0302484
42	58	56	39	-31.06	0.030322
42	58	39	55	22.83	0.030438
42	58	55	38	-18.6	0.0305376
42	58	38	54	14.28	0.0307003
42	58	54	37	-11.61	0.0308613
42	58	37	53	8.54	0.031171
42	58	53	36	-6.49	0.0315408
42	58	36	52	5.5	0.0318182
42	58	52	35	-4.67	0.0321413
42	58	35	51	3.95	0.0325316
42	58	51	34	-3.68	0.0327174
42	58	34	50	3.39	0.0329499
42	58	50	33	-3.06	0.033268
41	57	40	56	82.44	0.0301213
41	57	56	39	-63.06	0.0301586
41	57	39	55	42.96	0.0302328
41	57	55	38	-34.71	0.0302881
41	57	38	54	24.86	0.0304023
41	57	54	37	-19.85	0.0305038
41	57	37	53	15.6	0.030641
41	57	53	36	-11.46	0.0308726
41	57	36	52	8.54	0.031171
41	57	52	35	-7.09	0.0314104
41	57	35	51	5.87	0.0317036
41	57	51	34	-5.4	0.0318519
41	57	34	50	4.94	0.0320243
41	57	50	33	-4.46	0.0322422
41	57	33	49	4.22	0.0323697
40	56	39	55	81.36	0.0301229
40	56	55	38	-63.91	0.0301565
40	56	38	54	43.82	0.0302282
40	56	54	37	-33.99	0.0302942
40	56	37	53	26.11	0.030383
40	56	53	36	-18.43	0.0305426
40	56	36	52	14.94	0.0306693
40	56	52	35	-12.1	0.0308264
40	56	35	51	8.68	0.0311521
40	56	51	34	-7.88	0.031269
40	56	34	50	7.13	0.0314025
40	56	50	33	-6.36	0.0315723
40	56	33	49	6.01	0.0316639
39	55	38	54	99.31	0.0301007
39	55	54	37	-76.68	0.0301304
39	55	37	53	50.82	0.0301968
39	55	53	36	-34.71	0.0302881
39	55	36	52	26.19	0.0303818
39	55	52	35	-20.73	0.0304824
39	55	35	51	15.81	0.0306325
39	55	51	34	-14.17	0.0307057
39	55	34	50	11.1	0.0309009
39	55	50	33	-9.85	0.0310152
39	55	33	49	9.17	0.0310905
38	54	37	53	105.25	0.030095
38	54	53	36	-71.54	0.0301398
38	54	36	52	46.67	0.0302143
38	54	52	35	-36.35	0.0302751
38	54	35	51	25.21	0.0303967
38	54	51	34	-22.38	0.0304468
38	54	34	50	19.09	0.0305238
38	54	50	33	-16.82	0.0305945
38	54	33	49	13.52	0.0307396
37	53	36	52	104.18	0.030096
37	53	52	35	-78.82	0.0301269
37	53	35	51	44.83	0.0302231
37	53	51	34	-38.94	0.0302568
37	53	34	50	31.45	0.030318
37	53	50	33	-27.45	0.0303643
37	53	33	49	24.55	0.0304073
34	50	33	49	277.92	0.030036
64	80	63	79	52.06	0.0301921
64	80	79	62	-30.66	0.0303262
64	80	62	78	20.4	0.0304902
64	80	78	61	-13.81	0.0307241
64	80	61	77	9.87	0.0310132
64	80	77	60	-7.08	0.0314124
64	80	60	76	5.58	0.0317921
64	80	76	59	-4.1	0.032439
64	80	59	75	3.31	0.0330211
64	80	75	58	-2.5	0.034
64	80	58	74	2.14	0.0346729
64	80	74	57	-1.64	0.0360976
64	80	57	73	1.43	0.036993
64	80	73	56	-1.1	0.0390909
64	80	56	72	1	0.04
64	80	72	55	-0.79	0.0426582
63	79	62	78	74.66	0.0301339
63	79	78	61	-56.87	0.0301758
63	79	61	77	28.29	0.0303535
63	79	77	60	-21.95	0.0304556
63	79	60	76	14.36	0.0306964
63	79	76	59	-11.35	0.0308811
63	79	59	75	8.08	0.0312376
63	79	75	58	-6.55	0.0315267
63	79	58	74	4.36	0.0322936
63	79	74	57	-3.59	0.0327855
63	79	57	73	2.77	0.0336101
63	79	73	56	-2.28	0.034386
63	79	56	72	1.84	0.0354348
63	79	72	55	-1.56	0.0364103
63	79	55	71	1.28	0.0378125
63	79	71	54	-1.1	0.0390909
62	78	61	77	78.59	0.0301272
62	78	77	60	-56.92	0.0301757
62	78	60	76	33.1	0.0303021
62	78	76	59	-24.89	0.0304018
62	78	59	75	16.95	0.03059
62	78	75	58	-13.2	0.0307576
62	78	58	74	9.71	0.0310299
62	78	74	57	-7.74	0.031292
62	78	57	73	5.26	0.0319011
62	78	73	56	-4.19	0.0323866
62	78	56	72	3.37	0.0329674
62	78	72	55	-2.76	0.0336232
62	78	55	71	2.27	0.0344053
62	78	71	54	-1.9	0.0352632
62	78	54	70	1.61	0.0362112
62	78	70	53	-1.38	0.0372464
61	77	60	76	88.41	0.0301131
61	77	76	59	-64.59	0.0301548
61	77	59	75	36.46	0.0302743
61	77	75	58	-27.87	0.0303588
61	77	58	74	18.85	0.0305305
61	77	74	57	-14.83	0.0306743
61	77	57	73	10.71	0.0309337
61	77	73	56	-8.47	0.0311806
61	77	56	72	5.86	0.0317065
61	77	72	55	-4.81	0.032079
61	77	55	71	3.82	0.0326178
61	77	71	54	-3.19	0.0331348
61	77	54	70	2.63	0.0338023
61	77	70	53	-2.25	0.0344444
61	77	53	69	1.9	0.0352632
61	77	69	52	-1.67	0.035988
60	76	59	75	89.81	0.0301113
60	76	75	58	-66.51	0.0301504
60	76	58	74	37.45	0.030267
60	76	74	57	-28.8	0.0303472
60	76	57	73	19.25	0.0305195
60	76	73	56	-14.9	0.0306711
60	76	56	72	10.92	0.0309158
60	76	72	55	-8.86	0.0311287
60	76	55	71	6.13	0.0316313
60	76	71	54	-5.05	0.0319802
60	76	54	70	4.05	0.0324691
60	76	70	53	-3.44	0.032907
60	76	53	69	2.83	0.0335336
60	76	69	52	-2.48	0.0340323
60	76	52	68	2.15	0.0346512
60	76	68	51	-1.86	0.0353763
59	75	58	74	92.95	0.0301076
59	75	74	57	-68.71	0.0301455
59	75	57	73	38.25	0.0302614
59	75	73	56	-28.64	0.0303492
59	75	56	72	19.48	0.0305133
59	75	72	55	-15.5	0.0306452
59	75	55	71	11.45	0.0308734
59	75	71	54	-9.25	0.0310811
59	75	54	70	6.51	0.0315361
59	75	70	53	-5.44	0.0318382
59	75	53	69	4.37	0.0322883
59	75	69	52	-3.78	0.0326455
59	75	52	68	3.22	0.0331056
59	75	68	51	-2.76	0.0336232
59	75	51	67	2.41	0.0341494
59	75	67	50	-2.22	0.0345045
58	74	57	73	91.66	0.0301091
58	74	73	56	-65.51	0.0301526
58	74	56	72	37.23	0.0302686
58	74	72	55	-29.13	0.0303433
58	74	55	71	20.07	0.0304983
58	74	71	54	-15.76	0.0306345
58	74	54	70	11.73	0.0308525
58	74	70	53	-9.63	0.0310384
58	74	53	69	6.73	0.0314859
58	74	69	52	-5.73	0.0317452
58	74	52	68	4.78	0.0320921
58	74	68	51	-4.03	0.0324814
58	74	51	67	3.46	0.0328902
58	74	67	50	-3.18	0.0331447
58	74	50	66	2.89	0.0334602
58	74	66	49	-2.7	0.0337037
57	73	56	72	90.33	0.0301107
57	73	72	55	-70.31	0.0301422
57	73	55	71	40.2	0.0302488
57	73	71	54	-30.35	0.0303295
57	73	54	70	20.76	0.0304817
57	73	70	53	-16.63	0.0306013
57	73	53	69	12.24	0.030817
57	73	69	52	-10.27	0.0309737
57	73	52	68	7.47	0.0313387
57	73	68	51	-6.21	0.0316103
57	73	51	67	5.18	0.0319305
57	73	67	50	-4.72	0.0321186
57	73	50	66	4.21	0.0323753
57	73	66	49	-3.92	0.032551
57	73	49	65	3.74	0.0326738
56	72	55	71	89.69	0.0301115
56	72	71	54	-69.52	0.0301438
56	72	54	70	38.42	0.0302603
56	72	70	53	-30.63	0.0303265
56	72	53	69	20.53	0.0304871
56	72	69	52	-17.05	0.0305865
56	72	52	68	13.05	0.0307663
56	72	68	51	-10.68	0.0309363
56	72	51	67	7.75	0.0312903
56	72	67	50	-6.99	0.0314306
56	72	50	66	6.1	0.0316393
56	72	66	49	-5.65	0.0317699
56	72	49	65	5.33	0.0318762
55	71	54	70	99.02	0.030101
55	71	70	53	-73.07	0.0301369
55	71	53	69	41.02	0.0302438
55	71	69	52	-32.4	0.0303086
55	71	52	68	23.24	0.0304303
55	71	68	51	-18.25	0.0305479
55	71	51	67	14.16	0.0307062
55	71	67	50	-12.52	0.0307987
55	71	50	66	9.5	0.0310526
55	71	66	49	-8.7	0.0311494
55	71	49	65	8.12	0.0312315
54	70	53	69	99.44	0.0301006
54	70	69	52	-74.18	0.0301348
54	70	52	68	44.79	0.0302233
54	70	68	51	-33.38	0.0302996
54	70	51	67	24.11	0.0304148
54	70	67	50	-20.82	0.0304803
54	70	50	66	17.01	0.0305879
54	70	66	49	-15.39	0.0306498
54	70	49	65	12.55	0.0307968
53	69	52	68	113.32	0.0300882
53	69	68	51	-78.55	0.0301273
53	69	51	67	46.27	0.0302161
53	69	67	50	-38.71	0.0302583
53	69	50	66	29.31	0.0303412
53	69	66	49	-26.05	0.0303839
53	69	49	65	23.24	0.0304303
52	68	51	67	106.57	0.0300938
52	68	67	50	-84.97	0.0301177
52	68	50	66	53.34	0.0301875
52	68	66	49	-46.33	0.0302158
52	68	49	65	39.33	0.0302543
80	96	79	95	38.43	0.0302602
80	96	95	78	-28.46	0.0303514
80	96	78	94	15.47	0.0306464
80	96	94	77	-11.74	0.0308518
80	96	77	93	7.4	0.0313514
80	96	93	76	-6.01	0.0316639
80	96	76	92	4.12	0.0324272
80	96	92	75	-3.42	0.032924
80	96	75	91	2.47	0.0340486
80	96	91	74	-2.1	0.0347619
80	96	74	90	1.58	0.0363291
80	96	90	73	-1.36	0.0373529
80	96	73	89	1.05	0.0395238
80	96	89	72	-0.93	0.0407527
80	96	72	88	0.74	0.0435135
80	96	88	71	-0.67	0.0449254
79	95	78	94	84.49	0.0301184
79	95	94	77	-55.73	0.0301794
79	95	77	93	29.88	0.0303347
79	95	93	76	-22.4	0.0304464
79	95	76	92	14.35	0.0306969
79	95	92	75	-11.18	0.0308945
79	95	75	91	7.81	0.0312804
79	95	91	74	-6.27	0.0315949
79	95	74	90	4.13	0.0324213
79	95	90	73	-3.37	0.0329674
79	95	73	89	2.55	0.0339216
79	95	89	72	-2.14	0.0346729
79	95	72	88	1.69	0.0359172
79	95	88	71	-1.47	0.0368027
79	95	71	87	1.17	0.038547
79	95	87	70	-1.03	0.0397087
78	94	77	93	82.86	0.0301207
78	94	93	76	-58.95	0.0301696
78	94	76	92	31.92	0.0303133
78	94	92	75	-24.11	0.0304148
78	94	75	91	15.78	0.0306337
78	94	91	74	-12.39	0.0308071
78	94	74	90	8.72	0.0311468
78	94	90	73	-7	0.0314286
78	94	73	89	4.66	0.0321459
78	94	89	72	-3.84	0.0326042
78	94	72	88	2.97	0.033367
78	94	88	71	-2.55	0.0339216
78	94	71	87	1.99	0.0350251
78	94	87	70	-1.73	0.0357803
78	94	70	86	1.39	0.0371942
78	94	86	69	-1.22	0.0381967
77	93	76	92	89.25	0.030112
77	93	92	75	-60.96	0.030164
77	93	75	91	34.51	0.0302898
77	93	91	74	-25.65	0.0303899
77	93	74	90	17.1	0.0305848
77	93	90	73	-13.16	0.0307599
77	93	73	89	9.43	0.0310604
77	93	89	72	-7.53	0.031328
77	93	72	88	5.17	0.0319342
77	93	88	71	-4.3	0.0323256
77	93	71	87	3.33	0.033003
77	93	87	70	-2.81	0.0335587
77	93	70	86	2.25	0.0344444
77	93	86	69	-1.94	0.0351546
77	93	69	85	1.59	0.0362893
77	93	85	68	-1.41	0.0370922
76	92	75	91	92.16	0.0301085
76	92	91	74	-62.98	0.0301588
76	92	74	90	35.5	0.0302817
76	92	90	73	-26.17	0.0303821
76	92	73	89	17.49	0.0305718
76	92	89	72	-13.6	0.0307353
76	92	72	88	9.94	0.031006
76	92	88	71	-8.09	0.0312361
76	92	71	87	5.5	0.0318182
76	92	87	70	-4.56	0.032193
76	92	70	86	3.58	0.0327933
76	92	86	69	-3.03	0.0333003
76	92	69	85	2.45	0.0340816
76	92	85	68	-2.15	0.0346512
76	92	68	84	1.8	0.0355556
76	92	84	67	-1.63	0.036135
75	91	74	90	93.44	0.030107
75	91	90	73	-62.96	0.0301588
75	91	73	89	35.42	0.0302823
75	91	89	72	-26.34	0.0303797
75	91	72	88	18.01	0.0305552
75	91	88	71	-14.21	0.0307037
75	91	71	87	10.29	0.0309718
75	91	87	70	-8.34	0.031199
75	91	70	86	5.76	0.0317361
75	91	86	69	-4.77	0.0320964
75	91	69	85	3.78	0.0326455
75	91	85	68	-3.27	0.0330581
75	91	68	84	2.69	0.0337175
75	91	84	67	-2.42	0.0341322
75	91	67	83	2.04	0.034902
75	91	83	66	-1.84	0.0354348
74	90	73	89	91.74	0.030109
74	90	89	72	-63.15	0.0301584
74	90	72	88	36.19	0.0302763
74	90	88	71	-27.44	0.0303644
74	90	71	87	18.45	0.030542
74	90	87	70	-14.53	0.0306882
74	90	70	86	10.59	0.0309443
74	90	86	69	-8.58	0.0311655
74	90	69	85	5.96	0.0316779
74	90	85	68	-5.07	0.0319724
74	90	68	84	4.07	0.032457
74	90	84	67	-3.6	0.0327778
74	90	67	83	2.98	0.0333557
74	90	83	66	-2.68	0.0337313
74	90	66	82	2.37	0.0342194
74	90	82	65	-2.23	0.0344843
73	89	72	88	97.12	0.030103
73	89	88	71	-67.07	0.0301491
73	89	71	87	37.92	0.0302637
73	89	87	70	-28.46	0.0303514
73	89	70	86	19.27	0.0305189
73	89	86	69	-15.08	0.0306631
73	89	69	85	11.16	0.0308961
73	89	85	68	-9.2	0.031087
73	89	68	84	6.52	0.0315337
73	89	84	67	-5.64	0.031773
73	89	67	83	4.55	0.0321978
73	89	83	66	-4.02	0.0324876
73	89	66	82	3.51	0.032849
73	89	82	65	-3.27	0.0330581
73	89	65	81	3.02	0.0333113
72	88	67	83	7	0.0314286
72	88	83	66	-6.06	0.0316502
72	88	66	82	5.19	0.0319268
72	88	82	65	-4.79	0.0320877
72	88	65	81	4.36	0.0322936
71	87	66	82	8.07	0.0312392
71	87	82	65	-7.36	0.0313587
71	87	65	81	6.58	0.0315198
70	86	65	81	10.11	0.0309891
96	112	95	111	40.58	0.0302464
96	112	111	94	-27.4	0.030365
96	112	94	110	16.81	0.0305949
96	112	110	93	-12.44	0.0308039
96	112	93	109	8.58	0.0311655
96	112	109	92	-6.65	0.0315038
96	112	92	108	4.87	0.0320534
96	112	108	91	-3.89	0.0325707
96	112	91	107	2.95	0.0333898
96	112	107	90	-2.39	0.0341841
96	112	90	106	1.83	0.0354645
96	112	106	89	-1.5	0.0366667
96	112	89	105	1.21	0.0382645
96	112	105	88	-1.01	0.039901
96	112	88	104	0.85	0.0417647
96	112	104	87	-0.71	0.0440845
95	111	94	110	83.11	0.0301203
95	111	110	93	-57.16	0.0301749
95	111	93	109	32.34	0.0303092
95	111	109	92	-24.17	0.0304137
95	111	92	108	15.76	0.0306345
95	111	108	91	-12.3	0.030813
95	111	91	107	8.59	0.0311641
95	111	107	90	-6.8	0.0314706
95	111	90	106	4.37	0.0322883
95	111	106	89	-3.46	0.0328902
95	111	89	105	2.67	0.0337453
95	111	105	88	-2.15	0.0346512
95	111	88	104	1.76	0.0356818
95	111	104	87	-1.42	0.0370423
95	111	87	103	1.22	0.0381967
95	111	103	86	-1	0.04
94	110	93	109	92.47	0.0301081
94	110	109	92	-65.1	0.0301536
94	110	92	108	37.15	0.0302692
94	110	108	91	-28.71	0.0303483
94	110	91	107	18.43	0.0305426
94	110	107	90	-14.65	0.0306826
94	110	90	106	9.75	0.0310256
94	110	106	89	-7.8	0.0312821
94	110	89	105	5.12	0.0319531
94	110	105	88	-4.16	0.0324038
94	110	88	104	3.23	0.033096
94	110	104	87	-2.64	0.0337879
94	110	87	103	2.18	0.0345872
94	110	103	86	-1.81	0.0355249
94	110	86	102	1.53	0.0365359
94	110	102	85	-1.3	0.0376923
93	109	92	108	95.49	0.0301047
93	109	108	91	-68.84	0.0301453
93	109	91	107	38.96	0.0302567
93	109	107	90	-30.27	0.0303304
93	109	90	106	18.48	0.0305411
93	109	106	89	-14.6	0.0306849
93	109	89	105	10.13	0.0309872
93	109	105	88	-8.26	0.0312107
93	109	88	104	5.5	0.0318182
93	109	104	87	-4.47	0.0322371
93	109	87	103	3.58	0.0327933
93	109	103	86	-2.97	0.033367
93	109	86	102	2.44	0.0340984
93	109	102	85	-2.08	0.0348077
93	109	85	101	1.73	0.0357803
93	109	101	84	-1.5	0.0366667
92	108	91	107	97.2	0.0301029
92	108	107	90	-69.44	0.030144
92	108	90	106	36.75	0.0302721
92	108	106	89	-27.93	0.030358
92	108	89	105	18.19	0.0305498
92	108	105	88	-14.39	0.0306949
92	108	88	104	10.27	0.0309737
92	108	104	87	-8.27	0.0312092
92	108	87	103	5.81	0.0317212
92	108	103	86	-4.74	0.0321097
92	108	86	102	3.82	0.0326178
92	108	102	85	-3.21	0.0331153
92	108	85	101	2.65	0.0337736
92	108	101	84	-2.25	0.0344444
92	108	84	100	1.92	0.0352083
92	108	100	83	-1.63	0.036135
91	107	90	106	91.53	0.0301093
91	107	106	89	-63.8	0.0301567
91	107	89	105	35.84	0.030279
91	107	105	88	-27.35	0.0303656
91	107	88	104	18.4	0.0305435
91	107	104	87	-14.42	0.0306935
91	107	87	103	10.76	0.0309294
91	107	103	86	-8.68	0.0311521
91	107	86	102	6.09	0.031642
91	107	102	85	-5.06	0.0319763
91	107	85	101	4.05	0.0324691
91	107	101	84	-3.42	0.032924
91	107	84	100	2.84	0.0335211
91	107	100	83	-2.41	0.0341494
91	107	83	99	2.07	0.0348309
91	107	99	82	-1.83	0.0354645
90	106	89	105	93.66	0.0301068
90	106	105	88	-66.38	0.0301506
90	106	88	104	37.4	0.0302674
90	106	104	87	-28.39	0.0303522
90	106	87	103	19.61	0.0305099
90	106	103	86	-15.56	0.0306427
90	106	86	102	11.5	0.0308696
90	106	102	85	-9.46	0.0310571
90	106	85	101	6.55	0.0315267
90	106	101	84	-5.47	0.0318282
90	106	84	100	4.39	0.0322779
90	106	100	83	-3.69	0.03271
90	106	83	99	3.12	0.0332051
90	106	99	82	-2.72	0.0336765
90	106	82	98	2.39	0.0341841
90	106	98	81	-2.19	0.0345662
89	105	88	104	96.29	0.0301039
89	105	104	87	-67.01	0.0301492
89	105	87	103	39.34	0.0302542
89	105	103	86	-30.13	0.0303319
89	105	86	102	20.59	0.0304857
89	105	102	85	-16.61	0.030602
89	105	85	101	12.06	0.0308292
89	105	101	84	-9.93	0.031007
89	105	84	100	6.92	0.0314451
89	105	100	83	-5.73	0.0317452
89	105	83	99	4.7	0.0321277
89	105	99	82	-4.05	0.0324691
89	105	82	98	3.5	0.0328571
89	105	98	81	-3.17	0.0331546
89	105	81	97	2.87	0.0334843
88	104	87	103	102.28	0.0300978
88	104	103	86	-72.46	0.030138
88	104	86	102	41.12	0.0302432
88	104	102	85	-31.99	0.0303126
88	104	85	101	21.27	0.0304701
88	104	101	84	-16.74	0.0305974
88	104	84	100	12.46	0.0308026
88	104	100	83	-10.15	0.0309852
88	104	83	99	7.2	0.0313889
88	104	99	82	-6.12	0.031634
88	104	82	98	5.14	0.0319455
88	104	98	81	-4.62	0.0321645
88	104	81	97	4.11	0.0324331
87	103	82	98	7.95	0.0312579
87	103	98	81	-7.03	0.0314225
87	103	81	97	6.13	0.0316313
86	102	81	97	9.32	0.031073
112	128	111	127	38.44	0.0302601
112	128	127	110	-27.81	0.0303596
112	128	110	126	15.94	0.0306274
112	128	126	109	-12.12	0.0308251
112	128	109	125	8.2	0.0312195
112	128	125	108	-6.46	0.031548
112	128	108	124	4.67	0.0321413
112	128	124	107	-3.77	0.0326525
112	128	107	123	2.79	0.0335842
112	128	123	106	-2.26	0.0344248
112	128	106	122	1.73	0.0357803
112	128	122	105	-1.46	0.0368493
112	128	105	121	1.17	0.038547
112	128	121	104	-1.02	0.0398039
112	128	104	120	0.81	0.0423457
112	128	120	103	-0.73	0.0436986
111	127	110	126	80.62	0.030124
111	127	126	109	-55.63	0.0301798
111	127	109	125	31.81	0.0303144
111	127	125	108	-23.42	0.030427
111	127	108	124	15.63	0.0306398
111	127	124	107	-12.02	0.0308319
111	127	107	123	8.42	0.0311876
111	127	123	106	-6.55	0.0315267
111	127	106	122	4.29	0.032331
111	127	122	105	-3.53	0.0328329
111	127	105	121	2.69	0.0337175
111	127	121	104	-2.31	0.034329
111	127	104	120	1.76	0.0356818
111	127	120	103	-1.57	0.0363694
111	127	103	119	1.22	0.0381967
111	127	119	102	-1.1	0.0390909
110	126	109	125	90.92	0.03011
110	126	125	108	-62.8	0.0301592
110	126	108	124	37.21	0.0302687
110	126	124	107	-27.03	0.03037
110	126	107	123	18.24	0.0305482
110	126	123	106	-13.44	0.030744
110	126	106	122	9.6	0.0310417
110	126	122	105	-7.58	0.0313193
110	126	105	121	5.16	0.031938
110	126	121	104	-4.26	0.0323474
110	126	104	120	3.24	0.0330864
110	126	120	103	-2.79	0.0335842
110	126	103	119	2.18	0.0345872
110	126	119	102	-1.91	0.0352356
110	126	102	118	1.51	0.0366225
110	126	118	101	-1.34	0.0374627
109	125	108	124	97.6	0.0301025
109	125	124	107	-67.65	0.0301478
109	125	107	123	39.67	0.0302521
109	125	123	106	-27.52	0.0303634
109	125	106	122	18.52	0.03054
109	125	122	105	-14.16	0.0307062
109	125	105	121	10.36	0.0309653
109	125	121	104	-8.36	0.0311962
109	125	104	120	5.59	0.0317889
109	125	120	103	-4.7	0.0321277
109	125	103	119	3.63	0.0327548
109	125	119	102	-3.12	0.0332051
109	125	102	118	2.43	0.0341152
109	125	118	101	-2.13	0.0346948
109	125	101	117	1.7	0.0358824
109	125	117	100	-1.51	0.0366225
108	124	107	123	97.13	0.030103
108	124	123	106	-64	0.0301562
108	124	106	122	36.83	0.0302715
108	124	122	105	-27.16	0.0303682
108	124	105	121	18.69	0.030535
108	124	121	104	-14.72	0.0306793
108	124	104	120	10.54	0.0309488
108	124	120	103	-8.71	0.0311481
108	124	103	119	5.87	0.0317036
108	124	119	102	-4.96	0.0320161
108	124	102	118	3.81	0.0326247
108	124	118	101	-3.27	0.0330581
108	124	101	117	2.58	0.033876
108	124	117	100	-2.25	0.0344444
108	124	100	116	1.81	0.0355249
108	124	116	99	-1.64	0.0360976
107	123	106	122	90.1	0.030111
107	123	122	105	-62.27	0.0301606
107	123	105	121	36.76	0.030272
107	123	121	104	-27.88	0.0303587
107	123	104	120	18.65	0.0305362
107	123	120	103	-15.02	0.0306658
107	123	103	119	10.87	0.03092
107	123	119	102	-8.98	0.0311136
107	123	102	118	6.06	0.0316502
107	123	118	101	-5.08	0.0319685
107	123	101	117	3.94	0.0325381
107	123	117	100	-3.38	0.0329586
107	123	100	116	2.68	0.0337313
107	123	116	99	-2.4	0.0341667
107	123	99	115	1.69	0.0359172
107	123	115	98	-1.52	0.0365789
106	122	105	121	94.47	0.0301059
106	122	121	104	-65.39	0.0301529
106	122	104	120	37.21	0.0302687
106	122	120	103	-28.45	0.0303515
106	122	103	119	19.45	0.0305141
106	122	119	102	-15.44	0.0306477
106	122	102	118	11.24	0.0308897
106	122	118	101	-9.08	0.0311013
106	122	101	117	6.27	0.0315949
106	122	117	100	-5.2	0.0319231
106	122	100	116	4.09	0.032445
106	122	116	99	-3.54	0.0328249
106	122	99	115	2.48	0.0340323
106	122	115	98	-2.18	0.0345872
106	122	98	114	2.54	0.033937
106	122	114	97	-2.38	0.0342017
105	121	104	120	91.08	0.0301098
105	121	120	103	-63.3	0.030158
105	121	103	119	37.73	0.030265
105	121	119	102	-28.29	0.0303535
105	121	102	118	19.54	0.0305118
105	121	118	101	-15.1	0.0306623
105	121	101	117	11.18	0.0308945
105	121	117	100	-8.92	0.0311211
105	121	100	116	6.22	0.0316077
105	121	116	99	-5.23	0.031912
105	121	99	115	3.6	0.0327778
105	121	115	98	-3.08	0.0332468
105	121	98	114	3.62	0.0327624
105	121	114	97	-3.34	0.032994
105	121	97	113	2.49	0.0340161
104	120	103	119	97.71	0.0301023
104	120	119	102	-66.26	0.0301509
104	120	102	118	39.05	0.0302561
104	120	118	101	-28.44	0.0303516
104	120	101	117	19.76	0.0305061
104	120	117	100	-15.14	0.0306605
104	120	100	116	11.27	0.0308873
104	120	116	99	-9.2	0.031087
104	120	99	115	5.43	0.0318416
104	120	115	98	-4.5	0.0322222
104	120	98	114	5.39	0.0318553
104	120	114	97	-4.92	0.0320325
104	120	97	113	3.53	0.0328329
103	119	102	118	100.31	0.0300997
103	119	118	101	-66.81	0.0301497
103	119	101	117	39	0.0302564
103	119	117	100	-28.35	0.0303527
103	119	100	116	19.69	0.0305079
103	119	116	99	-15.55	0.0306431
103	119	99	115	9.61	0.0310406
103	119	115	98	-7.67	0.0313038
103	119	98	114	8.54	0.031171
103	119	114	97	-7.69	0.0313004
103	119	97	113	5.21	0.0319194
102	118	101	117	103.71	0.0300964
102	118	117	100	-68.39	0.0301462
102	118	100	116	39.71	0.0302518
102	118	116	99	-29.73	0.0303364
102	118	99	115	16.57	0.0306035
102	118	115	98	-12.51	0.0307994
102	118	98	114	16.21	0.0306169
102	118	114	97	-14.37	0.0306959
102	118	97	113	8.02	0.0312469
128	144	127	143	54.36	0.030184
128	144	143	126	-42.13	0.0302374
128	144	126	142	20.59	0.0304857
128	144	142	125	-16.52	0.0306053
128	144	125	141	10.17	0.0309833
128	144	141	124	-8.35	0.0311976
128	144	124	140	5.59	0.0317889
128	144	140	123	-4.68	0.0321368
128	144	123	139	2.89	0.0334602
128	144	139	122	-2.49	0.0340161
128	144	122	138	1.82	0.0354945
128	144	138	121	-1.61	0.0362112
128	144	121	137	1.22	0.0381967
128	144	137	120	-1.09	0.0391743
128	144	120	136	0.85	0.0417647
128	144	136	119	-0.77	0.042987
127	143	126	142	82.78	0.0301208
127	143	142	125	-58.56	0.0301708
127	143	125	141	32.45	0.0303082
127	143	141	124	-24.61	0.0304063
127	143	124	140	15.97	0.0306262
127	143	140	123	-12.45	0.0308032
127	143	123	139	8.66	0.0311547
127	143	139	122	-6.99	0.0314306
127	143	122	138	4.56	0.032193
127	143	138	121	-3.81	0.0326247
127	143	121	137	2.9	0.0334483
127	143	137	120	-2.44	0.0340984
127	143	120	136	1.93	0.0351813
127	143	136	119	-1.65	0.0360606
127	143	119	135	1.34	0.0374627
127	143	135	118	-1.16	0.0386207
126	142	125	141	90.31	0.0301107
126	142	141	124	-64.28	0.0301556
126	142	124	140	35.76	0.0302796
126	142	140	123	-26.99	0.0303705
126	142	123	139	17.57	0.0305692
126	142	139	122	-13.83	0.0307231
126	142	122	138	9.66	0.0310352
126	142	138	121	-7.98	0.0312531
126	142	121	137	5.3	0.0318868
126	142	137	120	-4.37	0.0322883
126	142	120	136	3.39	0.0329499
126	142	136	119	-2.85	0.0335088
126	142	119	135	2.28	0.034386
126	142	135	118	-1.94	0.0351546
126	142	118	134	1.58	0.0363291
126	142	134	117	-1.36	0.0373529
125	141	124	140	95.35	0.0301049
125	141	140	123	-66.65	0.03015
125	141	123	139	37.09	0.0302696
125	141	139	122	-28.14	0.0303554
125	141	122	138	18.5	0.0305405
125	141	138	121	-14.78	0.0306766
125	141	121	137	10.57	0.0309461
125	141	137	120	-8.54	0.031171
125	141	120	136	5.81	0.0317212
125	141	136	119	-4.78	0.0320921
125	141	119	135	3.76	0.0326596
125	141	135	118	-3.14	0.0331847
125	141	118	134	2.52	0.0339683
125	141	134	117	-2.14	0.0346729
125	141	117	133	1.77	0.0356497
125	141	133	116	-1.54	0.0364935
124	140	123	139	94.02	0.0301064
124	140	139	122	-66.54	0.0301503
124	140	122	138	37.25	0.0302685
124	140	138	121	-28.8	0.0303472
124	140	121	137	19.26	0.0305192
124	140	137	120	-15.17	0.0306592
124	140	120	136	11.04	0.0309058
124	140	136	119	-8.94	0.0311186
124	140	119	135	6.11	0.0316367
124	140	135	118	-5.01	0.031996
124	140	118	134	3.93	0.0325445
124	140	134	117	-3.3	0.0330303
124	140	117	133	2.68	0.0337313
124	140	133	116	-2.31	0.034329
124	140	116	132	1.94	0.0351546
124	140	132	115	-1.54	0.0364935
123	139	122	138	91.9	0.0301088
123	139	138	121	-66.01	0.0301515
123	139	121	137	37.91	0.0302638
123	139	137	120	-28.73	0.0303481
123	139	120	136	19.64	0.0305092
123	139	136	119	-15.49	0.0306456
123	139	119	135	11.42	0.0308757
123	139	135	118	-9.2	0.031087
123	139	118	134	6.23	0.0316051
123	139	134	117	-5.13	0.0319493
123	139	117	133	4.08	0.032451
123	139	133	116	-3.47	0.0328818
123	139	116	132	2.87	0.0334843
123	139	132	115	-2.23	0.0344843
123	139	115	131	1.88	0.0353191
123	139	131	114	-2.13	0.0346948
122	138	121	137	93.29	0.0301072
122	138	137	120	-64.84	0.0301542
122	138	120	136	38.08	0.0302626
122	138	136	119	-28.99	0.0303449
122	138	119	135	19.97	0.0305008
122	138	135	118	-15.71	0.0306365
122	138	118	134	11.47	0.0308718
122	138	134	117	-9.31	0.0310741
122	138	117	133	6.39	0.0315649
122	138	133	116	-5.34	0.0318727
122	138	116	132	4.31	0.0323202
122	138	132	115	-3.3	0.0330303
122	138	115	131	2.71	0.03369
122	138	131	114	-3.1	0.0332258
122	138	114	130	2.77	0.0336101
122	138	130	113	-2.17	0.0346083
121	137	120	136	91.73	0.030109
121	137	136	119	-65.71	0.0301522
121	137	119	135	38.18	0.0302619
121	137	135	118	-29.27	0.0303416
121	137	118	134	19.75	0.0305063
121	137	134	117	-15.76	0.0306345
121	137	117	133	11.54	0.0308666
121	137	133	116	-9.55	0.0310471
121	137	116	132	6.61	0.0315129
121	137	132	115	-4.99	0.032004
121	137	115	131	3.98	0.0325126
121	137	131	114	-4.58	0.0321834
121	137	114	130	4.01	0.0324938
121	137	130	113	-3.1	0.0332258
121	137	113	129	2.75	0.0336364
120	136	119	135	94.14	0.0301062
120	136	135	118	-66.37	0.0301507
120	136	118	134	38.14	0.0302622
120	136	134	117	-29.28	0.0303415
120	136	117	133	19.92	0.030502
120	136	133	116	-16.04	0.0306234
120	136	116	132	11.98	0.0308347
120	136	132	115	-8.79	0.0311377
120	136	115	131	6.03	0.0316584
120	136	131	114	-7.03	0.0314225
120	136	114	130	6.06	0.0316502
120	136	130	113	-4.55	0.0321978
120	136	113	129	3.97	0.0325189
119	135	118	134	96.1	0.0301041
119	135	134	117	-67.66	0.0301478
119	135	117	133	38.62	0.0302589
119	135	133	116	-29.84	0.0303351
119	135	116	132	20.76	0.0304817
119	135	132	115	-14.63	0.0306835
119	135	115	131	10.71	0.0309337
119	135	131	114	-12.75	0.0307843
119	135	114	130	9.51	0.0310515
119	135	130	113	-6.83	0.0314641
119	135	113	129	5.86	0.0317065
118	134	113	129	9	0.0311111
