144# Number of sensors
#x	z
1.75	-0.1
1.75	-0.2
1.75	-0.3
1.75	-0.4
1.75	-0.5
1.75	-0.6
1.75	-0.7
1.75	-0.8
1.75	-0.9
1.75	-1
1.75	-1.1
1.75	-1.2
1.75	-1.3
1.75	-1.4
1.75	-1.5
1.75	-1.6
2.25	-0.1
2.25	-0.2
2.25	-0.3
2.25	-0.4
2.25	-0.5
2.25	-0.6
2.25	-0.7
2.25	-0.8
2.25	-0.9
2.25	-1
2.25	-1.1
2.25	-1.2
2.25	-1.3
2.25	-1.4
2.25	-1.5
2.25	-1.6
2.75	-0.1
2.75	-0.2
2.75	-0.3
2.75	-0.4
2.75	-0.5
2.75	-0.6
2.75	-0.7
2.75	-0.8
2.75	-0.9
2.75	-1
2.75	-1.1
2.75	-1.2
2.75	-1.3
2.75	-1.4
2.75	-1.5
2.75	-1.6
3.25	-0.1
3.25	-0.2
3.25	-0.3
3.25	-0.4
3.25	-0.5
3.25	-0.6
3.25	-0.7
3.25	-0.8
3.25	-0.9
3.25	-1
3.25	-1.1
3.25	-1.2
3.25	-1.3
3.25	-1.4
3.25	-1.5
3.25	-1.6
3.75	-0.1
3.75	-0.2
3.75	-0.3
3.75	-0.4
3.75	-0.5
3.75	-0.6
3.75	-0.7
3.75	-0.8
3.75	-0.9
3.75	-1
3.75	-1.1
3.75	-1.2
3.75	-1.3
3.75	-1.4
3.75	-1.5
3.75	-1.6
4.25	-0.1
4.25	-0.2
4.25	-0.3
4.25	-0.4
4.25	-0.5
4.25	-0.6
4.25	-0.7
4.25	-0.8
4.25	-0.9
4.25	-1
4.25	-1.1
4.25	-1.2
4.25	-1.3
4.25	-1.4
4.25	-1.5
4.25	-1.6
4.75	-0.1
4.75	-0.2
4.75	-0.3
4.75	-0.4
4.75	-0.5
4.75	-0.6
4.75	-0.7
4.75	-0.8
4.75	-0.9
4.75	-1
4.75	-1.1
4.75	-1.2
4.75	-1.3
4.75	-1.4
4.75	-1.5
4.75	-1.6
5.25	-0.1
5.25	-0.2
5.25	-0.3
5.25	-0.4
5.25	-0.5
5.25	-0.6
5.25	-0.7
5.25	-0.8
5.25	-0.9
5.25	-1
5.25	-1.1
5.25	-1.2
5.25	-1.3
5.25	-1.4
5.25	-1.5
5.25	-1.6
5.75	-0.1
5.75	-0.2
5.75	-0.3
5.75	-0.4
5.75	-0.5
5.75	-0.6
5.75	-0.7
5.75	-0.8
5.75	-0.9
5.75	-1
5.75	-1.1
5.75	-1.2
5.75	-1.3
5.75	-1.4
5.75	-1.5
5.75	-1.6
1256# Number of data
#a	b	m	n	R	err
16	32	15	31	50.06	0.0301998
16	32	31	14	-34.05	0.0302937
16	32	14	30	23.43	0.0304268
16	32	30	13	-19.73	0.0305068
16	32	13	29	15.58	0.0306418
16	32	29	12	-14.28	0.0307003
16	32	12	28	11.58	0.0308636
16	32	28	11	-10.08	0.0309921
16	32	11	27	8.17	0.031224
16	32	27	10	-6.16	0.0316234
16	32	10	26	4.82	0.0320747
16	32	26	9	-3.64	0.0327473
16	32	9	25	2.87	0.0334843
16	32	25	8	-2.3	0.0343478
16	32	8	24	1.95	0.0351282
16	32	24	7	-1.56	0.0364103
15	31	14	30	73.28	0.0301365
15	31	30	13	-65.61	0.0301524
15	31	13	29	49.42	0.0302023
15	31	29	12	-47.8	0.0302092
15	31	12	28	37.82	0.0302644
15	31	28	11	-33.3	0.0303003
15	31	11	27	26.51	0.0303772
15	31	27	10	-19.89	0.0305028
15	31	10	26	14.37	0.0306959
15	31	26	9	-10.58	0.0309452
15	31	9	25	8.09	0.0312361
15	31	25	8	-6.41	0.0315601
15	31	8	24	5.26	0.0319011
15	31	24	7	-4.16	0.0324038
15	31	7	23	3.4	0.0329412
15	31	23	6	-2.89	0.0334602
14	30	13	29	75.81	0.0301319
14	30	29	12	-71.99	0.0301389
14	30	12	28	55.75	0.0301794
14	30	28	11	-49.18	0.0302033
14	30	11	27	38.59	0.0302591
14	30	27	10	-29.06	0.0303441
14	30	10	26	21.8	0.0304587
14	30	26	9	-16.21	0.0306169
14	30	9	25	10.34	0.0309671
14	30	25	8	-8.22	0.0312165
14	30	8	24	6.66	0.0315015
14	30	24	7	-5.28	0.0318939
14	30	7	23	4.24	0.0323585
14	30	23	6	-3.62	0.0327624
14	30	6	22	3.07	0.0332573
14	30	22	5	-2.55	0.0339216
13	29	12	28	72.21	0.0301385
13	29	28	11	-63.37	0.0301578
13	29	11	27	47.29	0.0302115
13	29	27	10	-37.18	0.030269
13	29	10	26	26.4	0.0303788
13	29	26	9	-20.46	0.0304888
13	29	9	25	14.66	0.0306821
13	29	25	8	-12.02	0.0308319
13	29	8	24	8.06	0.0312407
13	29	24	7	-6.56	0.0315244
13	29	7	23	5.09	0.0319646
13	29	23	6	-4.42	0.0322624
13	29	6	22	3.64	0.0327473
13	29	22	5	-3.1	0.0332258
13	29	5	21	2.76	0.0336232
13	29	21	4	-2.39	0.0341841
12	28	11	27	65.61	0.0301524
12	28	27	10	-53.31	0.0301876
12	28	10	26	35.23	0.0302838
12	28	26	9	-28.42	0.0303519
12	28	9	25	19.21	0.0305206
12	28	25	8	-16.14	0.0306196
12	28	8	24	12.12	0.0308251
12	28	24	7	-10.14	0.0309862
12	28	7	23	6.5	0.0315385
12	28	23	6	-5.72	0.0317483
12	28	6	22	4.55	0.0321978
12	28	22	5	-3.95	0.0325316
12	28	5	21	3.42	0.032924
12	28	21	4	-3.02	0.0333113
12	28	4	20	2.46	0.034065
12	28	20	3	-2.29	0.0343668
11	27	10	26	62.89	0.030159
11	27	26	9	-49.64	0.0302015
11	27	9	25	31.89	0.0303136
11	27	25	8	-26.49	0.0303775
11	27	8	24	19.2	0.0305208
11	27	24	7	-15.88	0.0306297
11	27	7	23	11.47	0.0308718
11	27	23	6	-10.03	0.030997
11	27	6	22	6.6	0.0315152
11	27	22	5	-5.67	0.0317637
11	27	5	21	4.82	0.0320747
11	27	21	4	-4.23	0.0323641
11	27	4	20	3.36	0.0329762
11	27	20	3	-3.1	0.0332258
11	27	3	19	2.73	0.033663
11	27	19	2	-2.55	0.0339216
10	26	9	25	66.6	0.0301502
10	26	25	8	-53.42	0.0301872
10	26	8	24	36.75	0.0302721
10	26	24	7	-29.63	0.0303375
10	26	7	23	20.65	0.0304843
10	26	23	6	-17.7	0.030565
10	26	6	22	13.42	0.0307452
10	26	22	5	-11.28	0.0308865
10	26	5	21	8.01	0.0312484
10	26	21	4	-6.89	0.0314514
10	26	4	20	5.32	0.0318797
10	26	20	3	-4.86	0.0320576
10	26	3	19	4.23	0.0323641
10	26	19	2	-3.93	0.0325445
10	26	2	18	3.7	0.0327027
10	26	18	1	-3.41	0.0329326
9	25	8	24	73.17	0.0301367
9	25	24	7	-57.61	0.0301736
9	25	7	23	37.69	0.0302653
9	25	23	6	-31.87	0.0303138
9	25	6	22	23.21	0.0304308
9	25	22	5	-19.12	0.030523
9	25	5	21	15.49	0.0306456
9	25	21	4	-13.15	0.0307605
9	25	4	20	8.3	0.0312048
9	25	20	3	-7.5	0.0313333
9	25	3	19	6.42	0.0315576
9	25	19	2	-5.93	0.0316863
9	25	2	18	5.52	0.0318116
9	25	18	1	-5.05	0.0319802
9	25	1	17	4.72	0.0321186
8	24	7	23	66.98	0.0301493
8	24	23	6	-54.91	0.0301821
8	24	6	22	37.96	0.0302634
8	24	22	5	-30.43	0.0303286
8	24	5	21	23.83	0.0304196
8	24	21	4	-19.88	0.030503
8	24	4	20	14.08	0.0307102
8	24	20	3	-12.6	0.0307937
8	24	3	19	8.88	0.0311261
8	24	19	2	-8.14	0.0312285
8	24	2	18	7.52	0.0313298
8	24	18	1	-6.82	0.0314663
8	24	1	17	6.32	0.0315823
7	23	6	22	76.17	0.0301313
7	23	22	5	-59.62	0.0301677
7	23	5	21	43.72	0.0302287
7	23	21	4	-35.86	0.0302789
7	23	4	20	23.37	0.0304279
7	23	20	3	-20.61	0.0304852
7	23	3	19	16.65	0.0306006
7	23	19	2	-15.14	0.0306605
7	23	2	18	11.74	0.0308518
7	23	18	1	-10.49	0.0309533
7	23	1	17	9.61	0.0310406
6	22	1	17	12.72	0.0307862
3	19	2	18	268.83	0.0300372
3	19	18	1	-185.14	0.030054
3	19	1	17	140.53	0.0300712
2	18	1	17	817.18	0.0300122
32	48	31	47	48.87	0.0302046
32	48	47	30	-38.53	0.0302595
32	48	30	46	24.85	0.0304024
32	48	46	29	-20.75	0.0304819
32	48	29	45	16.47	0.0306072
32	48	45	28	-13.78	0.0307257
32	48	28	44	10.85	0.0309217
32	48	44	27	-8.93	0.0311198
32	48	27	43	6.95	0.0314388
32	48	43	26	-5.6	0.0317857
32	48	26	42	4.29	0.032331
32	48	42	25	-3.53	0.0328329
32	48	25	41	2.63	0.0338023
32	48	41	24	-2.27	0.0344053
32	48	24	40	1.78	0.035618
32	48	40	23	-1.52	0.0365789
31	47	30	46	82.79	0.0301208
31	47	46	29	-66.7	0.0301499
31	47	29	45	52.14	0.0301918
31	47	45	28	-42.36	0.0302361
31	47	28	44	33.16	0.0303016
31	47	44	27	-26.38	0.0303791
31	47	27	43	21.33	0.0304688
31	47	43	26	-16.58	0.0306031
31	47	26	42	11.34	0.0308818
31	47	42	25	-8.95	0.0311173
31	47	25	41	6.63	0.0315083
31	47	41	24	-5.52	0.0318116
31	47	24	40	4.31	0.0323202
31	47	40	23	-3.54	0.0328249
31	47	23	39	2.87	0.0334843
31	47	39	22	-2.47	0.0340486
30	46	29	45	94.3	0.030106
30	46	45	28	-78.15	0.030128
30	46	28	44	57.68	0.0301734
30	46	44	27	-47.01	0.0302127
30	46	27	43	36.45	0.0302743
30	46	43	26	-29.11	0.0303435
30	46	26	42	21.07	0.0304746
30	46	42	25	-17.12	0.0305841
30	46	25	41	10.7	0.0309346
30	46	41	24	-9.08	0.0311013
30	46	24	40	6.77	0.0314771
30	46	40	23	-5.69	0.0317575
30	46	23	39	4.39	0.0322779
30	46	39	22	-3.86	0.0325907
30	46	22	38	3.16	0.0331646
30	46	38	21	-2.82	0.0335461
29	45	28	44	85.55	0.0301169
29	45	44	27	-68.98	0.030145
29	45	27	43	52.61	0.0301901
29	45	43	26	-41.84	0.030239
29	45	26	42	29.76	0.030336
29	45	42	25	-24.04	0.030416
29	45	25	41	16.6	0.0306024
29	45	41	24	-14.04	0.0307123
29	45	24	40	9.14	0.0310941
29	45	40	23	-7.64	0.0313089
29	45	23	39	5.83	0.0317153
29	45	39	22	-5.09	0.0319646
29	45	22	38	4.13	0.0324213
29	45	38	21	-3.68	0.0327174
29	45	21	37	3.09	0.0332362
29	45	37	20	-2.62	0.0338168
28	44	27	43	86	0.0301163
28	44	43	26	-67.65	0.0301478
28	44	26	42	46.5	0.0302151
28	44	42	25	-37.4	0.0302674
28	44	25	41	25.06	0.030399
28	44	41	24	-21.07	0.0304746
28	44	24	40	15.13	0.0306609
28	44	40	23	-12.61	0.030793
28	44	23	39	8.37	0.0311947
28	44	39	22	-7.26	0.0313774
28	44	22	38	5.79	0.0317271
28	44	38	21	-5.14	0.0319455
28	44	21	37	4.25	0.0323529
28	44	37	20	-3.6	0.0327778
28	44	20	36	2.81	0.0335587
28	44	36	19	-2.55	0.0339216
27	43	26	42	79.82	0.0301253
27	43	42	25	-62.08	0.0301611
27	43	25	41	40.51	0.0302469
27	43	41	24	-33.3	0.0303003
27	43	24	40	23.5	0.0304255
27	43	40	23	-19.14	0.0305225
27	43	23	39	14.1	0.0307092
27	43	39	22	-11.95	0.0308368
27	43	22	38	8.44	0.0311848
27	43	38	21	-7.4	0.0313514
27	43	21	37	6.07	0.0316474
27	43	37	20	-5.03	0.0319881
27	43	20	36	3.88	0.0325773
27	43	36	19	-3.49	0.0328653
27	43	19	35	2.98	0.0333557
27	43	35	18	-2.81	0.0335587
26	42	25	41	80.33	0.0301245
26	42	41	24	-63.72	0.0301569
26	42	24	40	43.04	0.0302323
26	42	40	23	-34.18	0.0302926
26	42	23	39	24.46	0.0304088
26	42	39	22	-20.33	0.0304919
26	42	22	38	15.7	0.0306369
26	42	38	21	-13.59	0.0307358
26	42	21	37	9.76	0.0310246
26	42	37	20	-7.9	0.0312658
26	42	20	36	5.93	0.0316863
26	42	36	19	-5.24	0.0319084
26	42	19	35	4.42	0.0322624
26	42	35	18	-4.14	0.0324155
26	42	18	34	3.86	0.0325907
26	42	34	17	-3.61	0.0327701
25	41	24	40	88.16	0.0301134
25	41	40	23	-68.17	0.0301467
25	41	23	39	45.99	0.0302174
25	41	39	22	-37.55	0.0302663
25	41	22	38	27.86	0.0303589
25	41	38	21	-23.88	0.0304188
25	41	21	37	18.65	0.0305362
25	41	37	20	-14.85	0.0306734
25	41	20	36	9.38	0.0310661
25	41	36	19	-8.17	0.031224
25	41	19	35	6.7	0.0314925
25	41	35	18	-6.23	0.0316051
25	41	18	34	5.74	0.0317422
25	41	34	17	-5.34	0.0318727
25	41	17	33	5.14	0.0319455
24	40	23	39	84.42	0.0301185
24	40	39	22	-67.67	0.0301478
24	40	22	38	47.33	0.0302113
24	40	38	21	-40.25	0.0302484
24	40	21	37	30.16	0.0303316
24	40	37	20	-23.83	0.0304196
24	40	20	36	15.95	0.030627
24	40	36	19	-13.78	0.0307257
24	40	19	35	9.6	0.0310417
24	40	35	18	-8.85	0.0311299
24	40	18	34	8.06	0.0312407
24	40	34	17	-7.46	0.0313405
24	40	17	33	7.09	0.0314104
23	39	22	38	98.44	0.0301016
23	39	38	21	-81.69	0.0301224
23	39	21	37	57.8	0.030173
23	39	37	20	-44.38	0.0302253
23	39	20	36	27.39	0.0303651
23	39	36	19	-23.22	0.0304307
23	39	19	35	17.45	0.0305731
23	39	35	18	-15.92	0.0306281
23	39	18	34	12.43	0.0308045
23	39	34	17	-11.37	0.0308795
23	39	17	33	10.68	0.0309363
22	38	21	37	110.41	0.0300906
22	38	37	20	-82.87	0.0301207
22	38	20	36	45.5	0.0302198
22	38	36	19	-37.92	0.0302637
22	38	19	35	26.7	0.0303745
22	38	35	18	-24.15	0.0304141
22	38	18	34	21.14	0.030473
22	38	34	17	-19.21	0.0305206
22	38	17	33	15.25	0.0306557
21	37	20	36	90.24	0.0301108
21	37	36	19	-70.27	0.0301423
21	37	19	35	43.95	0.0302275
21	37	35	18	-38.71	0.0302583
21	37	18	34	32.78	0.0303051
21	37	34	17	-29.26	0.0303418
21	37	17	33	26.47	0.0303778
18	34	17	33	424.2	0.0300236
48	64	47	63	59.72	0.0301674
48	64	63	46	-46.23	0.0302163
48	64	46	62	25.18	0.0303971
48	64	62	45	-20.95	0.0304773
48	64	45	61	14.38	0.0306954
48	64	61	44	-11.47	0.0308718
48	64	44	60	8.75	0.0311429
48	64	60	43	-7.11	0.0314065
48	64	43	59	5.47	0.0318282
48	64	59	42	-4.17	0.0323981
48	64	42	58	3.43	0.0329155
48	64	58	41	-2.59	0.033861
48	64	41	57	2.16	0.0346296
48	64	57	40	-1.72	0.035814
48	64	40	56	1.46	0.0368493
48	64	56	39	-1.17	0.038547
47	63	46	62	70.66	0.0301415
47	63	62	45	-56.18	0.030178
47	63	45	61	37.75	0.0302649
47	63	61	44	-28.68	0.0303487
47	63	44	60	22.14	0.0304517
47	63	60	43	-17.16	0.0305828
47	63	43	59	14.04	0.0307123
47	63	59	42	-10.07	0.030993
47	63	42	58	7.7	0.0312987
47	63	58	41	-5.38	0.0318587
47	63	41	57	4.64	0.0321552
47	63	57	40	-3.42	0.032924
47	63	40	56	3	0.0333333
47	63	56	39	-2.25	0.0344444
47	63	39	55	2.03	0.0349261
47	63	55	38	-1.61	0.0362112
46	62	45	61	89.91	0.0301112
46	62	61	44	-69.39	0.0301441
46	62	44	60	47.39	0.030211
46	62	60	43	-36.92	0.0302709
46	62	43	59	28.46	0.0303514
46	62	59	42	-20.42	0.0304897
46	62	42	58	16.59	0.0306028
46	62	58	41	-11.61	0.0308613
46	62	41	57	8.71	0.0311481
46	62	57	40	-6.44	0.0315528
46	62	40	56	5.44	0.0318382
46	62	56	39	-4.1	0.032439
46	62	39	55	3.57	0.0328011
46	62	55	38	-2.83	0.0335336
46	62	38	54	2.53	0.0339526
46	62	54	37	-2.08	0.0348077
45	61	44	60	87.59	0.0301142
45	61	60	43	-71.12	0.0301406
45	61	43	59	46.93	0.0302131
45	61	59	42	-34.88	0.0302867
45	61	42	58	26.04	0.030384
45	61	58	41	-18.77	0.0305328
45	61	41	57	14.67	0.0306817
45	61	57	40	-11.11	0.0309001
45	61	40	56	8.1	0.0312346
45	61	56	39	-6.24	0.0316026
45	61	39	55	5.18	0.0319305
45	61	55	38	-4.2	0.032381
45	61	38	54	3.58	0.0327933
45	61	54	37	-3	0.0333333
45	61	37	53	2.63	0.0338023
45	61	53	36	-2.07	0.0348309
44	60	43	59	90.15	0.0301109
44	60	59	42	-68.81	0.0301453
44	60	42	58	45	0.0302222
44	60	58	41	-32.88	0.0303041
44	60	41	57	24.02	0.0304163
44	60	57	40	-18.24	0.0305482
44	60	40	56	13.95	0.0307168
44	60	56	39	-10.7	0.0309346
44	60	39	55	7.93	0.031261
44	60	55	38	-6.42	0.0315576
44	60	38	54	5.3	0.0318868
44	60	54	37	-4.45	0.0322472
44	60	37	53	3.8	0.0326316
44	60	53	36	-3	0.0333333
44	60	36	52	2.64	0.0337879
44	60	52	35	-2.29	0.0343668
43	59	42	58	87.39	0.0301144
43	59	58	41	-66.25	0.0301509
43	59	41	57	41.74	0.0302396
43	59	57	40	-32.1	0.0303115
43	59	40	56	22.4	0.0304464
43	59	56	39	-17.35	0.0305764
43	59	39	55	13.35	0.0307491
43	59	55	38	-10.83	0.0309234
43	59	38	54	7.84	0.0312755
43	59	54	37	-6.56	0.0315244
43	59	37	53	5.44	0.0318382
43	59	53	36	-4.27	0.0323419
43	59	36	52	3.68	0.0327174
43	59	52	35	-3.19	0.0331348
43	59	35	51	2.74	0.0336496
43	59	51	34	-2.57	0.0338911
42	58	41	57	88.26	0.0301133
42	58	57	40	-67.5	0.0301481
42	58	40	56	41.04	0.0302437
42	58	56	39	-31.27	0.0303198
42	58	39	55	23.11	0.0304327
42	58	55	38	-18.43	0.0305426
42	58	38	54	14.09	0.0307097
42	58	54	37	-11.56	0.0308651
42	58	37	53	8.49	0.0311779
42	58	53	36	-6.47	0.0315456
42	58	36	52	5.48	0.0318248
42	58	52	35	-4.66	0.0321459
42	58	35	51	3.94	0.0325381
42	58	51	34	-3.67	0.0327248
42	58	34	50	3.38	0.0329586
42	58	50	33	-3.05	0.0332787
41	57	40	56	87.81	0.0301139
41	57	56	39	-65.27	0.0301532
41	57	39	55	45.19	0.0302213
41	57	55	38	-35.38	0.0302826
41	57	38	54	25.37	0.0303942
41	57	54	37	-20.28	0.0304931
41	57	37	53	15.99	0.0306254
41	57	53	36	-11.67	0.0308569
41	57	36	52	8.73	0.0311455
41	57	52	35	-7.22	0.031385
41	57	35	51	5.99	0.0316694
41	57	51	34	-5.5	0.0318182
41	57	34	50	5.04	0.0319841
41	57	50	33	-4.51	0.0322173
41	57	33	49	4.3	0.0323256
40	56	39	55	86.19	0.030116
40	56	55	38	-65.58	0.0301525
40	56	38	54	44.82	0.0302231
40	56	54	37	-34.88	0.0302867
40	56	37	53	26.8	0.0303731
40	56	53	36	-18.82	0.0305313
40	56	36	52	15.22	0.030657
40	56	52	35	-12.3	0.030813
40	56	35	51	8.82	0.0311338
40	56	51	34	-8.01	0.0312484
40	56	34	50	7.23	0.0313831
40	56	50	33	-6.45	0.0315504
40	56	33	49	6.1	0.0316393
39	55	38	54	103.04	0.030097
39	55	54	37	-79.04	0.0301265
39	55	37	53	52.97	0.0301888
39	55	53	36	-35.56	0.0302812
39	55	36	52	26.91	0.0303716
39	55	52	35	-21.12	0.0304735
39	55	35	51	15.88	0.0306297
39	55	51	34	-14.43	0.030693
39	55	34	50	11.3	0.030885
39	55	50	33	-9.99	0.031001
39	55	33	49	9.34	0.0310707
38	54	37	53	112.21	0.0300891
38	54	53	36	-74.06	0.030135
38	54	36	52	48.82	0.0302048
38	54	52	35	-37.39	0.0302675
38	54	35	51	26.11	0.030383
38	54	51	34	-23.06	0.0304337
38	54	34	50	19.71	0.0305074
38	54	50	33	-17.32	0.0305774
38	54	33	49	14.04	0.0307123
37	53	36	52	107.11	0.0300934
37	53	52	35	-80.31	0.0301245
37	53	35	51	45.85	0.0302181
37	53	51	34	-39.72	0.0302518
37	53	34	50	32.12	0.0303113
37	53	50	33	-27.97	0.0303575
37	53	33	49	25.07	0.0303989
34	50	33	49	276.7	0.0300361
64	80	63	79	51.1	0.0301957
64	80	79	62	-30.35	0.0303295
64	80	62	78	20.13	0.0304968
64	80	78	61	-13.68	0.030731
64	80	61	77	9.74	0.0310267
64	80	77	60	-7	0.0314286
64	80	60	76	5.51	0.0318149
64	80	76	59	-4.07	0.032457
64	80	59	75	3.27	0.0330581
64	80	75	58	-2.48	0.0340323
64	80	58	74	2.11	0.0347393
64	80	74	57	-1.63	0.036135
64	80	57	73	1.42	0.0370423
64	80	73	56	-1.09	0.0391743
64	80	56	72	0.99	0.040101
64	80	72	55	-0.78	0.0428205
63	79	62	78	75.08	0.0301332
63	79	78	61	-56.93	0.0301757
63	79	61	77	28.41	0.030352
63	79	77	60	-21.98	0.030455
63	79	60	76	14.41	0.030694
63	79	76	59	-11.37	0.0308795
63	79	59	75	8.11	0.031233
63	79	75	58	-6.55	0.0315267
63	79	58	74	4.4	0.0322727
63	79	74	57	-3.62	0.0327624
63	79	57	73	2.8	0.0335714
63	79	73	56	-2.3	0.0343478
63	79	56	72	1.85	0.0354054
63	79	72	55	-1.57	0.0363694
63	79	55	71	1.29	0.0377519
63	79	71	54	-1.12	0.0389286
62	78	61	77	78.42	0.0301275
62	78	77	60	-56.69	0.0301764
62	78	60	76	32.98	0.0303032
62	78	76	59	-24.8	0.0304032
62	78	59	75	16.91	0.0305914
62	78	75	58	-13.15	0.0307605
62	78	58	74	9.67	0.0310341
62	78	74	57	-7.7	0.0312987
62	78	57	73	5.25	0.0319048
62	78	73	56	-4.17	0.0323981
62	78	56	72	3.34	0.032994
62	78	72	55	-2.76	0.0336232
62	78	55	71	2.26	0.0344248
62	78	71	54	-1.89	0.035291
62	78	54	70	1.6	0.03625
62	78	70	53	-1.38	0.0372464
61	77	60	76	88.4	0.0301131
61	77	76	59	-64.48	0.0301551
61	77	59	75	36.43	0.0302745
61	77	75	58	-27.78	0.03036
61	77	58	74	18.81	0.0305316
61	77	74	57	-14.77	0.030677
61	77	57	73	10.69	0.0309355
61	77	73	56	-8.42	0.0311876
61	77	56	72	5.84	0.0317123
61	77	72	55	-4.8	0.0320833
61	77	55	71	3.81	0.0326247
61	77	71	54	-3.17	0.0331546
61	77	54	70	2.61	0.0338314
61	77	70	53	-2.24	0.0344643
61	77	53	69	1.88	0.0353191
61	77	69	52	-1.66	0.0360241
60	76	59	75	90.04	0.0301111
60	76	75	58	-66.42	0.0301506
60	76	58	74	37.48	0.0302668
60	76	74	57	-28.75	0.0303478
60	76	57	73	19.12	0.030523
60	76	73	56	-14.86	0.0306729
60	76	56	72	10.91	0.0309166
60	76	72	55	-8.86	0.0311287
60	76	55	71	6.12	0.031634
60	76	71	54	-5.04	0.0319841
60	76	54	70	4.04	0.0324752
60	76	70	53	-3.43	0.0329155
60	76	53	69	2.82	0.0335461
60	76	69	52	-2.47	0.0340486
60	76	52	68	2.14	0.0346729
60	76	68	51	-1.85	0.0354054
59	75	58	74	93.19	0.0301073
59	75	74	57	-68.63	0.0301457
59	75	57	73	38.27	0.0302613
59	75	73	56	-28.53	0.0303505
59	75	56	72	19.44	0.0305144
59	75	72	55	-15.51	0.0306447
59	75	55	71	11.44	0.0308741
59	75	71	54	-9.24	0.0310823
59	75	54	70	6.51	0.0315361
59	75	70	53	-5.44	0.0318382
59	75	53	69	4.37	0.0322883
59	75	69	52	-3.77	0.0326525
59	75	52	68	3.21	0.0331153
59	75	68	51	-2.75	0.0336364
59	75	51	67	2.4	0.0341667
59	75	67	50	-2.22	0.0345045
58	74	57	73	92.12	0.0301086
58	74	73	56	-65.41	0.0301529
58	74	56	72	37.28	0.0302682
58	74	72	55	-29.23	0.0303421
58	74	55	71	20.12	0.030497
58	74	71	54	-15.78	0.0306337
58	74	54	70	11.73	0.0308525
58	74	70	53	-9.62	0.0310395
58	74	53	69	6.73	0.0314859
58	74	69	52	-5.73	0.0317452
58	74	52	68	4.77	0.0320964
58	74	68	51	-4.02	0.0324876
58	74	51	67	3.45	0.0328986
58	74	67	50	-3.17	0.0331546
58	74	50	66	2.88	0.0334722
58	74	66	49	-2.7	0.0337037
57	73	56	72	90.74	0.0301102
57	73	72	55	-70.75	0.0301413
57	73	55	71	40.5	0.0302469
57	73	71	54	-30.49	0.030328
57	73	54	70	20.83	0.0304801
57	73	70	53	-16.67	0.0305999
57	73	53	69	12.27	0.030815
57	73	69	52	-10.27	0.0309737
57	73	52	68	7.48	0.0313369
57	73	68	51	-6.2	0.0316129
57	73	51	67	5.19	0.0319268
57	73	67	50	-4.72	0.0321186
57	73	50	66	4.21	0.0323753
57	73	66	49	-3.92	0.032551
57	73	49	65	3.73	0.032681
56	72	55	71	91.46	0.0301093
56	72	71	54	-70.54	0.0301418
56	72	54	70	39.01	0.0302563
56	72	70	53	-30.99	0.0303227
56	72	53	69	20.82	0.0304803
56	72	69	52	-17.23	0.0305804
56	72	52	68	13.21	0.030757
56	72	68	51	-10.77	0.0309285
56	72	51	67	7.83	0.0312771
56	72	67	50	-7.05	0.0314184
56	72	50	66	6.16	0.0316234
56	72	66	49	-5.7	0.0317544
56	72	49	65	5.38	0.0318587
55	71	54	70	100.22	0.0300998
55	71	70	53	-74.1	0.030135
55	71	53	69	41.45	0.0302413
55	71	69	52	-32.72	0.0303056
55	71	52	68	23.41	0.0304272
55	71	68	51	-18.37	0.0305444
55	71	51	67	14.24	0.0307022
55	71	67	50	-12.58	0.0307949
55	71	50	66	9.56	0.031046
55	71	66	49	-8.75	0.0311429
55	71	49	65	8.16	0.0312255
54	70	53	69	100.49	0.0300995
54	70	69	52	-74.93	0.0301335
54	70	52	68	45.18	0.0302213
54	70	68	51	-33.66	0.0302971
54	70	51	67	24.63	0.030406
54	70	67	50	-20.96	0.0304771
54	70	50	66	17.11	0.0305845
54	70	66	49	-15.48	0.030646
54	70	49	65	12.63	0.0307918
53	69	52	68	114.33	0.0300875
53	69	68	51	-79.12	0.0301264
53	69	51	67	46.6	0.0302146
53	69	67	50	-39.1	0.0302558
53	69	50	66	29.47	0.0303393
53	69	66	49	-26.2	0.0303817
53	69	49	65	23.35	0.0304283
52	68	51	67	107.4	0.0300931
52	68	67	50	-85.51	0.0301169
52	68	50	66	53.64	0.0301864
52	68	66	49	-46.6	0.0302146
52	68	49	65	39.54	0.0302529
80	96	79	95	38.29	0.0302612
80	96	95	78	-28.36	0.0303526
80	96	78	94	15.43	0.0306481
80	96	94	77	-11.71	0.030854
80	96	77	93	7.38	0.031355
80	96	93	76	-6.01	0.0316639
80	96	76	92	4.11	0.0324331
80	96	92	75	-3.41	0.0329326
80	96	75	91	2.47	0.0340486
80	96	91	74	-2.09	0.0347847
80	96	74	90	1.57	0.0363694
80	96	90	73	-1.36	0.0373529
80	96	73	89	1.05	0.0395238
80	96	89	72	-0.93	0.0407527
80	96	72	88	0.74	0.0435135
80	96	88	71	-0.67	0.0449254
79	95	78	94	84.21	0.0301188
79	95	94	77	-55.54	0.0301801
79	95	77	93	29.79	0.0303357
79	95	93	76	-22.34	0.0304476
79	95	76	92	14.31	0.0306988
79	95	92	75	-11.15	0.0308969
79	95	75	91	7.86	0.0312723
79	95	91	74	-6.26	0.0315974
79	95	74	90	4.11	0.0324331
79	95	90	73	-3.36	0.0329762
79	95	73	89	2.55	0.0339216
79	95	89	72	-2.14	0.0346729
79	95	72	88	1.69	0.0359172
79	95	88	71	-1.47	0.0368027
79	95	71	87	1.17	0.038547
79	95	87	70	-1.03	0.0397087
78	94	77	93	82.42	0.0301213
78	94	93	76	-58.62	0.0301706
78	94	76	92	31.76	0.0303149
78	94	92	75	-23.98	0.030417
78	94	75	91	15.7	0.0306369
78	94	91	74	-12.31	0.0308123
78	94	74	90	8.68	0.0311521
78	94	90	73	-6.97	0.0314347
78	94	73	89	4.64	0.0321552
78	94	89	72	-3.83	0.032611
78	94	72	88	2.97	0.033367
78	94	88	71	-2.54	0.033937
78	94	71	87	1.99	0.0350251
78	94	87	70	-1.73	0.0357803
78	94	70	86	1.39	0.0371942
78	94	86	69	-1.23	0.0381301
77	93	76	92	88.79	0.0301126
77	93	92	75	-60.61	0.030165
77	93	75	91	34.32	0.0302914
77	93	91	74	-25.51	0.030392
77	93	74	90	17.02	0.0305875
77	93	90	73	-13.1	0.0307634
77	93	73	89	9.4	0.0310638
77	93	89	72	-7.51	0.0313316
77	93	72	88	5.18	0.0319305
77	93	88	71	-4.3	0.0323256
77	93	71	87	3.34	0.032994
77	93	87	70	-2.82	0.0335461
77	93	70	86	2.26	0.0344248
77	93	86	69	-1.95	0.0351282
77	93	69	85	1.59	0.0362893
77	93	85	68	-1.43	0.036993
76	92	75	91	91.68	0.0301091
76	92	91	74	-62.61	0.0301597
76	92	74	90	35.34	0.030283
76	92	90	73	-26.04	0.030384
76	92	73	89	17.43	0.0305737
76	92	89	72	-13.55	0.030738
76	92	72	88	9.93	0.031007
76	92	88	71	-8.07	0.0312392
76	92	71	87	5.5	0.0318182
76	92	87	70	-4.56	0.032193
76	92	70	86	3.58	0.0327933
76	92	86	69	-3.03	0.0333003
76	92	69	85	2.45	0.0340816
76	92	85	68	-2.17	0.0346083
76	92	68	84	1.8	0.0355556
76	92	84	67	-1.63	0.036135
75	91	74	90	92.95	0.0301076
75	91	90	73	-62.58	0.0301598
75	91	73	89	35.27	0.0302835
75	91	89	72	-26.24	0.0303811
75	91	72	88	17.99	0.0305559
75	91	88	71	-14.16	0.0307062
75	91	71	87	10.29	0.0309718
75	91	87	70	-8.32	0.0312019
75	91	70	86	5.76	0.0317361
75	91	86	69	-4.78	0.0320921
75	91	69	85	3.78	0.0326455
75	91	85	68	-3.27	0.0330581
75	91	68	84	2.69	0.0337175
75	91	84	67	-2.41	0.0341494
75	91	67	83	2.05	0.034878
75	91	83	66	-1.84	0.0354348
74	90	73	89	91.22	0.0301096
74	90	89	72	-62.81	0.0301592
74	90	72	88	36.1	0.030277
74	90	88	71	-27.32	0.030366
74	90	71	87	18.42	0.0305429
74	90	87	70	-14.48	0.0306906
74	90	70	86	10.6	0.0309434
74	90	86	69	-8.59	0.0311641
74	90	69	85	5.98	0.0316722
74	90	85	68	-5.09	0.0319646
74	90	68	84	4.08	0.032451
74	90	84	67	-3.6	0.0327778
74	90	67	83	2.97	0.033367
74	90	83	66	-2.67	0.0337453
74	90	66	82	2.37	0.0342194
74	90	82	65	-2.23	0.0344843
73	89	72	88	96.98	0.0301031
73	89	88	71	-66.81	0.0301497
73	89	71	87	37.92	0.0302637
73	89	87	70	-28.38	0.0303524
73	89	70	86	19.3	0.0305181
73	89	86	69	-15.09	0.0306627
73	89	69	85	11.07	0.0309033
73	89	85	68	-9.19	0.0310881
73	89	68	84	6.5	0.0315385
73	89	84	67	-5.62	0.0317794
73	89	67	83	4.53	0.0322075
73	89	83	66	-4	0.0325
73	89	66	82	3.5	0.0328571
73	89	82	65	-3.26	0.0330675
73	89	65	81	3.01	0.0333223
72	88	67	83	6.95	0.0314388
72	88	83	66	-6.02	0.0316611
72	88	66	82	5.16	0.031938
72	88	82	65	-4.76	0.0321008
72	88	65	81	4.34	0.0323041
71	87	66	82	8.08	0.0312376
71	87	82	65	-7.38	0.031355
71	87	65	81	6.6	0.0315152
70	86	65	81	10.16	0.0309843
96	112	95	111	40.49	0.030247
96	112	111	94	-27.34	0.0303658
96	112	94	110	16.77	0.0305963
96	112	110	93	-12.41	0.0308058
96	112	93	109	8.57	0.0311669
96	112	109	92	-6.63	0.0315083
96	112	92	108	4.86	0.0320576
96	112	108	91	-3.88	0.0325773
96	112	91	107	2.94	0.0334014
96	112	107	90	-2.38	0.0342017
96	112	90	106	1.83	0.0354645
96	112	106	89	-1.49	0.0367114
96	112	89	105	1.21	0.0382645
96	112	105	88	-1	0.04
96	112	88	104	0.85	0.0417647
96	112	104	87	-0.71	0.0440845
95	111	94	110	82.76	0.0301208
95	111	110	93	-56.94	0.0301756
95	111	93	109	32.21	0.0303105
95	111	109	92	-24.09	0.0304151
95	111	92	108	15.71	0.0306365
95	111	108	91	-12.26	0.0308157
95	111	91	107	8.56	0.0311682
95	111	107	90	-6.78	0.0314749
95	111	90	106	4.35	0.0322989
95	111	106	89	-3.45	0.0328986
95	111	89	105	2.67	0.0337453
95	111	105	88	-2.15	0.0346512
95	111	88	104	1.75	0.0357143
95	111	104	87	-1.42	0.0370423
95	111	87	103	1.22	0.0381967
95	111	103	86	-1	0.04
94	110	93	109	91.96	0.0301087
94	110	109	92	-64.77	0.0301544
94	110	92	108	36.95	0.0302706
94	110	108	91	-28.57	0.03035
94	110	91	107	18.34	0.0305453
94	110	107	90	-14.58	0.0306859
94	110	90	106	9.71	0.0310299
94	110	106	89	-7.76	0.0312887
94	110	89	105	5.1	0.0319608
94	110	105	88	-4.15	0.0324096
94	110	88	104	3.22	0.0331056
94	110	104	87	-2.64	0.0337879
94	110	87	103	2.18	0.0345872
94	110	103	86	-1.81	0.0355249
94	110	86	102	1.53	0.0365359
94	110	102	85	-1.3	0.0376923
93	109	92	108	95.04	0.0301052
93	109	108	91	-68.53	0.0301459
93	109	91	107	38.79	0.0302578
93	109	107	90	-30.16	0.0303316
93	109	90	106	18.4	0.0305435
93	109	106	89	-14.55	0.0306873
93	109	89	105	10.09	0.0309911
93	109	105	88	-8.16	0.0312255
93	109	88	104	5.5	0.0318182
93	109	104	87	-4.47	0.0322371
93	109	87	103	3.57	0.0328011
93	109	103	86	-2.97	0.033367
93	109	86	102	2.45	0.0340816
93	109	102	85	-2.08	0.0348077
93	109	85	101	1.75	0.0357143
93	109	101	84	-1.5	0.0366667
92	108	91	107	96.62	0.0301035
92	108	107	90	-69.06	0.0301448
92	108	90	106	36.54	0.0302737
92	108	106	89	-27.78	0.03036
92	108	89	105	18.09	0.0305528
92	108	105	88	-14.32	0.0306983
92	108	88	104	10.29	0.0309718
92	108	104	87	-8.24	0.0312136
92	108	87	103	5.77	0.0317331
92	108	103	86	-4.72	0.0321186
92	108	86	102	3.8	0.0326316
92	108	102	85	-3.19	0.0331348
92	108	85	101	2.63	0.0338023
92	108	101	84	-2.24	0.0344643
92	108	84	100	1.91	0.0352356
92	108	100	83	-1.62	0.0361728
91	107	90	106	91.01	0.0301099
91	107	106	89	-63.46	0.0301576
91	107	89	105	35.64	0.0302806
91	107	105	88	-27.21	0.0303675
91	107	88	104	18.32	0.0305459
91	107	104	87	-14.74	0.0306784
91	107	87	103	10.72	0.0309328
91	107	103	86	-8.66	0.0311547
91	107	86	102	6.06	0.0316502
91	107	102	85	-5.03	0.0319881
91	107	85	101	4.03	0.0324814
91	107	101	84	-3.4	0.0329412
91	107	84	100	2.83	0.0335336
91	107	100	83	-2.39	0.0341841
91	107	83	99	2.08	0.0348077
91	107	99	82	-1.81	0.0355249
90	106	89	105	93.02	0.0301075
90	106	105	88	-65.94	0.0301517
90	106	88	104	37.17	0.030269
90	106	104	87	-28.24	0.0303541
90	106	87	103	19.9	0.0305025
90	106	103	86	-15.49	0.0306456
90	106	86	102	11.47	0.0308718
90	106	102	85	-9.42	0.0310616
90	106	85	101	6.52	0.0315337
90	106	101	84	-5.44	0.0318382
90	106	84	100	4.37	0.0322883
90	106	100	83	-3.67	0.0327248
90	106	83	99	3.1	0.0332258
90	106	99	82	-2.7	0.0337037
90	106	82	98	2.38	0.0342017
90	106	98	81	-2.18	0.0345872
89	105	88	104	95.64	0.0301046
89	105	104	87	-66.6	0.0301502
89	105	87	103	39.11	0.0302557
89	105	103	86	-29.99	0.0303334
89	105	86	102	20.53	0.0304871
89	105	102	85	-16.53	0.030605
89	105	85	101	12.01	0.0308326
89	105	101	84	-9.88	0.0310121
89	105	84	100	6.88	0.0314535
89	105	100	83	-5.69	0.0317575
89	105	83	99	4.66	0.0321459
89	105	99	82	-4.02	0.0324876
89	105	82	98	3.47	0.0328818
89	105	98	81	-3.15	0.0331746
89	105	81	97	2.85	0.0335088
88	104	87	103	101.48	0.0300985
88	104	103	86	-71.98	0.0301389
88	104	86	102	40.94	0.0302443
88	104	102	85	-31.78	0.0303147
88	104	85	101	21.15	0.0304728
88	104	101	84	-17.03	0.0305872
88	104	84	100	12.39	0.0308071
88	104	100	83	-10.06	0.030994
88	104	83	99	7.14	0.0314006
88	104	99	82	-6.07	0.0316474
88	104	82	98	5.1	0.0319608
88	104	98	81	-4.59	0.0321786
88	104	81	97	4.08	0.032451
87	103	82	98	7.87	0.0312706
87	103	98	81	-6.97	0.0314347
87	103	81	97	6.07	0.0316474
86	102	81	97	9.26	0.0310799
112	128	111	127	38.42	0.0302603
112	128	127	110	-27.81	0.0303596
112	128	110	126	15.93	0.0306277
112	128	126	109	-12.12	0.0308251
112	128	109	125	8.2	0.0312195
112	128	125	108	-6.47	0.0315456
112	128	108	124	4.67	0.0321413
112	128	124	107	-3.77	0.0326525
112	128	107	123	2.79	0.0335842
112	128	123	106	-2.26	0.0344248
112	128	106	122	1.73	0.0357803
112	128	122	105	-1.46	0.0368493
112	128	105	121	1.17	0.038547
112	128	121	104	-1.04	0.0396154
112	128	104	120	0.81	0.0423457
112	128	120	103	-0.73	0.0436986
111	127	110	126	80.53	0.0301242
111	127	126	109	-55.63	0.0301798
111	127	109	125	31.79	0.0303146
111	127	125	108	-23.42	0.030427
111	127	108	124	15.63	0.0306398
111	127	124	107	-12.07	0.0308285
111	127	107	123	8.42	0.0311876
111	127	123	106	-6.55	0.0315267
111	127	106	122	4.28	0.0323364
111	127	122	105	-3.53	0.0328329
111	127	105	121	2.68	0.0337313
111	127	121	104	-2.31	0.034329
111	127	104	120	1.77	0.0356497
111	127	120	103	-1.56	0.0364103
111	127	103	119	1.22	0.0381967
111	127	119	102	-1.1	0.0390909
110	126	109	125	90.73	0.0301102
110	126	125	108	-62.74	0.0301594
110	126	108	124	37.14	0.0302693
110	126	124	107	-27.01	0.0303702
110	126	107	123	18.22	0.0305488
110	126	123	106	-13.42	0.0307452
110	126	106	122	9.59	0.0310428
110	126	122	105	-7.57	0.031321
110	126	105	121	5.15	0.0319417
110	126	121	104	-4.26	0.0323474
110	126	104	120	3.24	0.0330864
110	126	120	103	-2.78	0.0335971
110	126	103	119	2.17	0.0346083
110	126	119	102	-1.91	0.0352356
110	126	102	118	1.51	0.0366225
110	126	118	101	-1.34	0.0374627
109	125	108	124	97.44	0.0301026
109	125	124	107	-67.63	0.0301479
109	125	107	123	38.94	0.0302568
109	125	123	106	-27.51	0.0303635
109	125	106	122	18.5	0.0305405
109	125	122	105	-14.16	0.0307062
109	125	105	121	10.35	0.0309662
109	125	121	104	-8.36	0.0311962
109	125	104	120	5.59	0.0317889
109	125	120	103	-4.71	0.0321231
109	125	103	119	3.62	0.0327624
109	125	119	102	-3.12	0.0332051
109	125	102	118	2.44	0.0340984
109	125	118	101	-2.13	0.0346948
109	125	101	117	1.7	0.0358824
109	125	117	100	-1.51	0.0366225
108	124	107	123	96.84	0.0301033
108	124	123	106	-63.92	0.0301564
108	124	106	122	36.74	0.0302722
108	124	122	105	-27.12	0.0303687
108	124	105	121	18.65	0.0305362
108	124	121	104	-14.7	0.0306803
108	124	104	120	10.51	0.0309515
108	124	120	103	-8.7	0.0311494
108	124	103	119	5.86	0.0317065
108	124	119	102	-4.95	0.0320202
108	124	102	118	3.8	0.0326316
108	124	118	101	-3.26	0.0330675
108	124	101	117	2.57	0.0338911
108	124	117	100	-2.25	0.0344444
108	124	100	116	1.81	0.0355249
108	124	116	99	-1.64	0.0360976
107	123	106	122	90.28	0.0301108
107	123	122	105	-62.27	0.0301606
107	123	105	121	36.69	0.0302726
107	123	121	104	-27.87	0.0303588
107	123	104	120	18.62	0.0305371
107	123	120	103	-15.02	0.0306658
107	123	103	119	10.85	0.0309217
107	123	119	102	-8.97	0.0311148
107	123	102	118	6.05	0.0316529
107	123	118	101	-5.08	0.0319685
107	123	101	117	3.93	0.0325445
107	123	117	100	-3.38	0.0329586
107	123	100	116	2.68	0.0337313
107	123	116	99	-2.4	0.0341667
107	123	99	115	1.69	0.0359172
107	123	115	98	-1.52	0.0365789
106	122	105	121	94.23	0.0301061
106	122	121	104	-65.36	0.030153
106	122	104	120	37.12	0.0302694
106	122	120	103	-28.42	0.0303519
106	122	103	119	19.41	0.0305152
106	122	119	102	-15.42	0.0306485
106	122	102	118	11.21	0.0308921
106	122	118	101	-9.07	0.0311025
106	122	101	117	6.24	0.0316026
106	122	117	100	-5.18	0.0319305
106	122	100	116	4.07	0.032457
106	122	116	99	-3.53	0.0328329
106	122	99	115	2.47	0.0340486
106	122	115	98	-2.18	0.0345872
106	122	98	114	2.54	0.033937
106	122	114	97	-2.37	0.0342194
105	121	104	120	90.86	0.0301101
105	121	120	103	-63.26	0.0301581
105	121	103	119	37.62	0.0302658
105	121	119	102	-28.25	0.030354
105	121	102	118	19.48	0.0305133
105	121	118	101	-15.08	0.0306631
105	121	101	117	11.16	0.0308961
105	121	117	100	-8.92	0.0311211
105	121	100	116	6.21	0.0316103
105	121	116	99	-5.23	0.031912
105	121	99	115	3.59	0.0327855
105	121	115	98	-3.07	0.0332573
105	121	98	114	3.62	0.0327624
105	121	114	97	-3.34	0.032994
105	121	97	113	2.49	0.0340161
104	120	103	119	97.43	0.0301026
104	120	119	102	-66.18	0.0301511
104	120	102	118	38.94	0.0302568
104	120	118	101	-28.42	0.0303519
104	120	101	117	19.73	0.0305068
104	120	117	100	-15.14	0.0306605
104	120	100	116	11.27	0.0308873
104	120	116	99	-9.21	0.0310858
104	120	99	115	5.42	0.031845
104	120	115	98	-4.49	0.0322272
104	120	98	114	5.39	0.0318553
104	120	114	97	-4.92	0.0320325
104	120	97	113	3.53	0.0328329
103	119	102	118	99.99	0.0301
103	119	118	101	-66.76	0.0301498
103	119	101	117	38.91	0.030257
103	119	117	100	-28.34	0.0303529
103	119	100	116	19.66	0.0305086
103	119	116	99	-15.55	0.0306431
103	119	99	115	9.6	0.0310417
103	119	115	98	-7.67	0.0313038
103	119	98	114	8.54	0.031171
103	119	114	97	-7.68	0.0313021
103	119	97	113	5.2	0.0319231
102	118	101	117	103.12	0.030097
102	118	117	100	-68.17	0.0301467
102	118	100	116	39.53	0.030253
102	118	116	99	-29.65	0.0303373
102	118	99	115	16.51	0.0306057
102	118	115	98	-12.48	0.0308013
102	118	98	114	16.17	0.0306184
102	118	114	97	-14.34	0.0306974
102	118	97	113	8	0.03125
128	144	127	143	54.44	0.0301837
128	144	143	126	-42.2	0.030237
128	144	126	142	20.63	0.0304847
128	144	142	125	-16.55	0.0306042
128	144	125	141	10.19	0.0309814
128	144	141	124	-8.37	0.0311947
128	144	124	140	5.55	0.0318018
128	144	140	123	-4.69	0.0321322
128	144	123	139	2.9	0.0334483
128	144	139	122	-2.49	0.0340161
128	144	122	138	1.82	0.0354945
128	144	138	121	-1.61	0.0362112
128	144	121	137	1.22	0.0381967
128	144	137	120	-1.09	0.0391743
128	144	120	136	0.85	0.0417647
128	144	136	119	-0.77	0.042987
127	143	126	142	82.96	0.0301205
127	143	142	125	-58.72	0.0301703
127	143	125	141	32.54	0.0303073
127	143	141	124	-24.76	0.0304039
127	143	124	140	16.02	0.0306242
127	143	140	123	-12.5	0.0308
127	143	123	139	8.62	0.0311601
127	143	139	122	-7.02	0.0314245
127	143	122	138	4.57	0.0321882
127	143	138	121	-3.82	0.0326178
127	143	121	137	2.91	0.0334364
127	143	137	120	-2.45	0.0340816
127	143	120	136	1.94	0.0351546
127	143	136	119	-1.65	0.0360606
127	143	119	135	1.35	0.0374074
127	143	135	118	-1.16	0.0386207
126	142	125	141	90.57	0.0301104
126	142	141	124	-64.52	0.030155
126	142	124	140	35.88	0.0302787
126	142	140	123	-27.17	0.0303681
126	142	123	139	17.63	0.0305672
126	142	139	122	-13.89	0.0307199
126	142	122	138	9.77	0.0310235
126	142	138	121	-8.01	0.0312484
126	142	121	137	5.31	0.0318832
126	142	137	120	-4.38	0.0322831
126	142	120	136	3.4	0.0329412
126	142	136	119	-2.86	0.0334965
126	142	119	135	2.29	0.0343668
126	142	135	118	-1.94	0.0351546
126	142	118	134	1.58	0.0363291
126	142	134	117	-1.37	0.0372993
125	141	124	140	95.77	0.0301044
125	141	140	123	-67.01	0.0301492
125	141	123	139	37.26	0.0302684
125	141	139	122	-28.29	0.0303535
125	141	122	138	18.59	0.0305379
125	141	138	121	-14.85	0.0306734
125	141	121	137	10.62	0.0309416
125	141	137	120	-8.59	0.0311641
125	141	120	136	5.8	0.0317241
125	141	136	119	-4.8	0.0320833
125	141	119	135	3.78	0.0326455
125	141	135	118	-3.15	0.0331746
125	141	118	134	2.52	0.0339683
125	141	134	117	-2.15	0.0346512
125	141	117	133	1.78	0.035618
125	141	133	116	-1.55	0.0364516
124	140	123	139	94.38	0.030106
124	140	139	122	-66.83	0.0301496
124	140	122	138	37.4	0.0302674
124	140	138	121	-28.93	0.0303457
124	140	121	137	19.33	0.0305173
124	140	137	120	-15.23	0.0306566
124	140	120	136	11.08	0.0309025
124	140	136	119	-8.97	0.0311148
124	140	119	135	6.14	0.0316287
124	140	135	118	-5.04	0.0319841
124	140	118	134	3.95	0.0325316
124	140	134	117	-3.31	0.0330211
124	140	117	133	2.69	0.0337175
124	140	133	116	-2.32	0.0343103
124	140	116	132	1.95	0.0351282
124	140	132	115	-1.55	0.0364516
123	139	122	138	92.22	0.0301084
123	139	138	121	-66.29	0.0301509
123	139	121	137	38.04	0.0302629
123	139	137	120	-28.84	0.0303467
123	139	120	136	19.7	0.0305076
123	139	136	119	-15.55	0.0306431
123	139	119	135	11.45	0.0308734
123	139	135	118	-9.24	0.0310823
123	139	118	134	6.25	0.0316
123	139	134	117	-5.16	0.031938
123	139	117	133	4.1	0.032439
123	139	133	116	-3.49	0.0328653
123	139	116	132	2.88	0.0334722
123	139	132	115	-2.24	0.0344643
123	139	115	131	1.89	0.035291
123	139	131	114	-2.14	0.0346729
122	138	121	137	93.81	0.0301066
122	138	137	120	-65.26	0.0301532
122	138	120	136	38.28	0.0302612
122	138	136	119	-29.16	0.0303429
122	138	119	135	20.07	0.0304983
122	138	135	118	-15.8	0.0306329
122	138	118	134	11.53	0.0308673
122	138	134	117	-9.37	0.0310672
122	138	117	133	6.4	0.0315625
122	138	133	116	-5.36	0.0318657
122	138	116	132	4.33	0.0323095
122	138	132	115	-3.31	0.0330211
122	138	115	131	2.72	0.0336765
122	138	131	114	-3.11	0.0332154
122	138	114	130	2.77	0.0336101
122	138	130	113	-2.18	0.0345872
121	137	120	136	92.14	0.0301085
121	137	136	119	-66.06	0.0301514
121	137	119	135	38.35	0.0302608
121	137	135	118	-29.42	0.0303399
121	137	118	134	19.84	0.030504
121	137	134	117	-15.84	0.0306313
121	137	117	133	11.59	0.0308628
121	137	133	116	-9.6	0.0310417
121	137	116	132	6.64	0.031506
121	137	132	115	-5.01	0.031996
121	137	115	131	4	0.0325
121	137	131	114	-4.6	0.0321739
121	137	114	130	4.03	0.0324814
121	137	130	113	-3.12	0.0332051
121	137	113	129	2.76	0.0336232
120	136	119	135	94.42	0.0301059
120	136	135	118	-66.65	0.03015
120	136	118	134	38.26	0.0302614
120	136	134	117	-29.4	0.0303401
120	136	117	133	19.99	0.0305003
120	136	133	116	-16.11	0.0306207
120	136	116	132	12.03	0.0308313
120	136	132	115	-8.84	0.0311312
120	136	115	131	6.08	0.0316447
120	136	131	114	-7.09	0.0314104
120	136	114	130	6.11	0.0316367
120	136	130	113	-4.58	0.0321834
120	136	113	129	4	0.0325
119	135	118	134	96.46	0.0301037
119	135	134	117	-68	0.0301471
119	135	117	133	38.77	0.0302579
119	135	133	116	-29.99	0.0303334
119	135	116	132	20.85	0.0304796
119	135	132	115	-14.72	0.0306793
119	135	115	131	10.77	0.0309285
119	135	131	114	-12.81	0.0307806
119	135	114	130	9.54	0.0310482
119	135	130	113	-6.86	0.0314577
119	135	113	129	5.88	0.0317007
118	134	113	129	9.04	0.0311062
