144# Number of sensors
#x	z
1.75	-0.1
1.75	-0.2
1.75	-0.3
1.75	-0.4
1.75	-0.5
1.75	-0.6
1.75	-0.7
1.75	-0.8
1.75	-0.9
1.75	-1
1.75	-1.1
1.75	-1.2
1.75	-1.3
1.75	-1.4
1.75	-1.5
1.75	-1.6
2.25	-0.1
2.25	-0.2
2.25	-0.3
2.25	-0.4
2.25	-0.5
2.25	-0.6
2.25	-0.7
2.25	-0.8
2.25	-0.9
2.25	-1
2.25	-1.1
2.25	-1.2
2.25	-1.3
2.25	-1.4
2.25	-1.5
2.25	-1.6
2.75	-0.1
2.75	-0.2
2.75	-0.3
2.75	-0.4
2.75	-0.5
2.75	-0.6
2.75	-0.7
2.75	-0.8
2.75	-0.9
2.75	-1
2.75	-1.1
2.75	-1.2
2.75	-1.3
2.75	-1.4
2.75	-1.5
2.75	-1.6
3.25	-0.1
3.25	-0.2
3.25	-0.3
3.25	-0.4
3.25	-0.5
3.25	-0.6
3.25	-0.7
3.25	-0.8
3.25	-0.9
3.25	-1
3.25	-1.1
3.25	-1.2
3.25	-1.3
3.25	-1.4
3.25	-1.5
3.25	-1.6
3.75	-0.1
3.75	-0.2
3.75	-0.3
3.75	-0.4
3.75	-0.5
3.75	-0.6
3.75	-0.7
3.75	-0.8
3.75	-0.9
3.75	-1
3.75	-1.1
3.75	-1.2
3.75	-1.3
3.75	-1.4
3.75	-1.5
3.75	-1.6
4.25	-0.1
4.25	-0.2
4.25	-0.3
4.25	-0.4
4.25	-0.5
4.25	-0.6
4.25	-0.7
4.25	-0.8
4.25	-0.9
4.25	-1
4.25	-1.1
4.25	-1.2
4.25	-1.3
4.25	-1.4
4.25	-1.5
4.25	-1.6
4.75	-0.1
4.75	-0.2
4.75	-0.3
4.75	-0.4
4.75	-0.5
4.75	-0.6
4.75	-0.7
4.75	-0.8
4.75	-0.9
4.75	-1
4.75	-1.1
4.75	-1.2
4.75	-1.3
4.75	-1.4
4.75	-1.5
4.75	-1.6
5.25	-0.1
5.25	-0.2
5.25	-0.3
5.25	-0.4
5.25	-0.5
5.25	-0.6
5.25	-0.7
5.25	-0.8
5.25	-0.9
5.25	-1
5.25	-1.1
5.25	-1.2
5.25	-1.3
5.25	-1.4
5.25	-1.5
5.25	-1.6
5.75	-0.1
5.75	-0.2
5.75	-0.3
5.75	-0.4
5.75	-0.5
5.75	-0.6
5.75	-0.7
5.75	-0.8
5.75	-0.9
5.75	-1
5.75	-1.1
5.75	-1.2
5.75	-1.3
5.75	-1.4
5.75	-1.5
5.75	-1.6
1256# Number of data
#a	b	m	n	R	err
16	32	15	31	51.8	0.0301931
16	32	31	14	-34.32	0.0302914
16	32	14	30	23.93	0.0304179
16	32	30	13	-20.29	0.0304929
16	32	13	29	16.06	0.0306227
16	32	29	12	-15.01	0.0306662
16	32	12	28	12.24	0.030817
16	32	28	11	-10.54	0.0309488
16	32	11	27	8.36	0.0311962
16	32	27	10	-6.17	0.0316207
16	32	10	26	4.87	0.0320534
16	32	26	9	-3.61	0.0327701
16	32	9	25	2.88	0.0334722
16	32	25	8	-2.29	0.0343668
16	32	8	24	1.94	0.0351546
16	32	24	7	-1.55	0.0364516
15	31	14	30	75.54	0.0301324
15	31	30	13	-67.49	0.0301482
15	31	13	29	50.96	0.0301962
15	31	29	12	-49.91	0.0302004
15	31	12	28	39.67	0.0302521
15	31	28	11	-34.56	0.0302894
15	31	11	27	26.69	0.0303747
15	31	27	10	-19.62	0.0305097
15	31	10	26	14.19	0.0307047
15	31	26	9	-10.37	0.0309643
15	31	9	25	7.98	0.0312531
15	31	25	8	-6.26	0.0315974
15	31	8	24	5.16	0.031938
15	31	24	7	-4.06	0.0324631
15	31	7	23	3.33	0.033003
15	31	23	6	-2.81	0.0335587
14	30	13	29	80.34	0.0301245
14	30	29	12	-77.39	0.0301292
14	30	12	28	60.59	0.030165
14	30	28	11	-52.73	0.0301896
14	30	11	27	40.3	0.0302481
14	30	27	10	-29.48	0.0303392
14	30	10	26	22.22	0.03045
14	30	26	9	-16.28	0.0306143
14	30	9	25	10.54	0.0309488
14	30	25	8	-8.23	0.0312151
14	30	8	24	6.73	0.0314859
14	30	24	7	-5.27	0.0318975
14	30	7	23	4.29	0.032331
14	30	23	6	-3.6	0.0327778
14	30	6	22	3.06	0.033268
14	30	22	5	-2.55	0.0339216
13	29	12	28	78.03	0.0301282
13	29	28	11	-67.96	0.0301471
13	29	11	27	48.86	0.0302047
13	29	27	10	-37.5	0.0302667
13	29	10	26	26.74	0.030374
13	29	26	9	-20.43	0.0304895
13	29	9	25	14.81	0.0306752
13	29	25	8	-11.96	0.0308361
13	29	8	24	8.07	0.0312392
13	29	24	7	-6.51	0.0315361
13	29	7	23	5.1	0.0319608
13	29	23	6	-4.37	0.0322883
13	29	6	22	3.61	0.0327701
13	29	22	5	-3.08	0.0332468
13	29	5	21	2.74	0.0336496
13	29	21	4	-2.35	0.0342553
12	28	11	27	67.79	0.0301475
12	28	27	10	-54.21	0.0301845
12	28	10	26	35.66	0.0302804
12	28	26	9	-28.49	0.030351
12	28	9	25	19.39	0.0305157
12	28	25	8	-16.11	0.0306207
12	28	8	24	12.15	0.030823
12	28	24	7	-10.11	0.0309891
12	28	7	23	6.47	0.0315456
12	28	23	6	-5.64	0.031773
12	28	6	22	4.49	0.0322272
12	28	22	5	-3.91	0.0325575
12	28	5	21	3.38	0.0329586
12	28	21	4	-2.96	0.0333784
12	28	4	20	2.43	0.0341152
12	28	20	3	-2.25	0.0344444
11	27	10	26	67.36	0.0301485
11	27	26	9	-52.98	0.0301888
11	27	9	25	33.85	0.0302954
11	27	25	8	-27.89	0.0303586
11	27	8	24	20.15	0.0304963
11	27	24	7	-16.62	0.0306017
11	27	7	23	12	0.0308333
11	27	23	6	-10.41	0.0309606
11	27	6	22	6.84	0.031462
11	27	22	5	-5.92	0.0316892
11	27	5	21	4.99	0.032004
11	27	21	4	-4.36	0.0322936
11	27	4	20	3.46	0.0328902
11	27	20	3	-3.2	0.033125
11	27	3	19	2.82	0.0335461
11	27	19	2	-2.63	0.0338023
10	26	9	25	71.73	0.0301394
10	26	25	8	-56.94	0.0301756
10	26	8	24	39.05	0.0302561
10	26	24	7	-31.35	0.030319
10	26	7	23	21.84	0.0304579
10	26	23	6	-18.53	0.0305397
10	26	6	22	13.97	0.0307158
10	26	22	5	-11.8	0.0308475
10	26	5	21	8.38	0.0311933
10	26	21	4	-7.15	0.0313986
10	26	4	20	5.55	0.0318018
10	26	20	3	-5.05	0.0319802
10	26	3	19	4.41	0.0322676
10	26	19	2	-4.09	0.032445
10	26	2	18	3.85	0.0325974
10	26	18	1	-3.55	0.0328169
9	25	8	24	78.16	0.0301279
9	25	24	7	-61.25	0.0301633
9	25	7	23	39.98	0.0302501
9	25	23	6	-33.4	0.0302994
9	25	6	22	24.16	0.0304139
9	25	22	5	-20.03	0.0304993
9	25	5	21	16.11	0.0306207
9	25	21	4	-13.56	0.0307375
9	25	4	20	8.58	0.0311655
9	25	20	3	-7.73	0.0312937
9	25	3	19	6.63	0.0315083
9	25	19	2	-6.11	0.0316367
9	25	2	18	5.7	0.0317544
9	25	18	1	-5.21	0.0319194
9	25	1	17	4.87	0.0320534
8	24	7	23	71.68	0.0301395
8	24	23	6	-58.1	0.0301721
8	24	6	22	39.78	0.0302514
8	24	22	5	-32.16	0.0303109
8	24	5	21	24.96	0.0304006
8	24	21	4	-20.62	0.030485
8	24	4	20	14.68	0.0306812
8	24	20	3	-13.09	0.0307639
8	24	3	19	9.25	0.0310811
8	24	19	2	-8.46	0.031182
8	24	2	18	7.83	0.0312771
8	24	18	1	-7.08	0.0314124
8	24	1	17	6.58	0.0315198
7	23	6	22	81.2	0.0301232
7	23	22	5	-64.02	0.0301562
7	23	5	21	46.29	0.030216
7	23	21	4	-37.61	0.0302659
7	23	4	20	24.55	0.0304073
7	23	20	3	-21.57	0.0304636
7	23	3	19	17.45	0.0305731
7	23	19	2	-15.83	0.0306317
7	23	2	18	12.32	0.0308117
7	23	18	1	-10.99	0.0309099
7	23	1	17	10.08	0.0309921
6	22	1	17	13.73	0.0307283
3	19	2	18	269.41	0.0300371
3	19	18	1	-185.58	0.0300539
3	19	1	17	140.94	0.030071
2	18	1	17	815.59	0.0300123
32	48	31	47	49.16	0.0302034
32	48	47	30	-38.97	0.0302566
32	48	30	46	25.32	0.0303949
32	48	46	29	-21.12	0.0304735
32	48	29	45	16.84	0.0305938
32	48	45	28	-14.07	0.0307107
32	48	28	44	11.15	0.0308969
32	48	44	27	-8.93	0.0311198
32	48	27	43	6.9	0.0314493
32	48	43	26	-5.56	0.0317986
32	48	26	42	4.19	0.0323866
32	48	42	25	-3.46	0.0328902
32	48	25	41	2.57	0.0338911
32	48	41	24	-2.22	0.0345045
32	48	24	40	1.74	0.0357471
32	48	40	23	-1.49	0.0367114
31	47	30	46	84.36	0.0301185
31	47	46	29	-67.91	0.0301473
31	47	29	45	53.37	0.0301874
31	47	45	28	-43.3	0.0302309
31	47	28	44	34.12	0.0302931
31	47	44	27	-26.31	0.0303801
31	47	27	43	21.08	0.0304744
31	47	43	26	-16.39	0.0306101
31	47	26	42	11.02	0.0309074
31	47	42	25	-8.76	0.0311416
31	47	25	41	6.44	0.0315528
31	47	41	24	-5.38	0.0318587
31	47	24	40	4.19	0.0323866
31	47	40	23	-3.45	0.0328986
31	47	23	39	2.78	0.0335971
31	47	39	22	-2.4	0.0341667
30	46	29	45	97.17	0.0301029
30	46	45	28	-80.35	0.0301245
30	46	28	44	59.78	0.0301673
30	46	44	27	-47.36	0.0302111
30	46	27	43	36.33	0.0302753
30	46	43	26	-29.05	0.0303442
30	46	26	42	20.58	0.0304859
30	46	42	25	-16.82	0.0305945
30	46	25	41	10.41	0.0309606
30	46	41	24	-8.85	0.0311299
30	46	24	40	6.57	0.0315221
30	46	40	23	-5.54	0.0318051
30	46	23	39	4.26	0.0323474
30	46	39	22	-3.73	0.032681
30	46	22	38	3.03	0.0333003
30	46	38	21	-2.71	0.03369
29	45	28	44	89.31	0.030112
29	45	44	27	-69.82	0.0301432
29	45	27	43	52.67	0.0301899
29	45	43	26	-41.89	0.0302387
29	45	26	42	29.14	0.0303432
29	45	42	25	-23.68	0.0304223
29	45	25	41	16.22	0.0306165
29	45	41	24	-13.74	0.0307278
29	45	24	40	8.97	0.0311148
29	45	40	23	-7.52	0.0313298
29	45	23	39	5.7	0.0317544
29	45	39	22	-4.98	0.032008
29	45	22	38	4	0.0325
29	45	38	21	-3.57	0.0328011
29	45	21	37	2.96	0.0333784
29	45	37	20	-2.54	0.033937
28	44	27	43	87.16	0.0301147
28	44	43	26	-68.33	0.0301463
28	44	26	42	45.87	0.030218
28	44	42	25	-37.04	0.03027
28	44	25	41	24.66	0.0304055
28	44	41	24	-20.71	0.0304829
28	44	24	40	14.81	0.0306752
28	44	40	23	-12.35	0.0308097
28	44	23	39	8.16	0.0312255
28	44	39	22	-7.06	0.0314164
28	44	22	38	5.58	0.0317921
28	44	38	21	-4.95	0.0320202
28	44	21	37	4.08	0.032451
28	44	37	20	-3.47	0.0328818
28	44	20	36	2.72	0.0336765
28	44	36	19	-2.47	0.0340486
27	43	26	42	82.62	0.030121
27	43	42	25	-63.84	0.0301566
27	43	25	41	41.6	0.0302404
27	43	41	24	-33.86	0.0302953
27	43	24	40	23.83	0.0304196
27	43	40	23	-19.32	0.0305176
27	43	23	39	14.23	0.0307027
27	43	39	22	-12.01	0.0308326
27	43	22	38	8.35	0.0311976
27	43	38	21	-7.27	0.0313755
27	43	21	37	5.97	0.031675
27	43	37	20	-4.93	0.0320284
27	43	20	36	3.85	0.0325974
27	43	36	19	-3.45	0.0328986
27	43	19	35	2.97	0.033367
27	43	35	18	-2.79	0.0335842
26	42	25	41	84.68	0.0301181
26	42	41	24	-66.59	0.0301502
26	42	24	40	44.7	0.0302237
26	42	40	23	-35.3	0.0302833
26	42	23	39	25.12	0.0303981
26	42	39	22	-20.72	0.0304826
26	42	22	38	15.84	0.0306313
26	42	38	21	-13.61	0.0307348
26	42	21	37	9.77	0.0310235
26	42	37	20	-7.89	0.0312674
26	42	20	36	5.98	0.0316722
26	42	36	19	-5.27	0.0318975
26	42	19	35	4.47	0.0322371
26	42	35	18	-4.18	0.0323923
26	42	18	34	3.9	0.0325641
26	42	34	17	-3.65	0.0327397
25	41	24	40	92.07	0.0301086
25	41	40	23	-70.85	0.0301411
25	41	23	39	47.3	0.0302114
25	41	39	22	-38.38	0.0302606
25	41	22	38	28.07	0.0303563
25	41	38	21	-23.89	0.0304186
25	41	21	37	18.55	0.0305391
25	41	37	20	-14.76	0.0306775
25	41	20	36	9.41	0.0310627
25	41	36	19	-8.2	0.0312195
25	41	19	35	6.73	0.0314859
25	41	35	18	-6.25	0.0316
25	41	18	34	5.78	0.0317301
25	41	34	17	-5.37	0.0318622
25	41	17	33	5.18	0.0319305
24	40	23	39	87.81	0.0301139
24	40	39	22	-69.64	0.0301436
24	40	22	38	47.98	0.0302084
24	40	38	21	-40.39	0.0302476
24	40	21	37	30.13	0.0303319
24	40	37	20	-23.68	0.0304223
24	40	20	36	16.02	0.0306242
24	40	36	19	-13.81	0.0307241
24	40	19	35	9.65	0.0310363
24	40	35	18	-8.9	0.0311236
24	40	18	34	8.11	0.031233
24	40	34	17	-7.51	0.0313316
24	40	17	33	7.15	0.0313986
23	39	22	38	101.71	0.0300983
23	39	38	21	-83.31	0.03012
23	39	21	37	58.45	0.0301711
23	39	37	20	-44.5	0.0302247
23	39	20	36	27.7	0.030361
23	39	36	19	-23.41	0.0304272
23	39	19	35	17.64	0.0305669
23	39	35	18	-16.08	0.0306219
23	39	18	34	12.61	0.030793
23	39	34	17	-11.53	0.0308673
23	39	17	33	10.81	0.0309251
22	38	21	37	115.31	0.0300867
22	38	37	20	-85.56	0.0301169
22	38	20	36	47.12	0.0302122
22	38	36	19	-39.05	0.0302561
22	38	19	35	27.5	0.0303636
22	38	35	18	-24.83	0.0304027
22	38	18	34	21.74	0.03046
22	38	34	17	-19.73	0.0305068
22	38	17	33	15.74	0.0306353
21	37	20	36	93.1	0.0301074
21	37	36	19	-72.49	0.030138
21	37	19	35	45.17	0.0302214
21	37	35	18	-39.76	0.0302515
21	37	18	34	33.66	0.0302971
21	37	34	17	-29.9	0.0303344
21	37	17	33	27.16	0.0303682
18	34	17	33	422.1	0.0300237
48	64	47	63	59.33	0.0301685
48	64	63	46	-45.82	0.0302182
48	64	46	62	25.15	0.0303976
48	64	62	45	-20.94	0.0304776
48	64	45	61	14.42	0.0306935
48	64	61	44	-11.52	0.0308681
48	64	44	60	8.82	0.0311338
48	64	60	43	-7.11	0.0314065
48	64	43	59	5.48	0.0318248
48	64	59	42	-4.13	0.0324213
48	64	42	58	3.4	0.0329412
48	64	58	41	-2.56	0.0339062
48	64	41	57	2.14	0.0346729
48	64	57	40	-1.7	0.0358824
48	64	40	56	1.44	0.0369444
48	64	56	39	-1.15	0.0386957
47	63	46	62	71.16	0.0301405
47	63	62	45	-56.7	0.0301764
47	63	45	61	38.12	0.0302623
47	63	61	44	-29.05	0.0303442
47	63	44	60	22.47	0.030445
47	63	60	43	-17.29	0.0305784
47	63	43	59	14.16	0.0307062
47	63	59	42	-10.01	0.030999
47	63	42	58	7.65	0.0313072
47	63	58	41	-5.34	0.0318727
47	63	41	57	4.59	0.0321786
47	63	57	40	-3.4	0.0329412
47	63	40	56	2.97	0.033367
47	63	56	39	-2.22	0.0345045
47	63	39	55	2	0.035
47	63	55	38	-1.57	0.0363694
46	62	45	61	90.75	0.0301102
46	62	61	44	-70.12	0.0301426
46	62	44	60	48.13	0.0302078
46	62	60	43	-37.18	0.030269
46	62	43	59	28.74	0.0303479
46	62	59	42	-20.29	0.0304929
46	62	42	58	16.55	0.0306042
46	62	58	41	-11.51	0.0308688
46	62	41	57	8.62	0.0311601
46	62	57	40	-6.37	0.0315699
46	62	40	56	5.36	0.0318657
46	62	56	39	-4.03	0.0324814
46	62	39	55	3.5	0.0328571
46	62	55	38	-2.77	0.0336101
46	62	38	54	2.46	0.034065
46	62	54	37	-2.03	0.0349261
45	61	44	60	88.93	0.0301124
45	61	60	43	-71.65	0.0301396
45	61	43	59	47.46	0.0302107
45	61	59	42	-34.75	0.0302878
45	61	42	58	25.92	0.0303858
45	61	58	41	-18.64	0.0305365
45	61	41	57	14.55	0.0306873
45	61	57	40	-11.02	0.0309074
45	61	40	56	7.99	0.0312516
45	61	56	39	-6.14	0.0316287
45	61	39	55	5.1	0.0319608
45	61	55	38	-4.11	0.0324331
45	61	38	54	3.49	0.0328653
45	61	54	37	-2.94	0.0334014
45	61	37	53	2.56	0.0339062
45	61	53	36	-2.04	0.034902
44	60	43	59	91.26	0.0301096
44	60	59	42	-68.66	0.0301456
44	60	42	58	44.74	0.0302235
44	60	58	41	-32.69	0.0303059
44	60	41	57	23.84	0.0304195
44	60	57	40	-18.1	0.0305525
44	60	40	56	13.69	0.0307305
44	60	56	39	-10.54	0.0309488
44	60	39	55	7.77	0.031287
44	60	55	38	-6.27	0.0315949
44	60	38	54	5.16	0.031938
44	60	54	37	-4.33	0.0323095
44	60	37	53	3.69	0.03271
44	60	53	36	-2.94	0.0334014
44	60	36	52	2.59	0.033861
44	60	52	35	-2.25	0.0344444
43	59	42	58	88.56	0.0301129
43	59	58	41	-66.43	0.0301505
43	59	41	57	41.89	0.0302387
43	59	57	40	-32.1	0.0303115
43	59	40	56	22.33	0.0304478
43	59	56	39	-17.21	0.0305811
43	59	39	55	13.23	0.0307559
43	59	55	38	-10.67	0.0309372
43	59	38	54	7.72	0.0312953
43	59	54	37	-6.46	0.031548
43	59	37	53	5.34	0.0318727
43	59	53	36	-4.24	0.0323585
43	59	36	52	3.64	0.0327473
43	59	52	35	-3.17	0.0331546
43	59	35	51	2.72	0.0336765
43	59	51	34	-2.55	0.0339216
42	58	41	57	90.36	0.0301107
42	58	57	40	-68.37	0.0301463
42	58	40	56	41.68	0.0302399
42	58	56	39	-31.42	0.0303183
42	58	39	55	23.29	0.0304294
42	58	55	38	-18.37	0.0305444
42	58	38	54	14.03	0.0307128
42	58	54	37	-11.47	0.0308718
42	58	37	53	8.44	0.0311848
42	58	53	36	-6.47	0.0315456
42	58	36	52	5.47	0.0318282
42	58	52	35	-4.66	0.0321459
42	58	35	51	3.95	0.0325316
42	58	51	34	-3.68	0.0327174
42	58	34	50	3.38	0.0329586
42	58	50	33	-3.05	0.0332787
41	57	40	56	89.68	0.0301115
41	57	56	39	-65.73	0.0301521
41	57	39	55	45.69	0.0302189
41	57	55	38	-35.32	0.0302831
41	57	38	54	25.29	0.0303954
41	57	54	37	-20.36	0.0304912
41	57	37	53	15.84	0.0306313
41	57	53	36	-11.63	0.0308598
41	57	36	52	8.69	0.0311507
41	57	52	35	-7.2	0.0313889
41	57	35	51	5.98	0.0316722
41	57	51	34	-5.49	0.0318215
41	57	34	50	5.02	0.031992
41	57	50	33	-4.5	0.0322222
41	57	33	49	4.29	0.032331
40	56	39	55	87.8	0.0301139
40	56	55	38	-65.94	0.0301517
40	56	38	54	44.86	0.0302229
40	56	54	37	-34.75	0.0302878
40	56	37	53	26.59	0.0303761
40	56	53	36	-18.84	0.0305308
40	56	36	52	15.2	0.0306579
40	56	52	35	-12.32	0.0308117
40	56	35	51	8.84	0.0311312
40	56	51	34	-8.03	0.0312453
40	56	34	50	7.25	0.0313793
40	56	50	33	-6.47	0.0315456
40	56	33	49	6.12	0.031634
39	55	38	54	103.86	0.0300963
39	55	54	37	-78.86	0.0301268
39	55	37	53	52.74	0.0301896
39	55	53	36	-35.6	0.0302809
39	55	36	52	26.91	0.0303716
39	55	52	35	-21.14	0.030473
39	55	35	51	16.14	0.0306196
39	55	51	34	-14.45	0.030692
39	55	34	50	11.35	0.0308811
39	55	50	33	-10.04	0.030996
39	55	33	49	9.39	0.031065
38	54	37	53	113.76	0.0300879
38	54	53	36	-74.75	0.0301338
38	54	36	52	49.42	0.0302023
38	54	52	35	-37.7	0.0302653
38	54	35	51	26.38	0.0303791
38	54	51	34	-23.26	0.0304299
38	54	34	50	19.89	0.0305028
38	54	50	33	-17.46	0.0305727
38	54	33	49	14.11	0.0307087
37	53	36	52	108.81	0.0300919
37	53	52	35	-81.04	0.0301234
37	53	35	51	46.45	0.0302153
37	53	51	34	-40.15	0.0302491
37	53	34	50	32.49	0.0303078
37	53	50	33	-28.26	0.0303539
37	53	33	49	25.36	0.0303943
34	50	33	49	276.42	0.0300362
64	80	63	79	50.59	0.0301977
64	80	79	62	-30.21	0.030331
64	80	62	78	20.01	0.0304998
64	80	78	61	-13.61	0.0307348
64	80	61	77	9.68	0.0310331
64	80	77	60	-6.97	0.0314347
64	80	60	76	5.48	0.0318248
64	80	76	59	-4.06	0.0324631
64	80	59	75	3.26	0.0330675
64	80	75	58	-2.47	0.0340486
64	80	58	74	2.11	0.0347393
64	80	74	57	-1.63	0.036135
64	80	57	73	1.42	0.0370423
64	80	73	56	-1.09	0.0391743
64	80	56	72	0.98	0.0402041
64	80	72	55	-0.78	0.0428205
63	79	62	78	75.23	0.0301329
63	79	78	61	-56.9	0.0301757
63	79	61	77	28.46	0.0303514
63	79	77	60	-21.99	0.0304548
63	79	60	76	14.43	0.030693
63	79	76	59	-11.38	0.0308787
63	79	59	75	8.12	0.0312315
63	79	75	58	-6.56	0.0315244
63	79	58	74	4.42	0.0322624
63	79	74	57	-3.63	0.0327548
63	79	57	73	2.81	0.0335587
63	79	73	56	-2.3	0.0343478
63	79	56	72	1.86	0.0353763
63	79	72	55	-1.58	0.0363291
63	79	55	71	1.3	0.0376923
63	79	71	54	-1.11	0.039009
62	78	61	77	78.3	0.0301277
62	78	77	60	-56.57	0.0301768
62	78	60	76	32.92	0.0303038
62	78	76	59	-24.76	0.0304039
62	78	59	75	16.88	0.0305924
62	78	75	58	-13.13	0.0307616
62	78	58	74	9.67	0.0310341
62	78	74	57	-7.69	0.0313004
62	78	57	73	5.25	0.0319048
62	78	73	56	-4.16	0.0324038
62	78	56	72	3.34	0.032994
62	78	72	55	-2.76	0.0336232
62	78	55	71	2.26	0.0344248
62	78	71	54	-1.89	0.035291
62	78	54	70	1.6	0.03625
62	78	70	53	-1.37	0.0372993
61	77	60	76	88.21	0.0301134
61	77	76	59	-64.37	0.0301554
61	77	59	75	36.39	0.0302748
61	77	75	58	-27.73	0.0303606
61	77	58	74	18.79	0.0305322
61	77	74	57	-14.75	0.030678
61	77	57	73	10.68	0.0309363
61	77	73	56	-8.4	0.0311905
61	77	56	72	5.84	0.0317123
61	77	72	55	-4.8	0.0320833
61	77	55	71	3.81	0.0326247
61	77	71	54	-3.17	0.0331546
61	77	54	70	2.61	0.0338314
61	77	70	53	-2.24	0.0344643
61	77	53	69	1.88	0.0353191
61	77	69	52	-1.65	0.0360606
60	76	59	75	90.04	0.0301111
60	76	75	58	-66.37	0.0301507
60	76	58	74	37.47	0.0302669
60	76	74	57	-28.73	0.0303481
60	76	57	73	19.26	0.0305192
60	76	73	56	-14.84	0.0306739
60	76	56	72	10.9	0.0309174
60	76	72	55	-8.86	0.0311287
60	76	55	71	6.14	0.0316287
60	76	71	54	-5.05	0.0319802
60	76	54	70	4.05	0.0324691
60	76	70	53	-3.43	0.0329155
60	76	53	69	2.83	0.0335336
60	76	69	52	-2.47	0.0340486
60	76	52	68	2.14	0.0346729
60	76	68	51	-1.85	0.0354054
59	75	58	74	93.04	0.0301075
59	75	74	57	-68.47	0.030146
59	75	57	73	38.36	0.0302607
59	75	73	56	-28.43	0.0303517
59	75	56	72	19.39	0.0305157
59	75	72	55	-15.49	0.0306456
59	75	55	71	11.43	0.0308749
59	75	71	54	-9.24	0.0310823
59	75	54	70	6.51	0.0315361
59	75	70	53	-5.44	0.0318382
59	75	53	69	4.37	0.0322883
59	75	69	52	-3.77	0.0326525
59	75	52	68	3.21	0.0331153
59	75	68	51	-2.75	0.0336364
59	75	51	67	2.4	0.0341667
59	75	67	50	-2.22	0.0345045
58	74	57	73	92.29	0.0301084
58	74	73	56	-65.36	0.030153
58	74	56	72	37.15	0.0302692
58	74	72	55	-29.25	0.0303419
58	74	55	71	20.15	0.0304963
58	74	71	54	-15.81	0.0306325
58	74	54	70	11.73	0.0308525
58	74	70	53	-9.62	0.0310395
58	74	53	69	6.74	0.0314837
58	74	69	52	-5.74	0.0317422
58	74	52	68	4.78	0.0320921
58	74	68	51	-4.03	0.0324814
58	74	51	67	3.46	0.0328902
58	74	67	50	-3.18	0.0331447
58	74	50	66	2.88	0.0334722
58	74	66	49	-2.71	0.03369
57	73	56	72	90.85	0.0301101
57	73	72	55	-70.85	0.0301411
57	73	55	71	40.65	0.030246
57	73	71	54	-30.59	0.0303269
57	73	54	70	20.86	0.0304794
57	73	70	53	-16.68	0.0305995
57	73	53	69	12.28	0.0308143
57	73	69	52	-10.28	0.0309728
57	73	52	68	7.48	0.0313369
57	73	68	51	-6.2	0.0316129
57	73	51	67	5.18	0.0319305
57	73	67	50	-4.71	0.0321231
57	73	50	66	4.21	0.0323753
57	73	66	49	-3.92	0.032551
57	73	49	65	3.73	0.032681
56	72	55	71	92.24	0.0301084
56	72	71	54	-70.99	0.0301409
56	72	54	70	39.22	0.030255
56	72	70	53	-31.11	0.0303214
56	72	53	69	20.92	0.030478
56	72	69	52	-17.28	0.0305787
56	72	52	68	13.26	0.0307541
56	72	68	51	-10.8	0.0309259
56	72	51	67	7.87	0.0312706
56	72	67	50	-7.08	0.0314124
56	72	50	66	6.19	0.0316155
56	72	66	49	-5.73	0.0317452
56	72	49	65	5.41	0.0318484
55	71	54	70	100.72	0.0300993
55	71	70	53	-74.52	0.0301342
55	71	53	69	41.62	0.0302403
55	71	69	52	-32.85	0.0303044
55	71	52	68	23.48	0.0304259
55	71	68	51	-18.41	0.0305432
55	71	51	67	14.27	0.0307008
55	71	67	50	-12.6	0.0307937
55	71	50	66	9.56	0.031046
55	71	66	49	-8.75	0.0311429
55	71	49	65	8.16	0.0312255
54	70	53	69	100.96	0.030099
54	70	69	52	-75.31	0.0301328
54	70	52	68	45.37	0.0302204
54	70	68	51	-33.79	0.0302959
54	70	51	67	24.37	0.0304103
54	70	67	50	-21.02	0.0304757
54	70	50	66	17.14	0.0305834
54	70	66	49	-15.51	0.0306447
54	70	49	65	12.65	0.0307905
53	69	52	68	114.73	0.0300872
53	69	68	51	-79.44	0.0301259
53	69	51	67	46.76	0.0302139
53	69	67	50	-39.21	0.030255
53	69	50	66	29.53	0.0303386
53	69	66	49	-26.26	0.0303808
53	69	49	65	23.4	0.0304274
52	68	51	67	107.93	0.0300927
52	68	67	50	-85.88	0.0301164
52	68	50	66	53.68	0.0301863
52	68	66	49	-46.77	0.0302138
52	68	49	65	39.67	0.0302521
80	96	79	95	38.23	0.0302616
80	96	95	78	-28.32	0.0303531
80	96	78	94	15.4	0.0306494
80	96	94	77	-11.7	0.0308547
80	96	77	93	7.38	0.031355
80	96	93	76	-5.98	0.0316722
80	96	76	92	4.1	0.032439
80	96	92	75	-3.41	0.0329326
80	96	75	91	2.47	0.0340486
80	96	91	74	-2.09	0.0347847
80	96	74	90	1.57	0.0363694
80	96	90	73	-1.36	0.0373529
80	96	73	89	1.05	0.0395238
80	96	89	72	-0.93	0.0407527
80	96	72	88	0.74	0.0435135
80	96	88	71	-0.68	0.0447059
79	95	78	94	84.03	0.030119
79	95	94	77	-55.41	0.0301805
79	95	77	93	29.74	0.0303362
79	95	93	76	-22.29	0.0304486
79	95	76	92	14.29	0.0306998
79	95	92	75	-11.12	0.0308993
79	95	75	91	7.78	0.0312853
79	95	91	74	-6.24	0.0316026
79	95	74	90	4.09	0.032445
79	95	90	73	-3.35	0.0329851
79	95	73	89	2.54	0.033937
79	95	89	72	-2.14	0.0346729
79	95	72	88	1.69	0.0359172
79	95	88	71	-1.47	0.0368027
79	95	71	87	1.17	0.038547
79	95	87	70	-1.03	0.0397087
78	94	77	93	82.15	0.0301217
78	94	93	76	-58.42	0.0301712
78	94	76	92	31.66	0.0303159
78	94	92	75	-23.91	0.0304182
78	94	75	91	15.65	0.030639
78	94	91	74	-12.27	0.030815
78	94	74	90	8.66	0.0311547
78	94	90	73	-6.95	0.0314388
78	94	73	89	4.64	0.0321552
78	94	89	72	-3.83	0.032611
78	94	72	88	2.97	0.033367
78	94	88	71	-2.54	0.033937
78	94	71	87	2	0.035
78	94	87	70	-1.73	0.0357803
78	94	70	86	1.4	0.0371429
78	94	86	69	-1.23	0.0381301
77	93	76	92	88.53	0.030113
77	93	92	75	-60.42	0.0301655
77	93	75	91	34.23	0.0302921
77	93	91	74	-25.43	0.0303932
77	93	74	90	17.35	0.0305764
77	93	90	73	-13.07	0.0307651
77	93	73	89	9.37	0.0310672
77	93	89	72	-7.5	0.0313333
77	93	72	88	5.17	0.0319342
77	93	88	71	-4.29	0.032331
77	93	71	87	3.34	0.032994
77	93	87	70	-2.81	0.0335587
77	93	70	86	2.26	0.0344248
77	93	86	69	-1.95	0.0351282
77	93	69	85	1.59	0.0362893
77	93	85	68	-1.42	0.0370423
76	92	75	91	91.42	0.0301094
76	92	91	74	-62.42	0.0301602
76	92	74	90	35.24	0.0302838
76	92	90	73	-25.97	0.0303851
76	92	73	89	17.39	0.030575
76	92	89	72	-13.53	0.0307391
76	92	72	88	9.92	0.0310081
76	92	88	71	-8.06	0.0312407
76	92	71	87	5.5	0.0318182
76	92	87	70	-4.55	0.0321978
76	92	70	86	3.59	0.0327855
76	92	86	69	-3.03	0.0333003
76	92	69	85	2.45	0.0340816
76	92	85	68	-2.16	0.0346296
76	92	68	84	1.8	0.0355556
76	92	84	67	-1.63	0.036135
75	91	74	90	92.6	0.030108
75	91	90	73	-62.34	0.0301604
75	91	73	89	35.15	0.0302845
75	91	89	72	-26.16	0.0303823
75	91	72	88	17.94	0.0305574
75	91	88	71	-14.13	0.0307077
75	91	71	87	10.28	0.0309728
75	91	87	70	-8.31	0.0312034
75	91	70	86	5.78	0.0317301
75	91	86	69	-4.79	0.0320877
75	91	69	85	3.78	0.0326455
75	91	85	68	-3.28	0.0330488
75	91	68	84	2.69	0.0337175
75	91	84	67	-2.42	0.0341322
75	91	67	83	2.03	0.0349261
75	91	83	66	-1.84	0.0354348
74	90	73	89	91.08	0.0301098
74	90	89	72	-62.7	0.0301595
74	90	72	88	36.07	0.0302772
74	90	88	71	-27.3	0.0303663
74	90	71	87	18.44	0.0305423
74	90	87	70	-14.48	0.0306906
74	90	70	86	10.62	0.0309416
74	90	86	69	-8.6	0.0311628
74	90	69	85	5.98	0.0316722
74	90	85	68	-5.09	0.0319646
74	90	68	84	4.08	0.032451
74	90	84	67	-3.6	0.0327778
74	90	67	83	2.97	0.033367
74	90	83	66	-2.67	0.0337453
74	90	66	82	2.37	0.0342194
74	90	82	65	-2.23	0.0344843
73	89	72	88	96.77	0.0301033
73	89	88	71	-66.67	0.03015
73	89	71	87	37.92	0.0302637
73	89	87	70	-28.33	0.030353
73	89	70	86	19.31	0.0305179
73	89	86	69	-15.11	0.0306618
73	89	69	85	11.07	0.0309033
73	89	85	68	-9.19	0.0310881
73	89	68	84	6.5	0.0315385
73	89	84	67	-5.62	0.0317794
73	89	67	83	4.52	0.0322124
73	89	83	66	-3.99	0.0325063
73	89	66	82	3.5	0.0328571
73	89	82	65	-3.26	0.0330675
73	89	65	81	3.01	0.0333223
72	88	67	83	6.94	0.0314409
72	88	83	66	-6	0.0316667
72	88	66	82	5.16	0.031938
72	88	82	65	-4.76	0.0321008
72	88	65	81	4.34	0.0323041
71	87	66	82	8.08	0.0312376
71	87	82	65	-7.37	0.0313569
71	87	65	81	6.6	0.0315152
70	86	65	81	10.19	0.0309814
96	112	95	111	40.44	0.0302473
96	112	111	94	-27.31	0.0303662
96	112	94	110	16.75	0.030597
96	112	110	93	-12.4	0.0308065
96	112	93	109	8.56	0.0311682
96	112	109	92	-6.64	0.031506
96	112	92	108	4.85	0.0320619
96	112	108	91	-3.88	0.0325773
96	112	91	107	2.94	0.0334014
96	112	107	90	-2.38	0.0342017
96	112	90	106	1.83	0.0354645
96	112	106	89	-1.49	0.0367114
96	112	89	105	1.21	0.0382645
96	112	105	88	-1	0.04
96	112	88	104	0.85	0.0417647
96	112	104	87	-0.71	0.0440845
95	111	94	110	82.58	0.0301211
95	111	110	93	-56.88	0.0301758
95	111	93	109	32.18	0.0303108
95	111	109	92	-24.06	0.0304156
95	111	92	108	15.68	0.0306378
95	111	108	91	-12.25	0.0308163
95	111	91	107	8.55	0.0311696
95	111	107	90	-6.77	0.0314771
95	111	90	106	4.35	0.0322989
95	111	106	89	-3.45	0.0328986
95	111	89	105	2.66	0.0337594
95	111	105	88	-2.15	0.0346512
95	111	88	104	1.75	0.0357143
95	111	104	87	-1.42	0.0370423
95	111	87	103	1.22	0.0381967
95	111	103	86	-1	0.04
94	110	93	109	91.77	0.030109
94	110	109	92	-64.67	0.0301546
94	110	92	108	36.88	0.0302711
94	110	108	91	-28.52	0.0303506
94	110	91	107	18.3	0.0305464
94	110	107	90	-14.55	0.0306873
94	110	90	106	9.68	0.0310331
94	110	106	89	-7.75	0.0312903
94	110	89	105	5.1	0.0319608
94	110	105	88	-4.14	0.0324155
94	110	88	104	3.22	0.0331056
94	110	104	87	-2.64	0.0337879
94	110	87	103	2.18	0.0345872
94	110	103	86	-1.81	0.0355249
94	110	86	102	1.53	0.0365359
94	110	102	85	-1.3	0.0376923
93	109	92	108	94.31	0.030106
93	109	108	91	-68.34	0.0301463
93	109	91	107	38.67	0.0302586
93	109	107	90	-30.07	0.0303326
93	109	90	106	18.34	0.0305453
93	109	106	89	-14.51	0.0306892
93	109	89	105	10.06	0.030994
93	109	105	88	-8.14	0.0312285
93	109	88	104	5.49	0.0318215
93	109	104	87	-4.47	0.0322371
93	109	87	103	3.58	0.0327933
93	109	103	86	-2.97	0.033367
93	109	86	102	2.45	0.0340816
93	109	102	85	-2.08	0.0348077
93	109	85	101	1.75	0.0357143
93	109	101	84	-1.51	0.0366225
92	108	91	107	96.09	0.0301041
92	108	107	90	-68.78	0.0301454
92	108	90	106	36.35	0.0302751
92	108	106	89	-27.66	0.0303615
92	108	89	105	18	0.0305556
92	108	105	88	-14.25	0.0307018
92	108	88	104	10.31	0.0309699
92	108	104	87	-8.2	0.0312195
92	108	87	103	5.75	0.0317391
92	108	103	86	-4.7	0.0321277
92	108	86	102	3.79	0.0326385
92	108	102	85	-3.18	0.0331447
92	108	85	101	2.62	0.0338168
92	108	101	84	-2.22	0.0345045
92	108	84	100	1.9	0.0352632
92	108	100	83	-1.61	0.0362112
91	107	90	106	90.67	0.0301103
91	107	106	89	-63.32	0.0301579
91	107	89	105	35.55	0.0302813
91	107	105	88	-27.16	0.0303682
91	107	88	104	18.27	0.0305473
91	107	104	87	-14.34	0.0306974
91	107	87	103	10.7	0.0309346
91	107	103	86	-8.64	0.0311574
91	107	86	102	6.07	0.0316474
91	107	102	85	-5.03	0.0319881
91	107	85	101	4.03	0.0324814
91	107	101	84	-3.39	0.0329499
91	107	84	100	2.82	0.0335461
91	107	100	83	-2.39	0.0341841
91	107	83	99	2.07	0.0348309
91	107	99	82	-1.81	0.0355249
90	106	89	105	92.49	0.0301081
90	106	105	88	-65.7	0.0301522
90	106	88	104	37	0.0302703
90	106	104	87	-28.12	0.0303556
90	106	87	103	19.41	0.0305152
90	106	103	86	-15.43	0.0306481
90	106	86	102	11.42	0.0308757
90	106	102	85	-9.38	0.0310661
90	106	85	101	6.49	0.0315408
90	106	101	84	-5.41	0.0318484
90	106	84	100	4.34	0.0323041
90	106	100	83	-3.64	0.0327473
90	106	83	99	3.08	0.0332468
90	106	99	82	-2.68	0.0337313
90	106	82	98	2.36	0.0342373
90	106	98	81	-2.16	0.0346296
89	105	88	104	95.3	0.0301049
89	105	104	87	-66.43	0.0301505
89	105	87	103	39.01	0.0302563
89	105	103	86	-29.94	0.030334
89	105	86	102	20.51	0.0304876
89	105	102	85	-16.5	0.0306061
89	105	85	101	11.99	0.030834
89	105	101	84	-9.85	0.0310152
89	105	84	100	6.85	0.0314599
89	105	100	83	-5.66	0.0317668
89	105	83	99	4.64	0.0321552
89	105	99	82	-4	0.0325
89	105	82	98	3.46	0.0328902
89	105	98	81	-3.14	0.0331847
89	105	81	97	2.84	0.0335211
88	104	87	103	101.14	0.0300989
88	104	103	86	-71.84	0.0301392
88	104	86	102	40.89	0.0302446
88	104	102	85	-31.71	0.0303154
88	104	85	101	21.11	0.0304737
88	104	101	84	-16.97	0.0305893
88	104	84	100	12.34	0.0308104
88	104	100	83	-10.01	0.030999
88	104	83	99	7.12	0.0314045
88	104	99	82	-6.05	0.0316529
88	104	82	98	5.08	0.0319685
88	104	98	81	-4.58	0.0321834
88	104	81	97	4.06	0.0324631
87	103	82	98	7.83	0.0312771
87	103	98	81	-6.93	0.031443
87	103	81	97	6.04	0.0316556
86	102	81	97	9.21	0.0310858
112	128	111	127	38.41	0.0302603
112	128	127	110	-27.81	0.0303596
112	128	110	126	15.93	0.0306277
112	128	126	109	-12.13	0.0308244
112	128	109	125	8.2	0.0312195
112	128	125	108	-6.47	0.0315456
112	128	108	124	4.67	0.0321413
112	128	124	107	-3.77	0.0326525
112	128	107	123	2.79	0.0335842
112	128	123	106	-2.26	0.0344248
112	128	106	122	1.73	0.0357803
112	128	122	105	-1.47	0.0368027
112	128	105	121	1.17	0.038547
112	128	121	104	-1.02	0.0398039
112	128	104	120	0.81	0.0423457
112	128	120	103	-0.73	0.0436986
111	127	110	126	80.54	0.0301242
111	127	126	109	-55.66	0.0301797
111	127	109	125	31.8	0.0303145
111	127	125	108	-23.43	0.0304268
111	127	108	124	15.7	0.0306369
111	127	124	107	-12.02	0.0308319
111	127	107	123	8.43	0.0311862
111	127	123	106	-6.56	0.0315244
111	127	106	122	4.29	0.032331
111	127	122	105	-3.54	0.0328249
111	127	105	121	2.69	0.0337175
111	127	121	104	-2.31	0.034329
111	127	104	120	1.76	0.0356818
111	127	120	103	-1.57	0.0363694
111	127	103	119	1.22	0.0381967
111	127	119	102	-1.1	0.0390909
110	126	109	125	90.74	0.0301102
110	126	125	108	-62.78	0.0301593
110	126	108	124	37.16	0.0302691
110	126	124	107	-27.04	0.0303698
110	126	107	123	18.22	0.0305488
110	126	123	106	-13.44	0.030744
110	126	106	122	9.53	0.0310493
110	126	122	105	-7.58	0.0313193
110	126	105	121	5.15	0.0319417
110	126	121	104	-4.26	0.0323474
110	126	104	120	3.24	0.0330864
110	126	120	103	-2.79	0.0335842
110	126	103	119	2.18	0.0345872
110	126	119	102	-1.89	0.035291
110	126	102	118	1.51	0.0366225
110	126	118	101	-1.34	0.0374627
109	125	108	124	97.47	0.0301026
109	125	124	107	-67.7	0.0301477
109	125	107	123	39.29	0.0302545
109	125	123	106	-27.54	0.0303631
109	125	106	122	18.51	0.0305402
109	125	122	105	-14.17	0.0307057
109	125	105	121	10.36	0.0309653
109	125	121	104	-8.37	0.0311947
109	125	104	120	5.6	0.0317857
109	125	120	103	-4.72	0.0321186
109	125	103	119	3.63	0.0327548
109	125	119	102	-3.12	0.0332051
109	125	102	118	2.44	0.0340984
109	125	118	101	-2.13	0.0346948
109	125	101	117	1.7	0.0358824
109	125	117	100	-1.51	0.0366225
108	124	107	123	96.94	0.0301032
108	124	123	106	-64.05	0.0301561
108	124	106	122	36.79	0.0302718
108	124	122	105	-27.18	0.0303679
108	124	105	121	18.33	0.0305456
108	124	121	104	-14.73	0.0306789
108	124	104	120	10.53	0.0309497
108	124	120	103	-8.71	0.0311481
108	124	103	119	5.87	0.0317036
108	124	119	102	-4.96	0.0320161
108	124	102	118	3.81	0.0326247
108	124	118	101	-3.27	0.0330581
108	124	101	117	2.58	0.033876
108	124	117	100	-2.26	0.0344248
108	124	100	116	1.82	0.0354945
108	124	116	99	-1.64	0.0360976
107	123	106	122	90.22	0.0301108
107	123	122	105	-62.28	0.0301606
107	123	105	121	36.67	0.0302727
107	123	121	104	-27.87	0.0303588
107	123	104	120	18.61	0.0305373
107	123	120	103	-15.01	0.0306662
107	123	103	119	10.84	0.0309225
107	123	119	102	-8.97	0.0311148
107	123	102	118	6.07	0.0316474
107	123	118	101	-5.09	0.0319646
107	123	101	117	3.94	0.0325381
107	123	117	100	-3.39	0.0329499
107	123	100	116	2.69	0.0337175
107	123	116	99	-2.4	0.0341667
107	123	99	115	1.69	0.0359172
107	123	115	98	-1.53	0.0365359
106	122	105	121	94.25	0.0301061
106	122	121	104	-65.44	0.0301528
106	122	104	120	37.13	0.0302693
106	122	120	103	-28.45	0.0303515
106	122	103	119	19.41	0.0305152
106	122	119	102	-15.44	0.0306477
106	122	102	118	11.21	0.0308921
106	122	118	101	-9.08	0.0311013
106	122	101	117	6.25	0.0316
106	122	117	100	-5.19	0.0319268
106	122	100	116	4.07	0.032457
106	122	116	99	-3.54	0.0328249
106	122	99	115	2.47	0.0340486
106	122	115	98	-2.18	0.0345872
106	122	98	114	2.54	0.033937
106	122	114	97	-2.38	0.0342017
105	121	104	120	90.85	0.0301101
105	121	120	103	-63.32	0.0301579
105	121	103	119	37.61	0.0302659
105	121	119	102	-28.26	0.0303539
105	121	102	118	19.48	0.0305133
105	121	118	101	-15.46	0.0306468
105	121	101	117	11.16	0.0308961
105	121	117	100	-8.93	0.0311198
105	121	100	116	6.21	0.0316103
105	121	116	99	-5.23	0.031912
105	121	99	115	3.59	0.0327855
105	121	115	98	-3.08	0.0332468
105	121	98	114	3.62	0.0327624
105	121	114	97	-3.34	0.032994
105	121	97	113	2.49	0.0340161
104	120	103	119	97.28	0.0301028
104	120	119	102	-66.14	0.0301512
104	120	102	118	38.89	0.0302571
104	120	118	101	-28.41	0.030352
104	120	101	117	19.7	0.0305076
104	120	117	100	-15.13	0.0306609
104	120	100	116	11.26	0.0308881
104	120	116	99	-9.2	0.031087
104	120	99	115	5.43	0.0318416
104	120	115	98	-4.5	0.0322222
104	120	98	114	5.4	0.0318519
104	120	114	97	-4.92	0.0320325
104	120	97	113	3.53	0.0328329
103	119	102	118	99.92	0.0301001
103	119	118	101	-66.78	0.0301497
103	119	101	117	38.89	0.0302571
103	119	117	100	-28.35	0.0303527
103	119	100	116	19.66	0.0305086
103	119	116	99	-15.56	0.0306427
103	119	99	115	9.6	0.0310417
103	119	115	98	-7.68	0.0313021
103	119	98	114	8.55	0.0311696
103	119	114	97	-7.66	0.0313055
103	119	97	113	5.2	0.0319231
102	118	101	117	103.08	0.030097
102	118	117	100	-67.81	0.0301475
102	118	100	116	39.54	0.0302529
102	118	116	99	-29.68	0.0303369
102	118	99	115	16.52	0.0306053
102	118	115	98	-12.51	0.0307994
102	118	98	114	16.2	0.0306173
102	118	114	97	-14.36	0.0306964
102	118	97	113	7.99	0.0312516
128	144	127	143	54.54	0.0301834
128	144	143	126	-42.29	0.0302365
128	144	126	142	20.67	0.0304838
128	144	142	125	-16.59	0.0306028
128	144	125	141	10.21	0.0309794
128	144	141	124	-8.39	0.0311919
128	144	124	140	5.62	0.0317794
128	144	140	123	-4.7	0.0321277
128	144	123	139	2.9	0.0334483
128	144	139	122	-2.5	0.034
128	144	122	138	1.83	0.0354645
128	144	138	121	-1.62	0.0361728
128	144	121	137	1.23	0.0381301
128	144	137	120	-1.09	0.0391743
128	144	120	136	0.86	0.0416279
128	144	136	119	-0.77	0.042987
127	143	126	142	83.07	0.0301204
127	143	142	125	-58.81	0.03017
127	143	125	141	32.59	0.0303068
127	143	141	124	-24.73	0.0304044
127	143	124	140	16.05	0.0306231
127	143	140	123	-12.52	0.0307987
127	143	123	139	8.71	0.0311481
127	143	139	122	-7.03	0.0314225
127	143	122	138	4.58	0.0321834
127	143	138	121	-3.82	0.0326178
127	143	121	137	2.92	0.0334247
127	143	137	120	-2.45	0.0340816
127	143	120	136	1.94	0.0351546
127	143	136	119	-1.66	0.0360241
127	143	119	135	1.35	0.0374074
127	143	135	118	-1.16	0.0386207
126	142	125	141	90.84	0.0301101
126	142	141	124	-64.75	0.0301544
126	142	124	140	35.99	0.0302779
126	142	140	123	-27.19	0.0303678
126	142	123	139	17.69	0.0305653
126	142	139	122	-13.93	0.0307179
126	142	122	138	9.8	0.0310204
126	142	138	121	-8.04	0.0312438
126	142	121	137	5.33	0.0318762
126	142	137	120	-4.4	0.0322727
126	142	120	136	3.41	0.0329326
126	142	136	119	-2.86	0.0334965
126	142	119	135	2.3	0.0343478
126	142	135	118	-1.95	0.0351282
126	142	118	134	1.58	0.0363291
126	142	134	117	-1.37	0.0372993
125	141	124	140	95.91	0.0301043
125	141	140	123	-67.12	0.030149
125	141	123	139	37.32	0.030268
125	141	139	122	-28.34	0.0303529
125	141	122	138	18.62	0.0305371
125	141	138	121	-14.88	0.030672
125	141	121	137	10.63	0.0309407
125	141	137	120	-8.6	0.0311628
125	141	120	136	5.85	0.0317094
125	141	136	119	-4.82	0.0320747
125	141	119	135	3.79	0.0326385
125	141	135	118	-3.16	0.0331646
125	141	118	134	2.53	0.0339526
125	141	134	117	-2.15	0.0346512
125	141	117	133	1.78	0.035618
125	141	133	116	-1.56	0.0364103
124	140	123	139	94.61	0.0301057
124	140	139	122	-67.02	0.0301492
124	140	122	138	37.49	0.0302667
124	140	138	121	-29.01	0.0303447
124	140	121	137	19.38	0.030516
124	140	137	120	-15.27	0.0306549
124	140	120	136	11.11	0.0309001
124	140	136	119	-9	0.0311111
124	140	119	135	6.14	0.0316287
124	140	135	118	-5.05	0.0319802
124	140	118	134	3.95	0.0325316
124	140	134	117	-3.32	0.033012
124	140	117	133	2.7	0.0337037
124	140	133	116	-2.32	0.0343103
124	140	116	132	1.95	0.0351282
124	140	132	115	-1.55	0.0364516
123	139	122	138	92.49	0.0301081
123	139	138	121	-66.5	0.0301504
123	139	121	137	38.14	0.0302622
123	139	137	120	-28.93	0.0303457
123	139	120	136	19.76	0.0305061
123	139	136	119	-15.6	0.030641
123	139	119	135	11.48	0.0308711
123	139	135	118	-9.26	0.0310799
123	139	118	134	6.28	0.0315924
123	139	134	117	-5.18	0.0319305
123	139	117	133	4.09	0.032445
123	139	133	116	-3.5	0.0328571
123	139	116	132	2.9	0.0334483
123	139	132	115	-2.25	0.0344444
123	139	115	131	1.9	0.0352632
123	139	131	114	-2.15	0.0346512
122	138	121	137	94	0.0301064
122	138	137	120	-65.4	0.0301529
122	138	120	136	38.35	0.0302608
122	138	136	119	-29.22	0.0303422
122	138	119	135	20.1	0.0304975
122	138	135	118	-15.83	0.0306317
122	138	118	134	11.55	0.0308658
122	138	134	117	-9.38	0.0310661
122	138	117	133	6.45	0.0315504
122	138	133	116	-5.4	0.0318519
122	138	116	132	4.36	0.0322936
122	138	132	115	-3.33	0.033003
122	138	115	131	2.74	0.0336496
122	138	131	114	-3.13	0.0331949
122	138	114	130	2.79	0.0335842
122	138	130	113	-2.2	0.0345455
121	137	120	136	92.51	0.0301081
121	137	136	119	-66.34	0.0301507
121	137	119	135	38.49	0.0302598
121	137	135	118	-29.54	0.0303385
121	137	118	134	19.91	0.0305023
121	137	134	117	-15.9	0.0306289
121	137	117	133	11.56	0.0308651
121	137	133	116	-9.64	0.0310373
121	137	116	132	6.64	0.031506
121	137	132	115	-5.02	0.031992
121	137	115	131	4	0.0325
121	137	131	114	-4.6	0.0321739
121	137	114	130	4.03	0.0324814
121	137	130	113	-3.12	0.0332051
121	137	113	129	2.76	0.0336232
120	136	119	135	94.75	0.0301055
120	136	135	118	-66.91	0.0301495
120	136	118	134	38.4	0.0302604
120	136	134	117	-29.52	0.0303388
120	136	117	133	20.06	0.0304985
120	136	133	116	-16.18	0.030618
120	136	116	132	12.07	0.0308285
120	136	132	115	-8.87	0.0311274
120	136	115	131	6.08	0.0316447
120	136	131	114	-7.09	0.0314104
120	136	114	130	6.1	0.0316393
120	136	130	113	-4.59	0.0321786
120	136	113	129	4	0.0325
119	135	118	134	96.68	0.0301034
119	135	134	117	-68.2	0.0301466
119	135	117	133	38.86	0.0302573
119	135	133	116	-30.07	0.0303326
119	135	116	132	20.9	0.0304785
119	135	132	115	-14.76	0.0306775
119	135	115	131	10.79	0.0309268
119	135	131	114	-12.84	0.0307788
119	135	114	130	9.55	0.0310471
119	135	130	113	-6.87	0.0314556
119	135	113	129	5.88	0.0317007
118	134	113	129	9.04	0.0311062
