50# Number of sensors
#x	y	z
0	0	541.493
0.9871	0	541.333
1.9648	0	541.123
2.9476	0	540.938
3.9377	0	540.798
4.9359	0	540.738
5.9274	0	540.608
6.912	0	540.433
7.8999	0	540.278
8.8862	0	540.113
9.8708	0	539.938
10.8571	0	539.773
11.8302	0	539.543
12.8139	0	539.363
13.8026	0	539.213
14.7853	0	539.028
15.7829	0	538.958
16.7692	0	538.793
17.7689	0	538.768
18.7664	0	538.698
19.7531	0	538.535
20.6841	0	538.17
21.6596	0	537.95
22.6498	0	537.81
23.6483	0	537.755
24.6377	0	537.61
25.6248	0	537.45
26.6056	0	537.255
27.6024	0	537.175
28.5911	0	537.025
29.5826	0	536.895
30.5741	0	536.765
31.5384	0	536.5
32.5092	0	536.26
33.472	0	535.99
34.4194	0	535.67
35.3794	0	535.39
36.349	0	535.145
37.3233	0	534.92
38.301	0	534.71
39.2742	0	534.48
40.2508	0	534.265
41.2326	0	534.075
42.2103	0	533.865
43.1835	0	533.635
44.1623	0	533.43
45.1538	0	533.3
46.1194	0	533.04
47.1012	0	532.85
48.0719	0	532.61
784# Number of data
#a	b	m	n	R	ip	err	k	rhoa
1	2	4	3	75.365	-5.7	0.0200101	19.4897	1468.84
2	3	5	4	76.522	-5.13	0.0200093	19.5546	1496.36
3	4	6	5	62.25	-4.16	0.0200111	19.7817	1231.41
4	5	7	6	41.582	-13.24	0.0200174	18.8222	782.664
5	6	8	7	35.607	-9.6	0.0200222	17.7253	631.143
6	7	9	8	29.632	-7.46	0.0200283	19.572	579.956
7	8	10	9	73.35	-7.31	0.020011	19.2949	1415.28
8	9	11	10	68.604	-4.63	0.0200117	18.988	1302.65
9	10	12	11	66.399	-8.14	0.0200114	19.1462	1271.29
10	11	13	12	65.757	-5.75	0.0200118	18.7237	1231.22
11	12	14	13	73.913	-4.51	0.0200094	18.8301	1391.79
12	13	15	14	61.612	-5.21	0.0200121	20.0586	1235.85
13	14	16	15	73.802	-6.88	0.0200093	18.2025	1343.38
14	15	17	16	72.114	-6.66	0.0200117	19.6545	1417.36
15	16	18	17	77.927	-7.74	0.0200084	18.3828	1432.52
16	17	19	18	82.676	-6.46	0.0200091	18.8286	1556.68
17	18	20	19	73.614	-5.82	0.0200097	20.2701	1492.17
18	19	21	20	72.018	-6.69	0.0200107	18.3173	1319.18
19	20	22	21	74.086	-7.67	0.0200096	17.2824	1280.38
20	21	23	22	49.587	-7.6	0.020015	18.9626	940.301
21	22	24	23	60.723	-7.7	0.0200114	21.2428	1289.92
22	23	25	24	45.188	-7.19	0.020015	19.6516	888.017
23	24	26	25	60.527	-7.27	0.0200103	18.6559	1129.18
24	25	27	26	59.418	-6.92	0.0200113	18.4255	1094.8
25	26	28	27	73.384	-8.55	0.0200085	18.8423	1382.73
26	27	29	28	67.952	-7.92	0.0200107	19.9828	1357.87
27	28	30	29	76.015	-10.23	0.0200098	19.3933	1474.18
28	29	31	30	67.508	-8.58	0.0200109	18.3405	1238.13
29	30	32	31	57.526	-7.72	0.0200119	19.9388	1147
30	31	33	32	53.491	-6.31	0.020013	18.0592	966.005
31	32	34	33	48.412	-7.95	0.0200147	18.8302	911.605
32	33	35	34	40.623	-6.14	0.0200171	20.0747	815.496
33	34	36	35	55.804	-8.12	0.0200121	18.3368	1023.27
34	35	37	36	46.884	-8.61	0.0200134	19.1405	897.385
35	36	38	37	38.401	-8.63	0.020021	19.8855	763.623
36	37	39	38	40.204	-7.37	0.0200187	19.2432	773.653
37	38	40	39	38.922	-7.89	0.0200164	19.4282	756.185
38	39	41	40	35.062	-7.77	0.0200184	19.0734	668.75
39	40	42	41	32.296	-8.91	0.0200203	18.9059	610.586
40	41	43	42	32.233	-7.07	0.0200201	19.6492	633.353
41	42	44	43	28.332	-7.24	0.0200262	19.3419	547.994
42	43	45	44	27.997	-7	0.0200256	18.8629	528.104
43	44	46	45	29.551	-7.49	0.0200256	18.9774	560.801
44	45	47	46	27.616	-7.19	0.0200258	20.4911	565.883
45	46	48	47	24.888	-5.83	0.0200328	18.4756	459.822
46	47	49	48	26.791	-0.46	0.0200284	18.8189	504.176
47	48	50	49	35.621	-8.2	0.0200231	19.4429	692.577
1	3	7	5	26.099	-6.62	0.0200302	41.2338	1076.16
2	4	8	6	23.777	-11.33	0.020034	39.6893	943.694
3	5	9	7	34.238	-5.45	0.0200232	35.2313	1206.25
4	6	10	8	35.723	-2.48	0.0200213	35.295	1260.84
5	7	11	9	23.717	-7.58	0.0200316	38.1621	905.091
6	8	12	10	31.757	-8.26	0.0200244	38.2234	1213.86
7	9	13	11	41.115	-6.05	0.0200201	37.8021	1554.23
8	10	14	12	38.157	-6.25	0.0200215	37.0855	1415.07
9	11	15	13	32.036	-6.65	0.0200232	36.7558	1177.51
10	12	16	14	31.293	-6.64	0.0200244	38.5365	1205.92
11	13	17	15	27.457	-7.2	0.0200277	38.0366	1044.37
12	14	18	16	27.311	-7.42	0.0200273	36.8378	1006.08
13	15	19	17	27.428	-7.3	0.020026	38.1369	1046.02
14	16	20	18	30.615	-6.82	0.0200223	38.0523	1164.97
15	17	21	19	26.396	-6.49	0.0200309	41.3243	1090.8
16	18	22	20	26.474	-6.39	0.0200284	38.4701	1018.46
17	19	23	21	25.216	-5.49	0.0200308	31.689	799.071
18	20	24	22	19.286	-7.31	0.0200411	32.247	621.916
19	21	25	23	20.04	-7.49	0.0200383	41.8975	839.626
20	22	26	24	20.273	-7.48	0.020034	45.4705	921.823
21	23	27	25	18.874	-7.03	0.0200364	40.1251	757.321
22	24	28	26	23.493	-7.41	0.0200307	35.2891	829.047
23	25	29	27	28.428	-7.82	0.0200255	35.268	1002.6
24	26	30	28	29.579	-8.4	0.0200243	39.0676	1155.58
25	27	31	29	27.153	-8.48	0.0200233	41.0141	1113.66
26	28	32	30	27.147	-8.38	0.0200265	38.2639	1038.75
27	29	33	31	27.61	-8.48	0.0200273	37.9982	1049.13
28	30	34	32	25.875	-7.68	0.0200283	37.107	960.143
29	31	35	33	21.795	-7.28	0.0200344	35.1079	765.178
30	32	36	34	18.072	-6.98	0.0200447	37.7517	682.249
31	33	37	35	20.858	-7.11	0.0200387	37.741	787.201
32	34	38	36	20.486	-8.48	0.0200333	36.6457	750.724
33	35	39	37	17.067	-8.75	0.0200422	39.1332	667.886
34	36	40	38	14.711	-7.81	0.0200505	40.1907	591.246
35	37	41	39	12.477	-7.74	0.0200576	38.9924	486.508
36	38	42	40	9.676	-8.6	0.0200666	37.6275	364.084
37	39	43	41	9.031	-8.72	0.0200773	36.8525	332.815
38	40	44	42	9.498	-8.31	0.0200735	38.3305	364.063
39	41	45	43	8.984	-7.25	0.0200932	38.8612	349.129
40	42	46	44	8.957	-7.53	0.0200944	36.9847	331.272
41	43	47	45	9.008	-6.5	0.020084	36.7617	331.149
42	44	48	46	8.156	-6.95	0.0201032	39.729	324.029
43	45	49	47	7.893	-6.49	0.0201252	38.079	300.558
44	46	50	48	8.985	-2.64	0.0201085	34.5299	310.251
1	4	10	7	22.222	-8.12	0.0200371	57.7962	1284.35
2	5	11	8	27.688	-5.33	0.0200281	53.8762	1491.72
3	6	12	9	24.252	-6.99	0.0200304	53.9967	1309.53
4	7	13	10	16.874	-8.21	0.020045	56.3676	951.146
5	8	14	11	20.195	-9.37	0.0200401	56.9222	1149.54
6	9	15	12	21	-7.39	0.020041	56.1564	1179.28
7	10	16	13	19.565	-8.09	0.0200413	55.0871	1077.78
8	11	17	14	16.179	-8.95	0.0200506	56.3143	911.109
9	12	18	15	14.981	-9.43	0.0200523	57.0185	854.194
10	13	19	16	12.546	-8.67	0.0200652	58.2143	730.356
11	14	20	17	11.883	-8.71	0.0200605	58.0274	689.539
12	15	21	18	11.649	-7.89	0.0200668	60.4744	704.466
13	16	22	19	11.121	-7.68	0.0200714	61.0698	679.157
14	17	23	20	10.518	-7.73	0.0200816	56.9715	599.226
15	18	24	21	10.205	-6.67	0.020078	49.6	506.168
16	19	25	22	8.423	-6.4	0.0201045	46.861	394.71
17	20	26	23	8.483	-7.81	0.020099	54.564	462.867
18	21	27	24	7.745	-7.93	0.0201048	65.391	506.454
19	22	28	25	8.734	-7.88	0.0200868	67.141	586.409
20	23	29	26	8.845	-8.4	0.0200926	58.6019	518.334
21	24	30	27	11.656	-8.93	0.0200687	53.5354	624.008
22	25	31	28	12.348	-8.75	0.0200646	55.1082	680.476
23	26	32	29	12.293	-9	0.0200556	59.7876	734.969
24	27	33	30	11.205	-8.28	0.0200617	60.6365	679.431
25	28	34	31	12.195	-8.98	0.0200624	58.768	716.676
26	29	35	32	13.123	-8.29	0.0200625	55.0542	722.477
27	30	36	33	12.787	-8.16	0.0200645	53.5402	684.619
28	31	37	34	11.065	-8.01	0.0200789	53.0561	587.066
29	32	38	35	10.568	-7.97	0.0200839	54.3529	574.402
30	33	39	36	9.468	-7.66	0.0200891	55.8306	528.604
31	34	40	37	8.885	-8.65	0.0200915	57.8556	514.047
32	35	41	38	7.865	-7.92	0.0200966	60.4598	475.517
33	36	42	39	6.454	-7.27	0.0201229	60.6308	391.311
34	37	43	40	5.037	-7.15	0.0201587	58.4853	294.591
35	38	44	41	4.373	-6.83	0.0201882	56.8277	248.508
36	39	45	42	4.274	-6.52	0.0201945	56.9204	243.278
37	40	46	43	4.318	-6.59	0.0202146	56.966	245.979
38	41	47	44	4.516	-5.52	0.0202107	56.6627	255.889
39	42	48	45	4.589	-6.06	0.0202044	56.0763	257.334
40	43	49	46	4.51	-5.88	0.0202035	57.6134	259.837
41	44	50	47	4.793	-5.77	0.0202136	56.3017	269.854
1	5	13	9	17.769	-7.44	0.0200436	73.8986	1313.11
2	6	14	10	15.393	-7.6	0.0200499	72.1833	1111.12
3	7	15	11	12.067	-8.37	0.0200669	74.3204	896.825
4	8	16	12	12.241	-8.89	0.0200699	73.7078	902.257
5	9	17	13	11.565	-7.7	0.0200743	73.5541	850.653
6	10	18	14	10.216	-9.45	0.0200855	75.4482	770.779
7	11	19	15	8.923	-9.37	0.0200942	75.1184	670.282
8	12	20	16	7.9	-9.1	0.0201084	78.7812	622.372
9	13	21	17	6.555	-8.62	0.0201242	81.5985	534.878
10	14	22	18	6.19	-7.97	0.0201308	80.8826	500.663
11	15	23	19	5.471	-7.22	0.0201645	81.7902	447.474
12	16	24	20	5.468	-7.24	0.0201574	75.0927	410.607
13	17	25	21	5.276	-6.15	0.0201726	68.3166	360.438
14	18	26	22	4.637	-6.4	0.0201952	65.6202	304.281
15	19	27	23	4.799	-5.58	0.0201935	69.1392	331.799
16	20	28	24	4.535	-7.19	0.0202012	77.1256	349.765
17	21	29	25	4.709	-7.54	0.0201914	85.0274	400.394
18	22	30	26	5.425	-8	0.0201665	84.7281	459.65
19	23	31	27	5.908	-8.29	0.0201525	78.125	461.562
20	24	32	28	6.676	-8.78	0.0201326	75.9829	507.262
21	25	33	29	6.766	-8.8	0.0201177	76.8966	520.282
22	26	34	30	6.593	-7.86	0.0201178	77.2532	509.331
23	27	35	31	6.55	-7.58	0.0201196	79.2451	519.055
24	28	36	32	7.422	-7.59	0.0201138	74.6808	554.281
25	29	37	33	8.09	-7.47	0.0201121	70.5189	570.498
26	30	38	34	7.939	-6.99	0.0201171	70.6124	560.592
27	31	39	35	7.893	-7.03	0.0201207	68.644	541.807
28	32	40	36	6.728	-7.53	0.020139	72.0684	484.876
29	33	41	37	5.976	-6.86	0.0201568	76.7449	458.628
30	34	42	38	5.478	-6.89	0.0201585	78.539	430.237
31	35	43	39	4.572	-6.87	0.0201851	81.7644	373.827
32	36	44	40	3.792	-6.05	0.020235	81.0234	307.241
33	37	45	41	3.303	-5.77	0.02028	78.2501	258.46
34	38	46	42	3.067	-5.38	0.0203032	77.2606	236.958
35	39	47	43	2.97	-5.11	0.0203336	75.9677	225.624
36	40	48	44	3.081	-5.5	0.0203228	75.1232	231.455
37	41	49	45	3.271	-4.72	0.0203077	74.9336	245.108
38	42	50	46	3.431	-5.2	0.0202976	75.6545	259.571
1	6	16	11	10.433	-7.88	0.0200786	90.9501	948.882
2	7	17	12	7.764	-8.14	0.020111	91.3193	709.003
3	8	18	13	7.418	-9.02	0.0201167	90.9858	674.933
4	9	19	14	6.913	-8.16	0.0201322	92.9138	642.313
5	10	20	15	6.099	-8.96	0.0201462	95.1741	580.467
6	11	21	16	5.045	-9.28	0.0201796	99.3029	500.983
7	12	22	17	4.67	-8	0.0201845	102.106	476.833
8	13	23	18	4.108	-7.52	0.0202211	102.067	419.292
9	14	24	19	3.632	-7.07	0.0202541	100.554	365.211
10	15	25	20	3.472	-6.27	0.0202725	96.4365	334.828
11	16	26	21	3.563	-6.03	0.0202573	87.8534	313.021
12	17	27	22	3.262	-6.1	0.0203008	84.6929	276.268
13	18	28	23	3.407	-6.39	0.0202779	87.7199	298.862
14	19	29	24	3.494	-6.35	0.0202782	91.2105	318.689
15	20	30	25	3.626	-7.54	0.0202655	96.862	351.222
16	21	31	26	3.786	-7.8	0.0202608	102.703	388.833
17	22	32	27	4.393	-8.08	0.0202169	103.597	455.099
18	23	33	28	4.465	-8.23	0.0202141	100.241	447.575
19	24	34	29	4.706	-8.4	0.020189	97.8299	460.387
20	25	35	30	4.682	-8.59	0.0201877	95.8382	448.715
21	26	36	31	4.81	-8.04	0.0201787	95.9768	461.649
22	27	37	32	4.952	-7.33	0.0201763	92.2896	457.018
23	28	38	33	5.558	-7.32	0.0201646	87.7721	487.837
24	29	39	34	5.984	-7.06	0.0201632	86.655	518.544
25	30	40	35	6.287	-6.66	0.0201557	86.3045	542.596
26	31	41	36	5.745	-6.68	0.02017	86.2267	495.373
27	32	42	37	5.148	-6.33	0.0201912	91.522	471.155
28	33	43	38	4.634	-6.37	0.0202076	96.7846	448.5
29	34	44	39	3.969	-6.23	0.0202331	99.467	394.784
30	35	45	40	3.272	-5.73	0.0202813	101.543	332.247
31	36	46	41	2.948	-5.51	0.0203268	100.96	297.632
32	37	47	42	2.726	-5.11	0.0203535	99.18	270.365
33	38	48	43	2.576	-5.18	0.0203915	97.0582	250.022
34	39	49	44	2.613	-5.52	0.0203874	94.2798	246.353
35	40	50	45	2.804	-5.97	0.020364	92.6496	259.789
1	7	19	13	4.994	-7.85	0.0201758	109.803	548.355
2	8	20	14	4.73	-9.22	0.020196	112.174	530.583
3	9	21	15	4.433	-7.96	0.0202104	114.14	505.982
4	10	22	16	3.903	-8.37	0.0202429	118.388	462.067
5	11	23	17	3.312	-7.88	0.020273	119.94	397.24
6	12	24	18	3.161	-7.77	0.0202992	121.523	384.134
7	13	25	19	2.891	-6.6	0.0203455	122.506	354.164
8	14	26	20	2.793	-6.23	0.0203431	116.378	325.043
9	15	27	21	2.743	-5.59	0.020354	109.3	299.809
10	16	28	22	2.749	-6.27	0.0203536	103.913	285.656
11	17	29	23	2.947	-6.61	0.0203409	107.319	316.27
12	18	30	24	2.977	-7.33	0.0203234	110.583	329.204
13	19	31	25	3.141	-6.85	0.0203077	111.06	348.839
14	20	32	26	3.236	-8.22	0.0203084	114.94	371.947
15	21	33	27	3.482	-8.12	0.0202855	121.677	423.679
16	22	34	28	3.734	-8.13	0.020262	125.192	467.468
17	23	35	29	3.674	-8.21	0.0202546	120.756	443.656
18	24	36	30	3.813	-8.14	0.0202465	114.963	438.355
19	25	37	31	3.862	-8.18	0.0202407	113.869	439.762
20	26	38	32	4.026	-8.4	0.0202293	110.363	444.321
21	27	39	33	4.21	-7.64	0.0202197	105.86	445.672
22	28	40	34	4.582	-7.31	0.0202098	102.687	470.51
23	29	41	35	5.029	-6.99	0.020201	100.997	507.914
24	30	42	36	4.872	-6.32	0.0202038	103.048	502.049
25	31	43	37	4.618	-6.2	0.0202148	105.801	488.591
26	32	44	38	4.233	-5.72	0.0202328	111.604	472.421
27	33	45	39	3.733	-5.57	0.020266	116.483	434.832
28	34	46	40	3.242	-5.79	0.0203002	118.043	382.696
29	35	47	41	2.851	-5.49	0.0203353	120.973	344.895
30	36	48	42	2.669	-5.13	0.0203675	121.89	325.323
31	37	49	43	2.51	-5.36	0.0204026	119.067	298.857
32	38	50	44	2.533	-4.72	0.0204002	114.655	290.42
1	8	22	15	3.219	-8.6	0.0202933	134.704	433.611
2	9	23	16	3.015	-6.73	0.0203261	135.992	410.017
3	10	24	17	2.785	-7.01	0.0203412	137.37	382.576
4	11	25	18	2.584	-6.39	0.0203775	139.067	359.35
5	12	26	19	2.468	-6.25	0.0204026	142.931	352.753
6	13	27	20	2.383	-6.55	0.0204239	139.105	331.488
7	14	28	21	2.488	-6.93	0.0203975	128.68	320.156
8	15	29	22	2.52	-6.45	0.0203992	125.188	315.475
9	16	30	23	2.724	-6.58	0.0203587	127.328	346.841
10	17	31	24	2.78	-7.37	0.020355	130.657	363.228
11	18	32	25	2.83	-7.68	0.0203403	131.539	372.256
12	19	33	26	2.936	-7.59	0.0203344	129.772	381.011
13	20	34	27	3.106	-8.48	0.0203166	133.284	413.979
14	21	35	28	3.148	-9.01	0.0203139	142.718	449.275
15	22	36	29	3.274	-7.72	0.0202907	144.837	474.197
16	23	37	30	3.2	-8.35	0.0203031	136.707	437.463
17	24	38	31	3.313	-8.04	0.0202914	131.396	435.316
18	25	39	32	3.439	-8.96	0.0202817	126.751	435.898
19	26	40	33	3.557	-8.37	0.0202675	124.455	442.685
20	27	41	34	3.625	-7.72	0.0202646	122.761	445.01
21	28	42	35	3.964	-7.94	0.0202492	117.574	466.064
22	29	43	36	4.062	-6.47	0.0202497	116.624	473.725
23	30	44	37	4.064	-6.16	0.0202463	121.494	493.752
24	31	45	38	3.88	-5.62	0.0202566	125.238	485.923
25	32	46	39	3.522	-5.3	0.0202834	130.99	461.346
26	33	47	40	3.171	-4.52	0.0203153	135.116	428.452
27	34	48	41	2.97	-4.71	0.0203352	136.885	406.549
28	35	49	42	2.784	-5.36	0.0203555	140.633	391.523
29	36	50	43	2.697	-4.75	0.0203757	140.095	377.836
1	9	25	17	2.307	-6.17	0.0204241	157.1	362.429
2	10	26	18	2.295	-5.67	0.0204357	158.611	364.011
3	11	27	19	2.164	-5.47	0.0204684	160.594	347.526
4	12	28	20	2.247	-6.98	0.0204484	157.745	354.454
5	13	29	21	2.327	-6.49	0.0204399	150.74	350.773
6	14	30	22	2.384	-8.15	0.0204214	145.697	347.343
7	15	31	23	2.575	-7.07	0.0203883	149.216	384.231
8	16	32	24	2.661	-6.76	0.0203635	151.359	402.767
9	17	33	25	2.694	-8.67	0.0203634	152.243	410.142
10	18	34	26	2.719	-7.84	0.0203595	149.8	407.305
11	19	35	27	2.893	-7.99	0.0203389	148.411	429.354
12	20	36	28	2.893	-8.44	0.0203357	153.909	445.259
13	21	37	29	2.844	-8	0.020336	161.031	457.971
14	22	38	30	2.894	-8.32	0.0203369	159.976	462.971
15	23	39	31	2.884	-7.51	0.020339	152.711	440.419
16	24	40	32	3.017	-8.09	0.0203273	144.436	435.763
17	25	41	33	3.071	-8.69	0.0203189	140.025	430.018
18	26	42	34	3.099	-8.99	0.020315	139.751	433.087
19	27	43	35	3.177	-8.25	0.0203076	138	438.425
20	28	44	36	3.3	-7.66	0.0203009	135.418	446.879
21	29	45	37	3.465	-6.73	0.0202949	135.859	470.751
22	30	46	38	3.491	-6.05	0.0202874	139.264	486.172
23	31	47	39	3.305	-4.97	0.020303	143.314	473.651
24	32	48	40	3.054	-5.1	0.020328	149.536	456.684
25	33	49	41	2.946	-4.56	0.0203435	153.712	452.836
26	34	50	42	2.966	-4.14	0.0203396	155.432	461.01
1	10	28	19	2.011	-5.88	0.0205107	180.875	363.74
2	11	29	20	2.093	-5.55	0.0204861	175.971	368.308
3	12	30	21	2.272	-7.2	0.0204468	169.81	385.808
4	13	31	22	2.341	-7.68	0.0204392	167.111	391.208
5	14	32	23	2.437	-7.08	0.02041	170.261	414.927
6	15	33	24	2.477	-7.61	0.0203997	174.609	432.507
7	16	34	25	2.606	-7.71	0.0203724	172.544	449.65
8	17	35	26	2.643	-8.61	0.020375	170.22	449.891
9	18	36	27	2.713	-7.64	0.020356	168.125	456.123
10	19	37	28	2.728	-7.86	0.0203584	167.989	458.273
11	20	38	29	2.654	-8.82	0.0203646	172.25	457.152
12	21	39	30	2.569	-8	0.0203798	176.198	452.653
13	22	40	31	2.629	-8.57	0.0203706	175.995	462.692
14	23	41	32	2.634	-8.87	0.0203761	165.811	436.745
15	24	42	33	2.713	-9.32	0.0203666	157.216	426.527
16	25	43	34	2.697	-8.94	0.0203704	155.262	418.741
17	26	44	35	2.734	-8.75	0.0203623	154.31	421.882
18	27	45	36	2.707	-8.16	0.0203676	154.52	418.286
19	28	46	37	2.869	-7.63	0.0203486	154.656	443.708
20	29	47	38	3.026	-6.88	0.0203361	155.79	471.419
21	30	48	39	3.02	-6.21	0.0203351	158.685	479.23
22	31	49	40	2.931	-6.29	0.0203452	160.163	469.438
23	32	50	41	2.921	-5.88	0.0203466	165.661	483.897
1	11	31	21	2.116	-6.16	0.0204764	189.593	401.179
2	12	32	22	2.252	-7.15	0.0204521	187.528	422.313
3	13	33	23	2.376	-7.16	0.0204305	192.342	457.006
4	14	34	24	2.426	-7.96	0.0204065	194.305	471.384
5	15	35	25	2.442	-8.5	0.020401	195.393	477.149
6	16	36	26	2.511	-9.69	0.0203848	190.719	478.897
7	17	37	27	2.639	-8.39	0.0203762	187.584	495.033
8	18	38	28	2.594	-8.59	0.0203765	187.146	485.457
9	19	39	29	2.526	-7.83	0.020382	186.206	470.356
10	20	40	30	2.413	-9.07	0.020407	187.721	452.972
11	21	41	31	2.356	-7.74	0.02042	192.999	454.706
12	22	42	32	2.4	-7.96	0.020411	188.788	453.091
13	23	43	33	2.38	-7.83	0.0204144	178.473	424.766
14	24	44	34	2.401	-8.97	0.0204174	172.763	414.805
15	25	45	35	2.406	-9.23	0.0204198	169.495	407.805
16	26	46	36	2.359	-9.41	0.0204248	170.269	401.665
17	27	47	37	2.384	-7.71	0.0204146	172.962	412.342
18	28	48	38	2.546	-8.34	0.0203917	173.71	442.265
19	29	49	39	2.663	-6.98	0.0203846	175.075	466.224
20	30	50	40	2.752	-6.66	0.0203694	176.717	486.325
1	12	34	23	2.269	-7.22	0.0204472	213.692	484.867
2	13	35	24	2.343	-7.82	0.0204308	217.109	508.685
3	14	36	25	2.387	-9.17	0.020401	214.653	512.377
4	15	37	26	2.412	-8.53	0.0204102	211.559	510.28
5	16	38	27	2.496	-8.44	0.0203931	207.339	517.517
6	17	39	28	2.473	-9.09	0.0204018	207.001	511.914
7	18	40	29	2.406	-8.3	0.0204014	205.543	494.537
8	19	41	30	2.313	-7.48	0.0204241	201.878	466.943
9	20	42	31	2.209	-9.82	0.0204476	204.259	451.209
10	21	43	32	2.164	-7.83	0.02046	205.739	445.219
11	22	44	33	2.194	-7.93	0.0204541	202.234	443.701
12	23	45	34	2.136	-9.03	0.0204695	194.068	414.529
13	24	46	35	2.168	-7.67	0.0204647	186.496	404.323
14	25	47	36	2.101	-9.34	0.0204812	185.594	389.932
15	26	48	37	2.1	-8.94	0.0204735	188.783	396.445
16	27	49	38	2.147	-9.24	0.0204608	191.377	410.886
17	28	50	39	2.297	-7.6	0.0204352	191.099	438.954
1	13	37	25	2.285	-8.23	0.0204415	237.737	543.23
2	14	38	26	2.323	-9.05	0.0204264	231.108	536.864
3	15	39	27	2.39	-8.79	0.0204136	227.978	544.867
4	16	40	28	2.389	-9.45	0.0204105	225.972	539.848
5	17	41	29	2.285	-8.86	0.0204272	225.322	514.861
6	18	42	30	2.152	-8.66	0.0204507	221.427	476.51
7	19	43	31	2.119	-8.67	0.0204653	218.421	462.833
8	20	44	32	2.056	-7.8	0.0204883	217.429	447.033
9	21	45	33	1.993	-9.03	0.0205013	219.063	436.592
10	22	46	34	1.986	-8.91	0.0205061	217.198	431.355
11	23	47	35	1.958	-8.83	0.0205176	208.463	408.171
12	24	48	36	1.92	-9.92	0.0205288	203.133	390.015
13	25	49	37	1.892	-9.73	0.020526	203.533	385.084
14	26	50	38	1.913	-9.99	0.0205147	206.244	394.544
1	14	40	27	2.274	-8.97	0.0204363	248.951	566.115
2	15	41	28	2.255	-9.39	0.020438	247.587	558.308
3	16	42	29	2.186	-8.63	0.0204411	243.914	533.195
4	17	43	30	2.082	-8.57	0.020473	240.204	500.106
5	18	44	31	1.975	-8.83	0.020497	238.065	470.179
6	19	45	32	1.935	-9.04	0.0205152	232.022	448.962
7	20	46	33	1.905	-8.83	0.0205271	230.3	438.722
8	21	47	34	1.843	-8.3	0.0205485	234.131	431.504
9	22	48	35	1.843	-9.09	0.0205513	231.905	427.4
10	23	49	36	1.768	-9.3	0.0205814	224.553	397.011
11	24	50	37	1.778	-10.12	0.0205675	220.749	392.491
1	15	43	29	2.059	-8.77	0.0204737	266.703	549.142
2	16	44	30	1.988	-8.39	0.0204907	259.916	516.714
3	17	45	31	1.913	-7.9	0.0205184	256.644	490.959
4	18	46	32	1.854	-7.7	0.0205336	250.148	463.774
5	19	47	33	1.809	-8.62	0.020554	244.885	442.998
6	20	48	34	1.742	-9.46	0.0205828	246.276	429.013
7	21	49	35	1.73	-8.69	0.0205931	248.223	429.427
8	22	50	36	1.71	-9.12	0.0206075	246.983	422.342
1	16	46	31	1.828	-8.37	0.0205376	276.929	506.226
2	17	47	32	1.793	-8.38	0.0205568	269.624	483.436
3	18	48	33	1.736	-8.25	0.0205747	263.331	457.143
4	19	49	34	1.696	-8.08	0.0205942	259.391	439.927
5	20	50	35	1.658	-9.66	0.0206169	259.268	429.866
1	17	49	33	1.681	-8.05	0.0205977	283.287	476.205
2	18	50	34	1.639	-8.1	0.0206083	277.611	455.004
1	4	2	3	220.366	-6.05	0.0200035	6.22047	1370.78
2	5	3	4	195.913	-5.53	0.0200038	6.36444	1246.88
3	6	4	5	181.814	-6.99	0.020004	6.22273	1131.38
4	7	5	6	153.3	-4.62	0.0200049	6.2405	956.669
5	8	6	7	108.011	-11.39	0.0200072	6.47375	699.236
6	9	7	8	169.54	-7.77	0.0200047	6.16209	1044.72
7	10	8	9	169.064	-4.57	0.0200048	6.31557	1067.74
8	11	9	10	199.416	-7.5	0.0200039	6.36299	1268.88
9	12	10	11	191.829	-5.38	0.0200041	6.26265	1201.36
10	13	11	12	205.054	-6.04	0.0200036	6.36241	1304.64
11	14	12	13	186.076	-5.54	0.0200042	6.41176	1193.07
12	15	13	14	203.634	-5.63	0.0200035	6.13026	1248.33
13	16	14	15	187.504	-5.74	0.0200042	6.56574	1231.1
14	17	15	16	205.73	-7.06	0.0200033	6.12866	1260.85
15	18	16	17	203.847	-6.02	0.0200039	6.39002	1302.59
16	19	17	18	199.65	-6.55	0.0200035	6.36016	1269.8
17	20	18	19	205.59	-5.91	0.0200036	6.037	1241.15
18	21	19	20	189.033	-6.46	0.0200039	6.27517	1186.21
19	22	20	21	163.844	-6.55	0.0200046	6.49955	1064.91
20	23	21	22	179.003	-7.08	0.020004	6.36039	1138.53
21	24	22	23	129.536	-7.09	0.0200056	6.15538	797.344
22	25	23	24	163.616	-7.45	0.0200042	6.42789	1051.71
23	26	24	25	148.901	-6.93	0.0200046	6.40438	953.618
24	27	25	26	177.937	-8.04	0.0200036	6.40509	1139.7
25	28	26	27	171.787	-7.05	0.020004	6.41941	1102.77
26	29	27	28	200.553	-8.78	0.0200034	6.2526	1253.98
27	30	28	29	188.36	-7.95	0.0200039	6.3265	1191.66
28	31	29	30	182.259	-8.63	0.0200039	6.53592	1191.23
29	32	30	31	165.814	-7.29	0.0200044	6.06013	1004.85
30	33	31	32	147.056	-7.58	0.0200049	6.47702	952.485
31	34	32	33	136.903	-6.22	0.0200052	6.35732	870.336
32	35	33	34	144.947	-7.75	0.0200048	6.12946	888.447
33	36	34	35	119.85	-7.36	0.0200057	6.52476	781.992
34	37	35	36	128.497	-7.63	0.0200058	6.37449	819.102
35	38	36	37	118.61	-7.8	0.0200058	6.31329	748.819
36	39	37	38	103.533	-8.13	0.0200069	6.46837	669.69
37	40	38	39	99.762	-7.8	0.0200071	6.36957	635.441
38	41	39	40	94.517	-8.37	0.0200071	6.41207	606.05
39	42	40	41	87.029	-7.33	0.0200077	6.44217	560.655
40	43	41	42	79.243	-8.15	0.020009	6.30319	499.484
41	44	42	43	79.558	-7.12	0.0200087	6.37092	506.857
42	45	43	44	75.936	-7.38	0.0200102	6.43922	488.969
43	46	44	45	73.886	-7.12	0.0200103	6.46334	477.55
44	47	45	46	74.26	-6.53	0.0200108	6.12783	455.053
45	48	46	47	72.965	-4.14	0.0200105	6.54819	477.788
46	49	47	48	78.847	-7.48	0.0200108	6.42162	506.326
47	50	48	49	80.542	-4.38	0.0200097	6.37116	513.146
1	7	3	5	93.148	-6.18	0.0200085	11.5819	1078.83
2	8	4	6	88.465	-4.2	0.0200087	12.0774	1068.42
3	9	5	7	65.788	-7.75	0.020012	13.0035	855.478
4	10	6	8	72.562	-10.16	0.0200112	12.9783	941.729
5	11	7	9	97.844	-6.32	0.0200084	12.3107	1204.53
6	12	8	10	98.656	-5.25	0.0200082	12.2425	1207.8
7	13	9	11	79.145	-7.42	0.0200096	12.4866	988.25
8	14	10	12	83.797	-7.79	0.0200092	12.7568	1068.99
9	15	11	13	86.447	-7.1	0.0200093	12.7349	1100.9
10	16	12	14	83.449	-7.05	0.0200096	12.3809	1033.18
11	17	13	15	76.379	-7	0.0200099	12.4908	954.035
12	18	14	16	77.719	-7.19	0.0200096	12.6053	979.675
13	19	15	17	68.181	-7.22	0.0200118	12.7217	867.379
14	20	16	18	66.426	-7.27	0.0200116	12.3311	819.104
15	21	17	19	64.439	-6.67	0.0200118	11.7593	757.76
16	22	18	20	61.221	-6.9	0.0200122	12.1087	741.309
17	23	19	21	56.945	-6.99	0.0200143	14.1624	806.479
18	24	20	22	58.201	-7.06	0.0200129	13.9538	812.125
19	25	21	23	55.672	-6.46	0.0200137	11.8575	660.132
20	26	22	24	54.406	-7.41	0.0200143	11.2	609.349
21	27	23	25	60.634	-7.67	0.0200126	12.4212	753.149
22	28	24	26	61.616	-8.09	0.0200118	13.5989	837.907
23	29	25	27	57.756	-7.7	0.0200118	13.5135	780.488
24	30	26	28	64.124	-7.82	0.0200117	12.4098	795.766
25	31	27	29	71.245	-8.12	0.0200109	12.1384	864.803
26	32	28	30	71.076	-8.04	0.0200107	12.557	892.502
27	33	29	31	63.964	-7.73	0.0200112	12.5457	802.474
28	34	30	32	58.516	-8.06	0.0200132	12.7424	745.632
29	35	31	33	60.916	-7.84	0.020013	12.9199	787.031
30	36	32	34	59.373	-7.78	0.0200124	12.5295	743.912
31	37	33	35	51.62	-7.82	0.0200148	12.4947	644.975
32	38	34	36	45.026	-7.45	0.0200181	12.9045	581.037
33	39	35	37	45.307	-7.18	0.0200179	12.547	568.468
34	40	36	38	40.877	-7.97	0.0200177	12.2802	501.977
35	41	37	39	36.643	-7.81	0.0200211	12.5535	459.997
36	42	38	40	34.925	-7.17	0.0200223	12.9058	450.736
37	43	39	41	31.447	-6.68	0.0200259	12.9418	406.981
38	44	40	42	27.791	-6.57	0.0200286	12.5819	349.664
39	45	41	43	27.076	-6.63	0.0200293	12.4052	335.884
40	46	42	44	26.868	-6.34	0.0200307	12.9353	347.545
41	47	43	45	26.55	-6.05	0.0200358	12.8271	340.561
42	48	44	46	28.56	-4.81	0.0200332	12.1253	346.299
43	49	45	47	29.073	-4.99	0.0200304	12.4949	363.263
44	50	46	48	27.936	-6.19	0.0200339	13.3814	373.824
1	10	4	7	40.111	-7.36	0.0200202	18.2539	732.181
2	11	5	8	41.647	-8.44	0.0200204	19.2813	803.006
3	12	6	9	44.341	-8.34	0.02002	19.3421	857.649
4	13	7	10	51.478	-7.43	0.0200164	18.8392	969.806
5	14	8	11	53.881	-6.13	0.0200151	18.6299	1003.8
6	15	9	12	49.436	-7.01	0.0200158	18.8111	929.944
7	16	10	13	39.31	-7.66	0.0200205	19.1915	754.418
8	17	11	14	42.307	-7.87	0.0200188	18.9689	802.518
9	18	12	15	41.964	-6.54	0.0200202	18.898	793.037
10	19	13	16	38.738	-7.09	0.0200213	18.6667	723.109
11	20	14	17	34.621	-7.37	0.0200249	18.574	643.049
12	21	15	18	32.835	-7.28	0.0200251	17.8522	586.178
13	22	16	19	28.199	-6.7	0.0200309	17.7061	499.294
14	23	17	20	27.154	-6.99	0.0200297	18.9474	514.498
15	24	18	21	26.192	-6.69	0.0200319	20.888	547.099
16	25	19	22	26.662	-6.9	0.0200309	21.3644	569.617
17	26	20	23	26.117	-6.75	0.0200332	19.3893	506.391
18	27	21	24	28.981	-6.88	0.0200288	17.3717	503.449
19	28	22	25	27.968	-6.63	0.0200308	17.0003	475.465
20	29	23	26	28.46	-7.32	0.0200277	18.6486	530.74
21	30	24	27	26.737	-6.56	0.0200294	20.0685	536.57
22	31	25	28	29.517	-7.08	0.0200274	19.9288	588.238
23	32	26	29	31.513	-6.88	0.0200277	18.6182	586.716
24	33	27	30	34.541	-7.07	0.0200249	18.0841	624.642
25	34	28	31	33.327	-6.89	0.0200262	18.3878	612.812
26	35	29	32	31.929	-7.34	0.0200254	19.2589	614.918
27	36	30	33	29.037	-6.9	0.0200276	19.5854	568.701
28	37	31	34	29.069	-7.33	0.0200283	19.6619	571.552
29	38	32	35	28.839	-7.08	0.0200289	19.4398	560.625
30	39	33	36	27.3	-6.71	0.0200313	19.0925	521.224
31	40	34	37	24.283	-6.23	0.0200366	18.5886	451.386
32	41	35	38	23.476	-6.31	0.0200391	18.3159	429.984
33	42	36	39	22.181	-6.02	0.0200404	18.4331	408.865
34	43	37	40	21.688	-6.4	0.0200419	18.7986	407.704
35	44	38	41	20.794	-5.8	0.0200429	19.1938	399.116
36	45	39	42	19.2	-5.55	0.0200477	19.218	368.985
37	46	40	43	17.585	-5.36	0.0200519	19.2438	338.402
38	47	41	44	17.114	-5.87	0.020056	19.0855	326.63
39	48	42	45	18.008	-5.17	0.0200541	18.9906	341.983
40	49	43	46	19.328	-5.49	0.0200525	18.8276	363.899
41	50	44	47	19.911	-4.65	0.0200503	19.2942	384.167
1	13	5	9	25.172	-7.32	0.0200362	24.9143	627.143
2	14	6	10	24.892	-9.19	0.0200369	25.7565	641.13
3	15	7	11	28.269	-7.98	0.0200312	25.4908	720.599
4	16	8	12	30.901	-6.75	0.0200277	25.6427	792.384
5	17	9	13	30.319	-6.96	0.0200269	25.4783	772.478
6	18	10	14	27.428	-6.61	0.0200295	25.063	687.427
7	19	11	15	23.636	-7.12	0.0200365	25.4787	602.215
8	20	12	16	23.729	-7.32	0.0200371	24.5772	583.193
9	21	13	17	22.809	-6.49	0.0200393	23.6952	540.465
10	22	14	18	20.55	-6.96	0.0200442	23.5874	484.721
11	23	15	19	19.104	-7.06	0.0200471	24.0175	458.83
12	24	16	20	17.649	-6.97	0.0200518	25.7448	454.371
13	25	17	21	16.347	-6.78	0.0200544	27.4209	448.249
14	26	18	22	16.865	-6.95	0.020053	27.4636	463.174
15	27	19	23	16.521	-6.88	0.0200564	26.5787	439.106
16	28	20	24	17.697	-6.95	0.0200516	25.0804	443.848
17	29	21	25	17.942	-6.83	0.0200496	23.913	429.046
18	30	22	26	17.329	-6.21	0.0200506	23.5045	407.31
19	31	23	27	17.801	-5.6	0.0200499	24.3777	433.948
20	32	24	28	18.919	-5.85	0.0200481	24.9148	471.364
21	33	25	29	20.394	-6.06	0.0200463	25.2433	514.813
22	34	26	30	21.365	-6.23	0.0200446	25.3017	540.571
23	35	27	31	22.027	-6.47	0.0200436	24.4728	539.063
24	36	28	32	21.208	-6.44	0.0200444	25.1005	532.332
25	37	29	33	19.984	-6.82	0.020045	26.157	522.721
26	38	30	34	19.034	-6.6	0.0200457	26.4266	503.003
27	39	31	35	17.792	-6.34	0.0200486	26.9916	480.235
28	40	32	36	18.076	-6.19	0.0200502	26.0094	470.147
29	41	33	37	18.303	-5.86	0.0200512	24.8582	454.98
30	42	34	38	17.855	-5.86	0.0200535	24.6532	440.183
31	43	35	39	17.924	-5.64	0.0200549	24.0582	431.218
32	44	36	40	17.007	-5.5	0.0200589	24.2718	412.791
33	45	37	41	16.662	-5.42	0.0200591	24.8858	414.647
34	46	38	42	16.393	-5.22	0.0200592	25.3397	415.393
35	47	39	43	15.764	-5.27	0.0200612	25.6482	404.318
36	48	40	44	15.282	-5.12	0.0200649	25.668	392.258
37	49	41	45	15.551	-5.41	0.020065	25.6413	398.748
38	50	42	46	16.311	-5.17	0.0200622	25.7013	419.214
1	16	6	11	15.423	-8.39	0.0200621	31.8257	490.847
2	17	7	12	17.714	-7.77	0.020052	32.2802	571.811
3	18	8	13	19.217	-6.67	0.0200471	32.3539	621.744
4	19	9	14	19.196	-7.19	0.0200455	31.9312	612.952
5	20	10	15	18.915	-6.69	0.0200457	31.0627	587.55
6	21	11	16	18.48	-6.32	0.0200473	29.8741	552.073
7	22	12	17	15.448	-6.38	0.0200601	29.5086	455.849
8	23	13	18	15.165	-6.91	0.0200607	29.8282	452.344
9	24	14	19	14.705	-6.49	0.020065	30.4956	448.438
10	25	15	20	13.981	-6.98	0.0200676	31.5327	440.858
11	26	16	21	12.952	-7.09	0.0200745	33.1552	429.426
12	27	17	22	13.205	-7.06	0.0200708	33.7221	445.3
13	28	18	23	12.866	-6.91	0.0200748	33.0233	424.878
14	29	19	24	12.927	-6.95	0.0200734	32.3921	418.732
15	30	20	25	13.092	-6.69	0.0200727	31.449	411.73
16	31	21	26	13.611	-5.89	0.0200682	30.2291	411.448
17	32	22	27	13.676	-5.79	0.0200693	29.4892	403.295
18	33	23	28	15.024	-5.89	0.0200638	29.5861	444.501
19	34	24	29	15.995	-5.63	0.0200621	30.0454	480.577
20	35	25	30	16.774	-6.18	0.0200589	30.7765	516.246
21	36	26	31	16.623	-6.01	0.0200595	31.2895	520.126
22	37	27	32	16.758	-5.9	0.020059	32.2879	541.08
23	38	28	33	16.092	-5.79	0.0200608	32.8967	529.374
24	39	29	34	15.403	-6.19	0.0200607	33.0411	508.933
25	40	30	35	14.348	-5.92	0.0200648	33.1642	475.84
26	41	31	36	14.069	-5.77	0.0200668	33.2699	468.074
27	42	32	37	14.008	-5.61	0.0200673	32.2554	451.834
28	43	33	38	14.459	-5.74	0.020067	31.0026	448.266
29	44	34	39	14.967	-5.63	0.0200667	30.3483	454.223
30	45	35	40	15.503	-5.79	0.0200649	30.0344	465.623
31	46	36	41	14.986	-5.35	0.0200669	30.2085	452.705
32	47	37	42	14.713	-5.29	0.0200694	30.7298	452.128
33	48	38	43	14.814	-5.27	0.0200675	31.2494	462.928
34	49	39	44	14.599	-5.66	0.0200687	31.9354	466.224
35	50	40	45	14.438	-5.16	0.0200701	32.6474	471.363
1	19	7	13	12.506	-7	0.0200785	38.2557	478.425
2	20	8	14	13.266	-6.84	0.0200713	37.8107	501.597
3	21	9	15	13.545	-7.11	0.0200681	37.0467	501.798
4	22	10	16	13.541	-6.67	0.0200673	35.9969	487.435
5	23	11	17	14.108	-6.24	0.0200654	36.0252	508.244
6	24	12	18	13.022	-5.94	0.0200715	36.0997	470.091
7	25	13	19	11.524	-6.5	0.0200821	36.2839	418.135
8	26	14	20	11.332	-7.08	0.0200867	37.3334	423.062
9	27	15	21	11.311	-6.75	0.020087	38.6372	437.025
10	28	16	22	11.163	-6.44	0.0200886	39.6939	443.103
11	29	17	23	10.648	-6.3	0.0200901	39.0496	415.8
12	30	18	24	10.916	-6.57	0.0200896	38.3956	419.126
13	31	19	25	10.881	-6.34	0.020091	38.5339	419.288
14	32	20	26	11.289	-6.41	0.0200861	37.4793	423.104
15	33	21	27	11.749	-5.73	0.0200827	35.9694	422.605
16	34	22	28	12.582	-5.67	0.0200782	34.8899	438.985
17	35	23	29	13.833	-5.82	0.0200735	35.3395	488.851
18	36	24	30	14.144	-5.68	0.0200703	36.3515	514.155
19	37	25	31	14.308	-5.75	0.0200695	36.8851	527.752
20	38	26	32	14.117	-6.06	0.0200707	38.132	538.309
21	39	27	33	13.961	-5.82	0.0200715	39.6182	553.109
22	40	28	34	13.645	-5.77	0.020072	40.3656	550.789
23	41	29	35	12.914	-5.6	0.0200741	40.3917	521.619
24	42	30	36	12.674	-6.15	0.020077	39.6893	503.023
25	43	31	37	12.38	-5.63	0.0200788	39.1094	484.174
26	44	32	38	12.451	-5.43	0.0200785	38.0376	473.606
27	45	33	39	12.716	-5.81	0.0200769	37.084	471.561
28	46	34	40	13.186	-5.63	0.0200759	36.7365	484.408
29	47	35	41	13.827	-5.61	0.0200747	36.0707	498.749
30	48	36	42	13.843	-5.68	0.0200737	35.9439	497.572
31	49	37	43	13.946	-5.65	0.0200727	36.554	509.781
32	50	38	44	13.843	-5.72	0.0200735	37.9189	524.912
1	22	8	15	10.358	-6.23	0.0200949	42.2544	437.671
2	23	9	16	10.527	-6.85	0.0200906	42.7553	450.085
3	24	10	17	10.554	-6.76	0.0200907	43.0299	454.137
4	25	11	18	10.814	-6.68	0.0200882	42.7962	462.799
5	26	12	19	10.735	-6.15	0.02009	41.9883	450.745
6	27	13	20	10.287	-5.91	0.0200939	42.5658	437.874
7	28	14	21	9.391	-7.83	0.0201062	44.6774	419.566
8	29	15	22	9.497	-8.12	0.0201036	45.2912	430.131
9	30	16	23	9.301	-7.36	0.020108	44.6343	415.144
10	31	17	24	9.436	-7.6	0.020105	44.1302	416.412
11	32	18	25	9.642	-7.49	0.0201039	43.8439	422.743
12	33	19	26	9.944	-7.22	0.0201001	44.1165	438.695
13	34	20	27	10.259	-6.76	0.0200971	43.4352	445.602
14	35	21	28	11.197	-6.7	0.0200892	41.4434	464.041
15	36	22	29	11.874	-6.4	0.0200858	40.9126	485.796
16	37	23	30	12.627	-6.62	0.0200797	42.1424	532.132
17	38	24	31	12.802	-6.76	0.0200782	43.3125	554.487
18	39	25	32	12.579	-7.28	0.0200788	44.4798	559.511
19	40	26	33	12.419	-7.09	0.0200806	44.9172	557.826
20	41	27	34	12.535	-7.15	0.0200795	45.585	571.408
21	42	28	35	12.239	-6.85	0.0200807	47.3351	579.335
22	43	29	36	12.049	-6.75	0.0200817	47.6715	574.394
23	44	30	37	11.636	-6.6	0.0200845	46.0702	536.073
24	45	31	38	11.537	-6.81	0.0200858	45.0324	519.539
25	46	32	39	11.667	-6.71	0.0200854	44.0936	514.439
26	47	33	40	11.895	-5.53	0.0200839	43.3088	515.158
27	48	34	41	12.074	-7.12	0.0200835	42.9308	518.347
28	49	35	42	12.566	-7.71	0.0200815	42.2752	531.23
29	50	36	43	12.783	-7.06	0.0200797	42.5304	543.666
1	25	9	17	8.713	-7.54	0.020113	48.6803	424.151
2	26	10	18	8.59	-7.56	0.020114	48.7379	418.659
3	27	11	19	8.954	-7.65	0.0201104	48.5678	434.876
4	28	12	20	8.805	-7.87	0.0201135	49.1329	432.615
5	29	13	21	8.655	-7.26	0.0201135	50.0937	433.561
6	30	14	22	8.52	-7.39	0.020117	50.6271	431.343
7	31	15	23	8.086	-7.12	0.0201239	50.0054	404.344
8	32	16	24	8.333	-7.51	0.0201222	49.3908	411.574
9	33	17	25	8.616	-6.75	0.020117	49.1688	423.639
10	34	18	26	8.946	-6.88	0.0201128	49.6388	444.069
11	35	19	27	9.202	-6.48	0.0201098	49.8429	458.655
12	36	20	28	9.922	-6.66	0.0201016	48.9863	486.042
13	37	21	29	10.757	-6.45	0.0200956	48.0007	516.344
14	38	22	30	11.28	-6.62	0.0200898	48.0048	541.495
15	39	23	31	11.601	-6.7	0.0200869	49.3035	571.97
16	40	24	32	11.565	-6.8	0.020086	50.8299	587.848
17	41	25	33	11.566	-6.47	0.0200864	51.8035	599.16
18	42	26	34	11.63	-7.24	0.0200854	51.883	603.399
19	43	27	35	11.784	-6.69	0.0200845	52.1588	614.639
20	44	28	36	11.713	-7.08	0.0200856	52.9642	620.369
21	45	29	37	11.357	-6.71	0.0200865	53.4691	607.248
22	46	30	38	11.111	-6.59	0.0200893	53.0617	589.569
23	47	31	39	10.998	-7.66	0.020091	51.7789	569.464
24	48	32	40	11.217	-7.07	0.0200898	50.2232	563.354
25	49	33	41	11.329	-7.64	0.020089	49.5448	561.293
26	50	34	42	11.345	-7.11	0.0200895	49.6658	563.458
1	28	10	19	7.477	-7.8	0.0201338	54.1066	404.555
2	29	11	20	7.459	-7.37	0.0201348	55.4458	413.57
3	30	12	21	7.324	-7.23	0.0201392	56.425	413.256
4	31	13	22	7.423	-7.37	0.0201361	56.4461	418.999
5	32	14	23	7.522	-6.83	0.0201356	55.1501	414.839
6	33	15	24	7.731	-6.99	0.0201313	54.1025	418.266
7	34	16	25	7.654	-6.66	0.020134	54.6529	418.313
8	35	17	26	7.982	-6.8	0.0201268	55.0805	439.652
9	36	18	27	8.32	-6.07	0.0201223	55.5206	461.931
10	37	19	28	8.949	-6.41	0.0201141	55.9118	500.355
11	38	20	29	9.692	-6.44	0.0201062	55.5331	538.226
12	39	21	30	10.31	-6.73	0.0200988	55.1264	568.353
13	40	22	31	10.58	-6.62	0.0200961	55.0862	582.812
14	41	23	32	10.846	-6.4	0.0200925	56.7367	615.367
15	42	24	33	10.931	-6.31	0.0200915	58.5322	639.816
16	43	25	34	11.099	-7.04	0.0200896	58.8433	653.102
17	44	26	35	11.177	-6.73	0.0200889	58.9174	658.52
18	45	27	36	11.414	-7.03	0.0200877	58.7149	670.172
19	46	28	37	11.278	-6.61	0.0200883	58.7802	662.923
20	47	29	38	10.923	-8.36	0.0200908	58.9514	643.926
21	48	30	39	10.7	-7.31	0.0200932	58.933	630.584
22	49	31	40	10.674	-7.2	0.0200939	59.0163	629.939
23	50	32	41	10.64	-6.76	0.0200951	57.8991	616.047
1	31	11	21	6.447	-7.11	0.0201594	61.8164	398.53
2	32	12	22	6.529	-7.16	0.0201588	62.0163	404.904
3	33	13	23	6.614	-6.62	0.0201563	60.6959	401.443
4	34	14	24	6.867	-6.72	0.0201517	60.0513	412.372
5	35	15	25	7.182	-6.81	0.0201437	59.5866	427.951
6	36	16	26	7.346	-6.4	0.0201391	60.4268	443.895
7	37	17	27	7.467	-6	0.0201358	61.4822	459.088
8	38	18	28	8.112	-6.45	0.020126	61.9011	502.141
9	39	19	29	8.775	-6.39	0.0201184	62.5071	548.5
10	40	20	30	9.383	-6.37	0.0201091	62.566	587.057
11	41	21	31	9.877	-5.77	0.0201029	61.7743	610.144
12	42	22	32	10.174	-6.59	0.0200995	62.6164	637.06
13	43	23	33	10.466	-6.22	0.0200971	64.4896	674.948
14	44	24	34	10.656	-6.9	0.0200935	65.414	697.052
15	45	25	35	10.751	-6.59	0.0200919	66.1485	711.163
16	46	26	36	10.929	-6.97	0.0200916	65.8854	720.061
17	47	27	37	11.042	-7.73	0.0200906	65.1271	719.133
18	48	28	38	10.875	-7.56	0.0200916	64.8871	705.647
19	49	29	39	10.63	-7.51	0.020093	64.8831	689.707
20	50	30	40	10.321	-7.51	0.0200971	65.4241	675.242
1	34	12	23	5.956	-6.66	0.020177	65.807	391.946
2	35	13	24	6.174	-6.87	0.020171	65.2842	403.065
3	36	14	25	6.379	-6.44	0.0201651	65.7637	419.507
4	37	15	26	6.672	-6.63	0.0201549	66.4294	443.217
5	38	16	27	6.979	-6.02	0.0201469	67.2219	469.141
6	39	17	28	7.478	-6.43	0.0201362	67.6037	505.541
7	40	18	29	8.007	-5.66	0.0201298	68.3585	547.347
8	41	19	30	8.628	-5.98	0.0201193	69.463	599.327
9	42	20	31	9.202	-6.18	0.0201109	69.4117	638.726
10	43	21	32	9.636	-6.24	0.0201056	69.3217	667.984
11	44	22	33	9.894	-6.34	0.0201024	69.7737	690.341
12	45	23	34	10.294	-7.07	0.0200976	71.3648	734.629
13	46	24	35	10.408	-6.83	0.0200959	73.1446	761.289
14	47	25	36	10.543	-8.04	0.0200952	73.0836	770.52
15	48	26	37	10.583	-7.4	0.0200942	72.2585	764.712
16	49	27	38	10.664	-7.76	0.0200935	71.6942	764.547
17	50	28	39	10.501	-7.39	0.0200952	72.1634	757.788
1	37	13	25	5.84	-6.57	0.0201819	70.8335	413.667
2	38	14	26	6.079	-6.33	0.0201728	72.4737	440.567
3	39	15	27	6.353	-6.38	0.0201631	73.3444	465.957
4	40	16	28	6.846	-6.11	0.0201511	73.7989	505.228
5	41	17	29	7.535	-5.02	0.0201376	74.0661	558.088
6	42	18	30	8.174	-5.7	0.0201256	75.1726	614.461
7	43	19	31	8.583	-5.62	0.0201196	76.3316	655.154
8	44	20	32	9.011	-6.46	0.0201132	76.817	692.198
9	45	21	33	9.436	-6.21	0.0201076	76.5473	722.3
10	46	22	34	9.767	-6.02	0.0201033	76.978	751.844
11	47	23	35	10.009	-7.57	0.0201002	78.6061	786.768
12	48	24	36	10.231	-7.4	0.0200983	79.7662	816.088
13	49	25	37	10.229	-7.43	0.0200974	79.9184	817.485
14	50	26	38	10.147	-7.41	0.0200984	79.553	807.224
1	40	14	27	5.896	-5.21	0.0201778	78.5812	463.315
2	41	15	28	6.41	-5.49	0.0201625	79.3862	508.866
3	42	16	29	7.027	-5.54	0.0201494	80.5104	565.747
4	43	17	30	7.629	-6.17	0.0201356	81.4727	621.555
5	44	18	31	8.197	-5.38	0.0201253	81.9555	671.789
6	45	19	32	8.593	-6.27	0.0201185	83.5033	717.544
7	46	20	33	8.866	-5.62	0.0201146	84.4397	748.643
8	47	21	34	9.247	-7.15	0.0201093	83.6869	773.853
9	48	22	35	9.521	-6.6	0.0201055	83.9536	799.322
10	49	23	36	9.823	-7.2	0.0201028	85.6294	841.138
11	50	24	37	9.809	-7.19	0.0201016	86.9052	852.453
1	43	15	29	6.69	-5.93	0.0201573	85.4045	571.356
2	44	16	30	7.228	-5.71	0.0201442	87.2706	630.792
3	45	17	31	7.715	-5.73	0.0201334	88.3975	681.987
4	46	18	32	8.098	-5.81	0.0201265	90.0988	729.62
5	47	19	33	8.445	-6.44	0.020121	91.1891	770.092
6	48	20	34	8.827	-6.5	0.0201145	91.0288	803.512
7	49	21	35	9.019	-6.76	0.020111	91.066	821.324
8	50	22	36	9.222	-7.09	0.0201096	91.6434	845.135
1	46	16	31	7.363	-5.73	0.0201408	93.836	690.914
2	47	17	32	7.668	-6.68	0.0201346	95.9855	736.017
3	48	18	33	7.989	-6.3	0.0201282	97.6183	779.873
4	49	19	34	8.29	-7.13	0.0201221	98.8503	819.469
5	50	20	35	8.547	-6.5	0.0201176	99.2567	848.347
1	49	17	33	7.595	-6.87	0.0201348	103.16	783.499
2	50	18	34	7.828	-6.49	0.0201299	105.482	825.71
