50# Number of sensors
#x	y	z
0	0	541.493
0.9871	0	541.333
1.9648	0	541.123
2.9476	0	540.938
3.9377	0	540.798
4.9359	0	540.738
5.9274	0	540.608
6.912	0	540.433
7.8999	0	540.278
8.8862	0	540.113
9.8708	0	539.938
10.8571	0	539.773
11.8302	0	539.543
12.8139	0	539.363
13.8026	0	539.213
14.7853	0	539.028
15.7829	0	538.958
16.7692	0	538.793
17.7689	0	538.768
18.7664	0	538.698
19.7531	0	538.535
20.6841	0	538.17
21.6596	0	537.95
22.6498	0	537.81
23.6483	0	537.755
24.6377	0	537.61
25.6248	0	537.45
26.6056	0	537.255
27.6024	0	537.175
28.5911	0	537.025
29.5826	0	536.895
30.5741	0	536.765
31.5384	0	536.5
32.5092	0	536.26
33.472	0	535.99
34.4194	0	535.67
35.3794	0	535.39
36.349	0	535.145
37.3233	0	534.92
38.301	0	534.71
39.2742	0	534.48
40.2508	0	534.265
41.2326	0	534.075
42.2103	0	533.865
43.1835	0	533.635
44.1623	0	533.43
45.1538	0	533.3
46.1194	0	533.04
47.1012	0	532.85
48.0719	0	532.61
784# Number of data
#a	b	m	n	R	ip	err	k	rhoa
1	2	4	3	99.142	-8.03	0.0200101	19.4897	1932.25
2	3	5	4	107.94	-7.36	0.0200093	19.5546	2110.72
3	4	6	5	89.748	-6.67	0.0200111	19.7817	1775.37
4	5	7	6	57.551	-16.26	0.0200174	18.8222	1083.23
5	6	8	7	45.014	-12.72	0.0200222	17.7253	797.884
6	7	9	8	35.314	-9.13	0.0200283	19.572	691.164
7	8	10	9	90.578	-9.94	0.020011	19.2949	1747.69
8	9	11	10	85.407	-6.93	0.0200117	18.988	1621.71
9	10	12	11	87.789	-9.32	0.0200114	19.1462	1680.82
10	11	13	12	84.407	-8.07	0.0200118	18.7237	1580.41
11	12	14	13	106.34	-7.01	0.0200094	18.8301	2002.39
12	13	15	14	82.839	-6.23	0.0200121	20.0586	1661.63
13	14	16	15	107.66	-8.24	0.0200093	18.2025	1959.68
14	15	17	16	85.581	-8.75	0.0200117	19.6545	1682.05
15	16	18	17	119.08	-8.99	0.0200084	18.3828	2189.02
16	17	19	18	110.33	-8.42	0.0200091	18.8286	2077.36
17	18	20	19	103.467	-7.94	0.0200097	20.2701	2097.29
18	19	21	20	93.817	-8.38	0.0200107	18.3173	1718.48
19	20	22	21	104.576	-9.24	0.0200096	17.2824	1807.33
20	21	23	22	66.668	-9.07	0.020015	18.9626	1264.2
21	22	24	23	87.573	-9.32	0.0200114	21.2428	1860.29
22	23	25	24	66.643	-8.7	0.020015	19.6516	1309.64
23	24	26	25	97.118	-9.6	0.0200103	18.6559	1811.82
24	25	27	26	88.533	-8.79	0.0200113	18.4255	1631.26
25	26	28	27	117.97	-11.2	0.0200085	18.8423	2222.83
26	27	29	28	93.582	-10.01	0.0200107	19.9828	1870.03
27	28	30	29	102.484	-11.86	0.0200098	19.3933	1987.51
28	29	31	30	91.368	-10.51	0.0200109	18.3405	1675.74
29	30	32	31	84.154	-9.37	0.0200119	19.9388	1677.93
30	31	33	32	76.838	-7.88	0.020013	18.0592	1387.63
31	32	34	33	68.154	-8.01	0.0200147	18.8302	1283.35
32	33	35	34	58.419	-7.56	0.0200171	20.0747	1172.75
33	34	36	35	82.947	-9.39	0.0200121	18.3368	1520.98
34	35	37	36	74.703	-10.24	0.0200134	19.1405	1429.86
35	36	38	37	47.648	-10.02	0.020021	19.8855	947.505
36	37	39	38	53.349	-10.99	0.0200187	19.2432	1026.6
37	38	40	39	61.129	-9.6	0.0200164	19.4282	1187.63
38	39	41	40	54.267	-8.12	0.0200184	19.0734	1035.05
39	40	42	41	49.226	-9.69	0.0200203	18.9059	930.664
40	41	43	42	49.759	-7.34	0.0200201	19.6492	977.725
41	42	44	43	38.198	-7.72	0.0200262	19.3419	738.821
42	43	45	44	39.023	-7.63	0.0200256	18.8629	736.086
43	44	46	45	39.118	-8.31	0.0200256	18.9774	742.358
44	45	47	46	38.719	-7.42	0.0200258	20.4911	793.397
45	46	48	47	30.533	-3.46	0.0200328	18.4756	564.117
46	47	49	48	35.203	-9.85	0.0200284	18.8189	662.48
47	48	50	49	43.22	-7.26	0.0200231	19.4429	840.324
1	3	7	5	33.157	-7.29	0.0200302	41.2338	1367.19
2	4	8	6	29.403	-12.76	0.020034	39.6893	1166.99
3	5	9	7	43.179	-7.35	0.0200232	35.2313	1521.25
4	6	10	8	47.057	-3.83	0.0200213	35.295	1660.88
5	7	11	9	31.674	-8.55	0.0200316	38.1621	1208.75
6	8	12	10	41.025	-10.05	0.0200244	38.2234	1568.11
7	9	13	11	49.872	-7.63	0.0200201	37.8021	1885.26
8	10	14	12	46.538	-8.22	0.0200215	37.0855	1725.88
9	11	15	13	43.032	-8.94	0.0200232	36.7558	1581.68
10	12	16	14	41.037	-8.33	0.0200244	38.5365	1581.42
11	13	17	15	36.045	-7.99	0.0200277	38.0366	1371.03
12	14	18	16	36.589	-8.22	0.0200273	36.8378	1347.86
13	15	19	17	38.512	-8.07	0.020026	38.1369	1468.73
14	16	20	18	44.825	-8.2	0.0200223	38.0523	1705.69
15	17	21	19	32.318	-7.5	0.0200309	41.3243	1335.52
16	18	22	20	35.2	-7.61	0.0200284	38.4701	1354.15
17	19	23	21	32.489	-7.08	0.0200308	31.689	1029.55
18	20	24	22	24.34	-9.04	0.0200411	32.247	784.893
19	21	25	23	26.139	-9.27	0.0200383	41.8975	1095.16
20	22	26	24	29.403	-8.6	0.020034	45.4705	1336.97
21	23	27	25	27.482	-8.14	0.0200364	40.1251	1102.72
22	24	28	26	32.554	-9.4	0.0200307	35.2891	1148.8
23	25	29	27	39.181	-10.5	0.0200255	35.268	1381.84
24	26	30	28	41.167	-9.94	0.0200243	39.0676	1608.29
25	27	31	29	43.004	-9.2	0.0200233	41.0141	1763.77
26	28	32	30	37.794	-9.55	0.0200265	38.2639	1446.14
27	29	33	31	36.598	-10.29	0.0200273	37.9982	1390.66
28	30	34	32	35.357	-9.04	0.0200283	37.107	1311.99
29	31	35	33	29.096	-7.56	0.0200344	35.1079	1021.5
30	32	36	34	22.355	-7.29	0.0200447	37.7517	843.939
31	33	37	35	25.817	-8.27	0.0200387	37.741	974.358
32	34	38	36	30.021	-9.78	0.0200333	36.6457	1100.14
33	35	39	37	23.701	-10.06	0.0200422	39.1332	927.495
34	36	40	38	19.798	-10.13	0.0200505	40.1907	795.696
35	37	41	39	17.363	-9.82	0.0200576	38.9924	677.024
36	38	42	40	15.012	-8.86	0.0200666	37.6275	564.864
37	39	43	41	12.94	-7.2	0.0200773	36.8525	476.871
38	40	44	42	13.599	-7.22	0.0200735	38.3305	521.257
39	41	45	43	10.725	-6.8	0.0200932	38.8612	416.787
40	42	46	44	10.59	-6.58	0.0200944	36.9847	391.668
41	43	47	45	11.898	-5.6	0.020084	36.7617	437.391
42	44	48	46	9.687	-7.19	0.0201032	39.729	384.855
43	45	49	47	7.985	-5.78	0.0201252	38.079	304.061
44	46	50	48	9.22	-0.67	0.0201085	34.5299	318.366
1	4	10	7	26.932	-9.82	0.0200371	57.7962	1556.57
2	5	11	8	35.617	-5.37	0.0200281	53.8762	1918.91
3	6	12	9	32.919	-6.46	0.0200304	53.9967	1777.52
4	7	13	10	22.246	-8.25	0.020045	56.3676	1253.95
5	8	14	11	24.947	-9.32	0.0200401	56.9222	1420.04
6	9	15	12	24.368	-8.35	0.020041	56.1564	1368.42
7	10	16	13	24.193	-9.59	0.0200413	55.0871	1332.72
8	11	17	14	19.76	-10.17	0.0200506	56.3143	1112.77
9	12	18	15	19.104	-10.22	0.0200523	57.0185	1089.28
10	13	19	16	15.341	-8.06	0.0200652	58.2143	893.065
11	14	20	17	16.534	-7.67	0.0200605	58.0274	959.424
12	15	21	18	14.961	-7.24	0.0200668	60.4744	904.757
13	16	22	19	14.004	-6.64	0.0200714	61.0698	855.221
14	17	23	20	12.254	-6.49	0.0200816	56.9715	698.129
15	18	24	21	12.819	-6.79	0.020078	49.6	635.822
16	19	25	22	9.572	-7.29	0.0201045	46.861	448.553
17	20	26	23	10.096	-9.17	0.020099	54.564	550.878
18	21	27	24	9.546	-9.85	0.0201048	65.391	624.223
19	22	28	25	11.516	-9.64	0.0200868	67.141	773.195
20	23	29	26	10.804	-9.33	0.0200926	58.6019	633.135
21	24	30	27	14.566	-11.14	0.0200687	53.5354	779.796
22	25	31	28	15.486	-11.19	0.0200646	55.1082	853.406
23	26	32	29	17.978	-10.11	0.0200556	59.7876	1074.86
24	27	33	30	16.213	-8.78	0.0200617	60.6365	983.099
25	28	34	31	16.022	-11.06	0.0200624	58.768	941.582
26	29	35	32	15.991	-9.96	0.0200625	55.0542	880.372
27	30	36	33	15.492	-8.71	0.0200645	53.5402	829.445
28	31	37	34	12.674	-9.28	0.0200789	53.0561	672.433
29	32	38	35	11.912	-8.87	0.0200839	54.3529	647.452
30	33	39	36	11.22	-9.4	0.0200891	55.8306	626.42
31	34	40	37	10.933	-10.08	0.0200915	57.8556	632.535
32	35	41	38	10.357	-9.98	0.0200966	60.4598	626.183
33	36	42	39	8.134	-9.18	0.0201229	60.6308	493.171
34	37	43	40	6.302	-8.57	0.0201587	58.4853	368.574
35	38	44	41	5.313	-8.49	0.0201882	56.8277	301.926
36	39	45	42	5.142	-7.89	0.0201945	56.9204	292.685
37	40	46	43	4.659	-7.35	0.0202146	56.966	265.405
38	41	47	44	4.746	-5.86	0.0202107	56.6627	268.921
39	42	48	45	4.893	-7.16	0.0202044	56.0763	274.381
40	43	49	46	4.915	-6.15	0.0202035	57.6134	283.17
41	44	50	47	4.681	-6.22	0.0202136	56.3017	263.548
1	5	13	9	22.925	-8.88	0.0200436	73.8986	1694.13
2	6	14	10	20.027	-9.15	0.0200499	72.1833	1445.62
3	7	15	11	14.95	-9.67	0.0200669	74.3204	1111.09
4	8	16	12	14.315	-10.94	0.0200699	73.7078	1055.13
5	9	17	13	13.459	-10.55	0.0200743	73.5541	989.965
6	10	18	14	11.694	-12.56	0.0200855	75.4482	882.291
7	11	19	15	10.621	-12.13	0.0200942	75.1184	797.833
8	12	20	16	9.222	-11.34	0.0201084	78.7812	726.52
9	13	21	17	8.049	-9.97	0.0201242	81.5985	656.786
10	14	22	18	7.647	-8.87	0.0201308	80.8826	618.509
11	15	23	19	6.078	-7.38	0.0201645	81.7902	497.121
12	16	24	20	6.355	-7.16	0.0201574	75.0927	477.214
13	17	25	21	5.794	-7.31	0.0201726	68.3166	395.826
14	18	26	22	5.123	-7.03	0.0201952	65.6202	336.172
15	19	27	23	5.167	-6.69	0.0201935	69.1392	357.242
16	20	28	24	4.97	-8.25	0.0202012	77.1256	383.314
17	21	29	25	5.224	-8.86	0.0201914	85.0274	444.183
18	22	30	26	6.005	-8.64	0.0201665	84.7281	508.792
19	23	31	27	6.557	-9.77	0.0201525	78.125	512.266
20	24	32	28	7.542	-11.58	0.0201326	75.9829	573.063
21	25	33	29	8.498	-10.4	0.0201177	76.8966	653.467
22	26	34	30	8.487	-8.49	0.0201178	77.2532	655.648
23	27	35	31	8.361	-8.49	0.0201196	79.2451	662.568
24	28	36	32	8.787	-9.59	0.0201138	74.6808	656.22
25	29	37	33	8.923	-8.39	0.0201121	70.5189	629.241
26	30	38	34	8.541	-7.87	0.0201171	70.6124	603.1
27	31	39	35	8.286	-8.01	0.0201207	68.644	568.784
28	32	40	36	7.195	-8.92	0.020139	72.0684	518.532
29	33	41	37	6.379	-7.89	0.0201568	76.7449	489.556
30	34	42	38	6.309	-8.19	0.0201585	78.539	495.502
31	35	43	39	5.403	-8.72	0.0201851	81.7644	441.773
32	36	44	40	4.256	-6.97	0.020235	81.0234	344.835
33	37	45	41	3.572	-6.82	0.02028	78.2501	279.509
34	38	46	42	3.298	-6.95	0.0203032	77.2606	254.806
35	39	47	43	2.998	-6.58	0.0203336	75.9677	227.751
36	40	48	44	3.098	-6.5	0.0203228	75.1232	232.732
37	41	49	45	3.25	-5.96	0.0203077	74.9336	243.534
38	42	50	46	3.36	-7.55	0.0202976	75.6545	254.199
1	6	16	11	12.73	-9.24	0.0200786	90.9501	1157.79
2	7	17	12	9.005	-10.18	0.020111	91.3193	822.331
3	8	18	13	8.566	-11.83	0.0201167	90.9858	779.384
4	9	19	14	7.565	-11.51	0.0201322	92.9138	702.893
5	10	20	15	6.839	-11.91	0.0201462	95.1741	650.896
6	11	21	16	5.569	-12.32	0.0201796	99.3029	553.018
7	12	22	17	5.42	-10.94	0.0201845	102.106	553.412
8	13	23	18	4.523	-9.62	0.0202211	102.067	461.65
9	14	24	19	3.935	-7.91	0.0202541	100.554	395.679
10	15	25	20	3.67	-7.19	0.0202725	96.4365	353.922
11	16	26	21	3.887	-8.09	0.0202573	87.8534	341.486
12	17	27	22	3.324	-6.43	0.0203008	84.6929	281.519
13	18	28	23	3.598	-4	0.0202779	87.7199	315.616
14	19	29	24	3.595	-7.05	0.0202782	91.2105	327.902
15	20	30	25	3.767	-8.67	0.0202655	96.862	364.879
16	21	31	26	3.835	-7.51	0.0202608	102.703	393.866
17	22	32	27	4.611	-9.75	0.0202169	103.597	477.684
18	23	33	28	4.671	-11.56	0.0202141	100.241	468.224
19	24	34	29	5.29	-9.97	0.020189	97.8299	517.52
20	25	35	30	5.329	-8.41	0.0201877	95.8382	510.722
21	26	36	31	5.595	-9.45	0.0201787	95.9768	536.99
22	27	37	32	5.671	-8.5	0.0201763	92.2896	523.375
23	28	38	33	6.076	-8.52	0.0201646	87.7721	533.303
24	29	39	34	6.128	-7.74	0.0201632	86.655	531.022
25	30	40	35	6.422	-8.76	0.0201557	86.3045	554.247
26	31	41	36	5.881	-7.51	0.02017	86.2267	507.099
27	32	42	37	5.229	-7.27	0.0201912	91.522	478.569
28	33	43	38	4.817	-8.34	0.0202076	96.7846	466.212
29	34	44	39	4.29	-7.54	0.0202331	99.467	426.713
30	35	45	40	3.555	-6.4	0.0202813	101.543	360.984
31	36	46	41	3.06	-6.82	0.0203268	100.96	308.939
32	37	47	42	2.829	-6.24	0.0203535	99.18	280.58
33	38	48	43	2.554	-6.73	0.0203915	97.0582	247.887
34	39	49	44	2.581	-4.15	0.0203874	94.2798	243.336
35	40	50	45	2.747	-5.87	0.020364	92.6496	254.508
1	7	19	13	5.689	-11.01	0.0201758	109.803	624.668
2	8	20	14	5.103	-12.13	0.020196	112.174	572.424
3	9	21	15	4.753	-10.14	0.0202104	114.14	542.507
4	10	22	16	4.117	-10.81	0.0202429	118.388	487.401
5	11	23	17	3.663	-10.16	0.020273	119.94	439.339
6	12	24	18	3.342	-10.71	0.0202992	121.523	406.129
7	13	25	19	2.894	-8.8	0.0203455	122.506	354.532
8	14	26	20	2.915	-8.6	0.0203431	116.378	339.241
9	15	27	21	2.825	-7.03	0.020354	109.3	308.772
10	16	28	22	2.828	-5.42	0.0203536	103.913	293.865
11	17	29	23	2.933	-6.34	0.0203409	107.319	314.768
12	18	30	24	3.092	-5.8	0.0203234	110.583	341.921
13	19	31	25	3.25	-7.65	0.0203077	111.06	360.945
14	20	32	26	3.243	-12.03	0.0203084	114.94	372.751
15	21	33	27	3.503	-9.92	0.0202855	121.677	426.234
16	22	34	28	3.817	-9.49	0.020262	125.192	477.859
17	23	35	29	3.927	-8.54	0.0202546	120.756	474.207
18	24	36	30	4.056	-9.72	0.0202465	114.963	466.291
19	25	37	31	4.155	-9.17	0.0202407	113.869	473.125
20	26	38	32	4.362	-10.34	0.0202293	110.363	481.403
21	27	39	33	4.551	-9.98	0.0202197	105.86	481.77
22	28	40	34	4.767	-9.36	0.0202098	102.687	489.507
23	29	41	35	4.976	-6.5	0.020201	100.997	502.561
24	30	42	36	4.907	-6.93	0.0202038	103.048	505.655
25	31	43	37	4.656	-6.93	0.0202148	105.801	492.611
26	32	44	38	4.296	-6.07	0.0202328	111.604	479.452
27	33	45	39	3.76	-7.04	0.020266	116.483	437.977
28	34	46	40	3.331	-9.08	0.0203002	118.043	393.202
29	35	47	41	2.982	-6.16	0.0203353	120.973	360.743
30	36	48	42	2.721	-5.11	0.0203675	121.89	331.661
31	37	49	43	2.484	-5.69	0.0204026	119.067	295.762
32	38	50	44	2.499	-7.39	0.0204002	114.655	286.522
1	8	22	15	3.41	-11.12	0.0202933	134.704	459.339
2	9	23	16	3.067	-9.96	0.0203261	135.992	417.089
3	10	24	17	2.931	-9.21	0.0203412	137.37	402.632
4	11	25	18	2.649	-9.13	0.0203775	139.067	368.389
5	12	26	19	2.484	-5.9	0.0204026	142.931	355.04
6	13	27	20	2.359	-10.39	0.0204239	139.105	328.149
7	14	28	21	2.516	-10.74	0.0203975	128.68	323.759
8	15	29	22	2.505	-8.11	0.0203992	125.188	313.597
9	16	30	23	2.788	-7.44	0.0203587	127.328	354.99
10	17	31	24	2.817	-7.82	0.020355	130.657	368.062
11	18	32	25	2.939	-5.51	0.0203403	131.539	386.594
12	19	33	26	2.99	-6.86	0.0203344	129.772	388.019
13	20	34	27	3.159	-8.6	0.0203166	133.284	421.043
14	21	35	28	3.186	-12.11	0.0203139	142.718	454.698
15	22	36	29	3.44	-8.65	0.0202907	144.837	498.24
16	23	37	30	3.299	-5.19	0.0203031	136.707	450.997
17	24	38	31	3.432	-10.57	0.0202914	131.396	450.952
18	25	39	32	3.55	-10.86	0.0202817	126.751	449.967
19	26	40	33	3.738	-9.75	0.0202675	124.455	465.211
20	27	41	34	3.78	-9.51	0.0202646	122.761	464.038
21	28	42	35	4.013	-10.37	0.0202492	117.574	471.825
22	29	43	36	4.005	-8.09	0.0202497	116.624	467.077
23	30	44	37	4.06	-5.42	0.0202463	121.494	493.266
24	31	45	38	3.897	-6.63	0.0202566	125.238	488.052
25	32	46	39	3.528	-8.68	0.0202834	130.99	462.132
26	33	47	40	3.172	-6.23	0.0203153	135.116	428.587
27	34	48	41	2.983	-5.37	0.0203352	136.885	408.329
28	35	49	42	2.813	-5.85	0.0203555	140.633	395.601
29	36	50	43	2.662	-5.26	0.0203757	140.095	372.932
1	9	25	17	2.358	-6.06	0.0204241	157.1	370.441
2	10	26	18	2.295	-10.46	0.0204357	158.611	364.011
3	11	27	19	2.135	-12.06	0.0204684	160.594	342.868
4	12	28	20	2.23	-11.29	0.0204484	157.745	351.772
5	13	29	21	2.273	-7.73	0.0204399	150.74	342.633
6	14	30	22	2.373	-10.59	0.0204214	145.697	345.74
7	15	31	23	2.575	-9.31	0.0203883	149.216	384.231
8	16	32	24	2.751	-10.09	0.0203635	151.359	416.39
9	17	33	25	2.752	-9.63	0.0203634	152.243	418.972
10	18	34	26	2.782	-11.95	0.0203595	149.8	416.743
11	19	35	27	2.951	-9.05	0.0203389	148.411	437.962
12	20	36	28	2.979	-6.21	0.0203357	153.909	458.495
13	21	37	29	2.976	-7.67	0.020336	161.031	479.227
14	22	38	30	2.968	-11.18	0.0203369	159.976	474.809
15	23	39	31	2.95	-8.46	0.020339	152.711	450.498
16	24	40	32	3.055	-9.92	0.0203273	144.436	441.252
17	25	41	33	3.136	-9.94	0.0203189	140.025	439.12
18	26	42	34	3.175	-10.57	0.020315	139.751	443.708
19	27	43	35	3.251	-9.13	0.0203076	138	448.637
20	28	44	36	3.323	-10.5	0.0203009	135.418	449.994
21	29	45	37	3.391	-9.55	0.0202949	135.859	460.698
22	30	46	38	3.48	-7.1	0.0202874	139.264	484.64
23	31	47	39	3.3	-5.35	0.020303	143.314	472.935
24	32	48	40	3.049	-6	0.020328	149.536	455.936
25	33	49	41	2.911	-5.77	0.0203435	153.712	447.456
26	34	50	42	2.945	-5.81	0.0203396	155.432	457.746
1	10	28	19	1.958	-9.46	0.0205107	180.875	354.154
2	11	29	20	2.057	-10.54	0.0204861	175.971	361.973
3	12	30	21	2.238	-11.18	0.0204468	169.81	380.034
4	13	31	22	2.277	-12.51	0.0204392	167.111	380.513
5	14	32	23	2.439	-11.76	0.02041	170.261	415.267
6	15	33	24	2.502	-13.41	0.0203997	174.609	436.873
7	16	34	25	2.685	-10.65	0.0203724	172.544	463.281
8	17	35	26	2.667	-10.84	0.020375	170.22	453.977
9	18	36	27	2.809	-10.92	0.020356	168.125	472.263
10	19	37	28	2.79	-9.44	0.0203584	167.989	468.688
11	20	38	29	2.743	-9.41	0.0203646	172.25	472.482
12	21	39	30	2.633	-8.29	0.0203798	176.198	463.93
13	22	40	31	2.698	-9.12	0.0203706	175.995	474.836
14	23	41	32	2.659	-9.73	0.0203761	165.811	440.89
15	24	42	33	2.728	-10.69	0.0203666	157.216	428.885
16	25	43	34	2.7	-11.22	0.0203704	155.262	419.207
17	26	44	35	2.76	-11.82	0.0203623	154.31	425.894
18	27	45	36	2.72	-10.28	0.0203676	154.52	420.295
19	28	46	37	2.869	-9.24	0.0203486	154.656	443.708
20	29	47	38	2.975	-7.98	0.0203361	155.79	463.474
21	30	48	39	2.984	-7.95	0.0203351	158.685	473.517
22	31	49	40	2.897	-6.87	0.0203452	160.163	463.992
23	32	50	41	2.885	-6.45	0.0203466	165.661	477.933
1	11	31	21	2.099	-12.78	0.0204764	189.593	397.956
2	12	32	22	2.212	-12.43	0.0204521	187.528	414.812
3	13	33	23	2.323	-13.8	0.0204305	192.342	446.812
4	14	34	24	2.46	-12.66	0.0204065	194.305	477.99
5	15	35	25	2.494	-11.23	0.020401	195.393	487.309
6	16	36	26	2.599	-12.85	0.0203848	190.719	495.68
7	17	37	27	2.658	-11.64	0.0203762	187.584	498.597
8	18	38	28	2.656	-10.7	0.0203765	187.146	497.06
9	19	39	29	2.618	-10.15	0.020382	186.206	487.487
10	20	40	30	2.457	-9.69	0.020407	187.721	461.231
11	21	41	31	2.381	-9.03	0.02042	192.999	459.531
12	22	42	32	2.433	-8.22	0.020411	188.788	459.321
13	23	43	33	2.413	-8.89	0.0204144	178.473	430.656
14	24	44	34	2.396	-13.38	0.0204174	172.763	413.941
15	25	45	35	2.382	-11.44	0.0204198	169.495	403.737
16	26	46	36	2.354	-11.18	0.0204248	170.269	400.814
17	27	47	37	2.412	-10.41	0.0204146	172.962	417.185
18	28	48	38	2.553	-10.41	0.0203917	173.71	443.481
19	29	49	39	2.6	-8.25	0.0203846	175.075	455.194
20	30	50	40	2.707	-7.77	0.0203694	176.717	478.373
1	12	34	23	2.236	-15.65	0.0204472	213.692	477.815
2	13	35	24	2.321	-13.76	0.0204308	217.109	503.909
3	14	36	25	2.494	-11.45	0.020401	214.653	535.345
4	15	37	26	2.438	-12.68	0.0204102	211.559	515.78
5	16	38	27	2.544	-12.24	0.0203931	207.339	527.469
6	17	39	28	2.489	-12.55	0.0204018	207.001	515.226
7	18	40	29	2.491	-10.74	0.0204014	205.543	512.009
8	19	41	30	2.358	-11.72	0.0204241	201.878	476.027
9	20	42	31	2.234	-10.02	0.0204476	204.259	456.315
10	21	43	32	2.174	-7.81	0.02046	205.739	447.276
11	22	44	33	2.202	-9.35	0.0204541	202.234	445.319
12	23	45	34	2.13	-12.04	0.0204695	194.068	413.365
13	24	46	35	2.152	-10.77	0.0204647	186.496	401.339
14	25	47	36	2.078	-11.22	0.0204812	185.594	385.664
15	26	48	37	2.112	-11.96	0.0204735	188.783	398.71
16	27	49	38	2.17	-10.31	0.0204608	191.377	415.288
17	28	50	39	2.298	-10.07	0.0204352	191.099	439.145
1	13	37	25	2.265	-14.59	0.0204415	237.737	538.475
2	14	38	26	2.345	-14.37	0.0204264	231.108	541.948
3	15	39	27	2.418	-12.21	0.0204136	227.978	551.251
4	16	40	28	2.436	-4.27	0.0204105	225.972	550.469
5	17	41	29	2.341	-9.71	0.0204272	225.322	527.479
6	18	42	30	2.219	-17.88	0.0204507	221.427	491.346
7	19	43	31	2.149	-9.79	0.0204653	218.421	469.386
8	20	44	32	2.048	-10.57	0.0204883	217.429	445.294
9	21	45	33	1.995	-9.39	0.0205013	219.063	437.03
10	22	46	34	1.976	-10.7	0.0205061	217.198	429.183
11	23	47	35	1.932	-10.97	0.0205176	208.463	402.751
12	24	48	36	1.891	-11.97	0.0205288	203.133	384.124
13	25	49	37	1.901	-11.59	0.020526	203.533	386.916
14	26	50	38	1.943	-10.58	0.0205147	206.244	400.731
1	14	40	27	2.292	-13.91	0.0204363	248.951	570.596
2	15	41	28	2.283	-14.85	0.020438	247.587	565.24
3	16	42	29	2.267	-11.47	0.0204411	243.914	552.952
4	17	43	30	2.114	-9	0.020473	240.204	507.792
5	18	44	31	2.012	-11.03	0.020497	238.065	478.988
6	19	45	32	1.941	-11.51	0.0205152	232.022	450.354
7	20	46	33	1.897	-9.99	0.0205271	230.3	436.879
8	21	47	34	1.823	-11.04	0.0205485	234.131	426.821
9	22	48	35	1.814	-15.04	0.0205513	231.905	420.675
10	23	49	36	1.72	-11.74	0.0205814	224.553	386.232
11	24	50	37	1.762	-8.73	0.0205675	220.749	388.959
1	15	43	29	2.111	-12.31	0.0204737	266.703	563.011
2	16	44	30	2.038	-10.17	0.0204907	259.916	529.71
3	17	45	31	1.929	-11.17	0.0205184	256.644	495.065
4	18	46	32	1.874	-8.48	0.0205336	250.148	468.777
5	19	47	33	1.805	-11.74	0.020554	244.885	442.018
6	20	48	34	1.716	-12.12	0.0205828	246.276	422.61
7	21	49	35	1.686	-8.66	0.0205931	248.223	418.505
8	22	50	36	1.646	-12.13	0.0206075	246.983	406.535
1	16	46	31	1.86	-13.95	0.0205376	276.929	515.088
2	17	47	32	1.796	-11.02	0.0205568	269.624	484.245
3	18	48	33	1.74	-11.3	0.0205747	263.331	458.196
4	19	49	34	1.683	-11.38	0.0205942	259.391	436.555
5	20	50	35	1.621	-11.68	0.0206169	259.268	420.273
1	17	49	33	1.673	-10.23	0.0205977	283.287	473.938
2	18	50	34	1.644	-15.42	0.0206083	277.611	456.392
1	4	2	3	282.023	-7.99	0.0200035	6.22047	1754.32
2	5	3	4	261.523	-7.25	0.0200038	6.36444	1664.45
3	6	4	5	248.694	-8.83	0.020004	6.22273	1547.55
4	7	5	6	206.007	-6.92	0.0200049	6.2405	1285.59
5	8	6	7	138.33	-13.23	0.0200072	6.47375	895.514
6	9	7	8	211.117	-9.86	0.0200047	6.16209	1300.92
7	10	8	9	206.884	-6.05	0.0200048	6.31557	1306.59
8	11	9	10	253.943	-9.21	0.0200039	6.36299	1615.84
9	12	10	11	245.621	-7.42	0.0200041	6.26265	1538.24
10	13	11	12	276.673	-7.43	0.0200036	6.36241	1760.31
11	14	12	13	239.533	-6.71	0.0200042	6.41176	1535.83
12	15	13	14	289.567	-7.45	0.0200035	6.13026	1775.12
13	16	14	15	238.494	-7.09	0.0200042	6.56574	1565.89
14	17	15	16	302.393	-8.19	0.0200033	6.12866	1853.26
15	18	16	17	256.16	-7.99	0.0200039	6.39002	1636.87
16	19	17	18	288.75	-7.8	0.0200035	6.36016	1836.49
17	20	18	19	274.27	-7.63	0.0200036	6.037	1655.77
18	21	19	20	259.373	-7.98	0.0200039	6.27517	1627.61
19	22	20	21	215.513	-7.69	0.0200046	6.49955	1400.74
20	23	21	22	251.676	-8.42	0.020004	6.36039	1600.76
21	24	22	23	179.509	-8.4	0.0200056	6.15538	1104.95
22	25	23	24	240.8	-9.38	0.0200042	6.42789	1547.84
23	26	24	25	217.03	-8.14	0.0200046	6.40438	1389.94
24	27	25	26	278.203	-9.25	0.0200036	6.40509	1781.91
25	28	26	27	247.729	-8.52	0.020004	6.41941	1590.27
26	29	27	28	290.294	-10.69	0.0200034	6.2526	1815.09
27	30	28	29	253.726	-9.26	0.0200039	6.3265	1605.2
28	31	29	30	258.207	-10.07	0.0200039	6.53592	1687.62
29	32	30	31	228.531	-8.17	0.0200044	6.06013	1384.93
30	33	31	32	205.727	-7.9	0.0200049	6.47702	1332.5
31	34	32	33	190.873	-6.6	0.0200052	6.35732	1213.44
32	35	33	34	207.694	-8.08	0.0200048	6.12946	1273.05
33	36	34	35	175.833	-8.28	0.0200057	6.52476	1147.27
34	37	35	36	172.04	-8.39	0.0200058	6.37449	1096.67
35	38	36	37	172.54	-9.34	0.0200058	6.31329	1089.29
36	39	37	38	144.877	-9.16	0.0200069	6.46837	937.118
37	40	38	39	139.977	-9.36	0.0200071	6.36957	891.593
38	41	39	40	141.707	-8.71	0.0200071	6.41207	908.635
39	42	40	41	130.249	-7.33	0.0200077	6.44217	839.086
40	43	41	42	110.847	-8.54	0.020009	6.30319	698.69
41	44	42	43	114.919	-6.83	0.0200087	6.37092	732.139
42	45	43	44	97.926	-7.64	0.0200102	6.43922	630.567
43	46	44	45	97.341	-7.27	0.0200103	6.46334	629.148
44	47	45	46	92.191	-6.24	0.0200108	6.12783	564.931
45	48	46	47	95.202	-0.27	0.0200105	6.54819	623.4
46	49	47	48	92.219	-6.43	0.0200108	6.42162	592.196
47	50	48	49	103.47	-0.72	0.0200097	6.37116	659.224
1	7	3	5	117.4	-7.42	0.0200085	11.5819	1359.72
2	8	4	6	115.41	-5.33	0.0200087	12.0774	1393.85
3	9	5	7	83.242	-8.55	0.020012	13.0035	1082.44
4	10	6	8	89.301	-11.39	0.0200112	12.9783	1158.97
5	11	7	9	118.393	-7.78	0.0200084	12.3107	1457.5
6	12	8	10	122.284	-6.62	0.0200082	12.2425	1497.06
7	13	9	11	103.86	-8.8	0.0200096	12.4866	1296.86
8	14	10	12	108.3	-8.75	0.0200092	12.7568	1381.57
9	15	11	13	107.76	-8.08	0.0200093	12.7349	1372.32
10	16	12	14	104.347	-8.31	0.0200096	12.3809	1291.91
11	17	13	15	100.9	-8.56	0.0200099	12.4908	1260.32
12	18	14	16	103.99	-8.33	0.0200096	12.6053	1310.83
13	19	15	17	84.623	-8.09	0.0200118	12.7217	1076.55
14	20	16	18	86.094	-8.11	0.0200116	12.3311	1061.63
15	21	17	19	84.772	-7.45	0.0200118	11.7593	996.863
16	22	18	20	82.19	-7.91	0.0200122	12.1087	995.217
17	23	19	21	69.996	-7.88	0.0200143	14.1624	991.312
18	24	20	22	77.578	-7.81	0.0200129	13.9538	1082.51
19	25	21	23	72.77	-8.16	0.0200137	11.8575	862.872
20	26	22	24	69.806	-8.81	0.0200143	11.2	781.83
21	27	23	25	79.47	-9.06	0.0200126	12.4212	987.115
22	28	24	26	84.74	-9.16	0.0200118	13.5989	1152.37
23	29	25	27	84.612	-8.78	0.0200118	13.5135	1143.41
24	30	26	28	85.65	-8.68	0.0200117	12.4098	1062.9
25	31	27	29	91.971	-9.59	0.0200109	12.1384	1116.38
26	32	28	30	93.397	-9.52	0.0200107	12.557	1172.79
27	33	29	31	89.388	-8.15	0.0200112	12.5457	1121.44
28	34	30	32	75.751	-8.4	0.0200132	12.7424	965.247
29	35	31	33	76.849	-9	0.020013	12.9199	992.884
30	36	32	34	80.597	-8.64	0.0200124	12.5295	1009.84
31	37	33	35	67.412	-8.43	0.0200148	12.4947	842.291
32	38	34	36	55.189	-8.28	0.0200181	12.9045	712.185
33	39	35	37	55.722	-8.79	0.0200179	12.547	699.145
34	40	36	38	56.411	-9.18	0.0200177	12.2802	692.738
35	41	37	39	47.468	-8.26	0.0200211	12.5535	595.889
36	42	38	40	44.76	-8.14	0.0200223	12.9058	577.665
37	43	39	41	38.683	-8.18	0.0200259	12.9418	500.628
38	44	40	42	34.989	-7.4	0.0200286	12.5819	440.229
39	45	41	43	34.153	-6.57	0.0200293	12.4052	423.676
40	46	42	44	32.568	-6.85	0.0200307	12.9353	421.276
41	47	43	45	27.959	-6.51	0.0200358	12.8271	358.634
42	48	44	46	30.087	-3.64	0.0200332	12.1253	364.814
43	49	45	47	32.932	-4.85	0.0200304	12.4949	411.481
44	50	46	48	29.476	-6.7	0.0200339	13.3814	394.431
1	10	4	7	49.621	-7.98	0.0200202	18.2539	905.775
2	11	5	8	48.969	-9.17	0.0200204	19.2813	944.184
3	12	6	9	49.941	-9.49	0.02002	19.3421	965.964
4	13	7	10	61.063	-8.97	0.0200164	18.8392	1150.38
5	14	8	11	66.141	-7.6	0.0200151	18.6299	1232.2
6	15	9	12	63.464	-7.96	0.0200158	18.8111	1193.83
7	16	10	13	48.672	-8.28	0.0200205	19.1915	934.088
8	17	11	14	53.114	-8.6	0.0200188	18.9689	1007.52
9	18	12	15	49.548	-7.72	0.0200202	18.898	936.359
10	19	13	16	46.939	-8.49	0.0200213	18.6667	876.194
11	20	14	17	40.108	-9.19	0.0200249	18.574	744.964
12	21	15	18	39.913	-8.52	0.0200251	17.8522	712.536
13	22	16	19	32.35	-7.87	0.0200309	17.7061	572.792
14	23	17	20	33.71	-7.93	0.0200297	18.9474	638.718
15	24	18	21	31.391	-7.44	0.0200319	20.888	655.696
16	25	19	22	32.377	-7.55	0.0200309	21.3644	691.714
17	26	20	23	30.086	-7.76	0.0200332	19.3893	583.347
18	27	21	24	34.719	-8.42	0.0200288	17.3717	603.128
19	28	22	25	32.515	-8.1	0.0200308	17.0003	552.765
20	29	23	26	36.104	-7.63	0.0200277	18.6486	673.29
21	30	24	27	34.026	-6.95	0.0200294	20.0685	682.849
22	31	25	28	36.442	-8.24	0.0200274	19.9288	726.245
23	32	26	29	36.12	-8.21	0.0200277	18.6182	672.49
24	33	27	30	40.091	-8.26	0.0200249	18.0841	725.009
25	34	28	31	38.145	-7.08	0.0200262	18.3878	701.404
26	35	29	32	39.444	-7.96	0.0200254	19.2589	759.648
27	36	30	33	36.242	-7.93	0.0200276	19.5854	709.814
28	37	31	34	35.346	-8.51	0.0200283	19.6619	694.97
29	38	32	35	34.603	-8.46	0.0200289	19.4398	672.677
30	39	33	36	31.938	-7.62	0.0200313	19.0925	609.775
31	40	34	37	27.31	-7.12	0.0200366	18.5886	507.653
32	41	35	38	25.55	-6.32	0.0200391	18.3159	467.972
33	42	36	39	24.728	-6.64	0.0200404	18.4331	455.814
34	43	37	40	23.888	-7.33	0.0200419	18.7986	449.061
35	44	38	41	23.311	-6.99	0.0200429	19.1938	447.427
36	45	39	42	20.945	-7.1	0.0200477	19.218	402.521
37	46	40	43	19.278	-6.12	0.0200519	19.2438	370.982
38	47	41	44	17.847	-6.4	0.020056	19.0855	340.62
39	48	42	45	18.473	-5.66	0.0200541	18.9906	350.813
40	49	43	46	19.046	-6.29	0.0200525	18.8276	358.59
41	50	44	47	19.894	-4.84	0.0200503	19.2942	383.839
1	13	5	9	27.643	-8.74	0.0200362	24.9143	688.707
2	14	6	10	27.067	-10.49	0.0200369	25.7565	697.151
3	15	7	11	32.036	-9.25	0.0200312	25.4908	816.623
4	16	8	12	36.072	-7.96	0.0200277	25.6427	924.982
5	17	9	13	37.212	-7.74	0.0200269	25.4783	948.1
6	18	10	14	33.864	-7.28	0.0200295	25.063	848.732
7	19	11	15	27.363	-7.95	0.0200365	25.4787	697.174
8	20	12	16	26.937	-8.48	0.0200371	24.5772	662.037
9	21	13	17	25.43	-7.84	0.0200393	23.6952	602.57
10	22	14	18	22.604	-8.74	0.0200442	23.5874	533.169
11	23	15	19	21.219	-9.42	0.0200471	24.0175	509.627
12	24	16	20	19.313	-8.52	0.0200518	25.7448	497.21
13	25	17	21	18.379	-8.43	0.0200544	27.4209	503.968
14	26	18	22	18.865	-7.86	0.020053	27.4636	518.102
15	27	19	23	17.722	-8.17	0.0200564	26.5787	471.027
16	28	20	24	19.389	-7.08	0.0200516	25.0804	486.284
17	29	21	25	20.145	-7.36	0.0200496	23.913	481.726
18	30	22	26	19.756	-9.05	0.0200506	23.5045	464.355
19	31	23	27	20.04	-6.92	0.0200499	24.3777	488.53
20	32	24	28	20.811	-4.52	0.0200481	24.9148	518.503
21	33	25	29	21.596	-7.01	0.0200463	25.2433	545.155
22	34	26	30	22.443	-8.39	0.0200446	25.3017	567.846
23	35	27	31	22.923	-7.5	0.0200436	24.4728	560.99
24	36	28	32	22.529	-7.88	0.0200444	25.1005	565.49
25	37	29	33	22.24	-9.45	0.020045	26.157	581.731
26	38	30	34	21.873	-7.65	0.0200457	26.4266	578.028
27	39	31	35	20.573	-5.42	0.0200486	26.9916	555.299
28	40	32	36	19.902	-7.03	0.0200502	26.0094	517.64
29	41	33	37	19.525	-6.77	0.0200512	24.8582	485.357
30	42	34	38	18.684	-6.1	0.0200535	24.6532	460.62
31	43	35	39	18.221	-6.38	0.0200549	24.0582	438.364
32	44	36	40	16.988	-3.49	0.0200589	24.2718	412.33
33	45	37	41	16.916	-0.97	0.0200591	24.8858	420.967
34	46	38	42	16.881	-6.31	0.0200592	25.3397	427.759
35	47	39	43	16.346	-7.15	0.0200612	25.6482	419.245
36	48	40	44	15.406	-5.68	0.0200649	25.668	395.441
37	49	41	45	15.396	-4.9	0.020065	25.6413	394.773
38	50	42	46	16.082	-6.19	0.0200622	25.7013	413.329
1	16	6	11	16.113	-10.46	0.0200621	31.8257	512.807
2	17	7	12	19.242	-8.54	0.020052	32.2802	621.135
3	18	8	13	21.212	-7.57	0.0200471	32.3539	686.29
4	19	9	14	21.996	-7.82	0.0200455	31.9312	702.359
5	20	10	15	21.859	-7.34	0.0200457	31.0627	678.999
6	21	11	16	21.16	-6.87	0.0200473	29.8741	632.135
7	22	12	17	16.639	-7.7	0.0200601	29.5086	490.994
8	23	13	18	16.462	-9.05	0.0200607	29.8282	491.031
9	24	14	19	15.383	-8.21	0.020065	30.4956	469.114
10	25	15	20	14.788	-7.54	0.0200676	31.5327	466.305
11	26	16	21	13.414	-9.08	0.0200745	33.1552	444.744
12	27	17	22	14.132	-8.71	0.0200708	33.7221	476.56
13	28	18	23	13.365	-8.76	0.0200748	33.0233	441.356
14	29	19	24	13.633	-8.22	0.0200734	32.3921	441.601
15	30	20	25	13.754	-8.02	0.0200727	31.449	432.549
16	31	21	26	14.658	-6.93	0.0200682	30.2291	443.097
17	32	22	27	14.423	-3.91	0.0200693	29.4892	425.323
18	33	23	28	15.686	-6.41	0.0200638	29.5861	464.087
19	34	24	29	16.108	-8.71	0.0200621	30.0454	483.972
20	35	25	30	16.983	-6.77	0.0200589	30.7765	522.678
21	36	26	31	16.796	-6.69	0.0200595	31.2895	525.539
22	37	27	32	16.959	-8.6	0.020059	32.2879	547.57
23	38	28	33	16.447	-7.54	0.0200608	32.8967	541.052
24	39	29	34	16.462	-5.5	0.0200607	33.0411	543.923
25	40	30	35	15.435	-6.76	0.0200648	33.1642	511.89
26	41	31	36	14.959	-7.32	0.0200668	33.2699	497.684
27	42	32	37	14.859	-6.99	0.0200673	32.2554	479.283
28	43	33	38	14.93	-5.88	0.020067	31.0026	462.869
29	44	34	39	14.988	-6.61	0.0200667	30.3483	454.861
30	45	35	40	15.399	-6.26	0.0200649	30.0344	462.499
31	46	36	41	14.951	-5.73	0.0200669	30.2085	451.648
32	47	37	42	14.415	-6.84	0.0200694	30.7298	442.97
33	48	38	43	14.819	-8.66	0.0200675	31.2494	463.084
34	49	39	44	14.562	-6.5	0.0200687	31.9354	465.043
35	50	40	45	14.271	-4.35	0.0200701	32.6474	465.911
1	19	7	13	12.736	-8.02	0.0200785	38.2557	487.224
2	20	8	14	14.025	-7.51	0.0200713	37.8107	530.295
3	21	9	15	14.695	-7.63	0.0200681	37.0467	544.402
4	22	10	16	14.854	-7.16	0.0200673	35.9969	534.699
5	23	11	17	15.283	-8.48	0.0200654	36.0252	550.574
6	24	12	18	13.986	-7.34	0.0200715	36.0997	504.891
7	25	13	19	12.187	-7.68	0.0200821	36.2839	442.192
8	26	14	20	11.528	-8.99	0.0200867	37.3334	430.379
9	27	15	21	11.489	-8.55	0.020087	38.6372	443.902
10	28	16	22	11.293	-8.56	0.0200886	39.6939	448.264
11	29	17	23	11.104	-8.88	0.0200901	39.0496	433.607
12	30	18	24	11.155	-7.93	0.0200896	38.3956	428.302
13	31	19	25	10.991	-6.83	0.020091	38.5339	423.527
14	32	20	26	11.61	-7.97	0.0200861	37.4793	435.135
15	33	21	27	12.098	-5.9	0.0200827	35.9694	435.158
16	34	22	28	12.79	-6.54	0.0200782	34.8899	446.242
17	35	23	29	13.6	-7.24	0.0200735	35.3395	480.617
18	36	24	30	14.227	-6.73	0.0200703	36.3515	517.172
19	37	25	31	14.386	-6.4	0.0200695	36.8851	530.629
20	38	26	32	14.137	-5.33	0.0200707	38.132	539.072
21	39	27	33	13.988	-7.74	0.0200715	39.6182	554.179
22	40	28	34	13.884	-7.02	0.020072	40.3656	560.437
23	41	29	35	13.49	-7.14	0.0200741	40.3917	544.885
24	42	30	36	12.987	-7.58	0.020077	39.6893	515.445
25	43	31	37	12.685	-8.02	0.0200788	39.1094	496.103
26	44	32	38	12.74	-6.6	0.0200785	38.0376	484.599
27	45	33	39	13.012	-7.02	0.0200769	37.084	482.537
28	46	34	40	13.17	-6.22	0.0200759	36.7365	483.82
29	47	35	41	13.383	-7.95	0.0200747	36.0707	482.734
30	48	36	42	13.565	-7.75	0.0200737	35.9439	487.58
31	49	37	43	13.757	-6.91	0.0200727	36.554	502.873
32	50	38	44	13.608	-6.51	0.0200735	37.9189	516.001
1	22	8	15	10.539	-6.85	0.0200949	42.2544	445.319
2	23	9	16	11.035	-6.56	0.0200906	42.7553	471.805
3	24	10	17	11.031	-7.53	0.0200907	43.0299	474.662
4	25	11	18	11.344	-8.99	0.0200882	42.7962	485.481
5	26	12	19	11.116	-7.87	0.02009	41.9883	466.742
6	27	13	20	10.651	-6.81	0.0200939	42.5658	453.368
7	28	14	21	9.416	-10.97	0.0201062	44.6774	420.683
8	29	15	22	9.657	-10.48	0.0201036	45.2912	437.377
9	30	16	23	9.263	-9.47	0.020108	44.6343	413.447
10	31	17	24	9.526	-9.78	0.020105	44.1302	420.384
11	32	18	25	9.621	-9.53	0.0201039	43.8439	421.822
12	33	19	26	9.989	-9.1	0.0201001	44.1165	440.68
13	34	20	27	10.298	-7.52	0.0200971	43.4352	447.296
14	35	21	28	11.208	-8.41	0.0200892	41.4434	464.497
15	36	22	29	11.651	-7.84	0.0200858	40.9126	476.673
16	37	23	30	12.546	-8.25	0.0200797	42.1424	528.718
17	38	24	31	12.793	-8.51	0.0200782	43.3125	554.097
18	39	25	32	12.694	-9.07	0.0200788	44.4798	564.627
19	40	26	33	12.413	-8.86	0.0200806	44.9172	557.557
20	41	27	34	12.584	-9.18	0.0200795	45.585	573.641
21	42	28	35	12.385	-8.65	0.0200807	47.3351	586.246
22	43	29	36	12.238	-8.6	0.0200817	47.6715	583.404
23	44	30	37	11.829	-8.07	0.0200845	46.0702	544.964
24	45	31	38	11.657	-8.16	0.0200858	45.0324	524.943
25	46	32	39	11.712	-8.54	0.0200854	44.0936	516.424
26	47	33	40	11.921	-10.88	0.0200839	43.3088	516.284
27	48	34	41	11.972	-8.79	0.0200835	42.9308	513.968
28	49	35	42	12.276	-9.88	0.0200815	42.2752	518.97
29	50	36	43	12.542	-8.57	0.0200797	42.5304	533.416
1	25	9	17	8.848	-9	0.020113	48.6803	430.723
2	26	10	18	8.769	-8.53	0.020114	48.7379	427.383
3	27	11	19	9.06	-9.31	0.0201104	48.5678	440.024
4	28	12	20	8.813	-10.79	0.0201135	49.1329	433.008
5	29	13	21	8.808	-10.05	0.0201135	50.0937	441.225
6	30	14	22	8.544	-9.95	0.020117	50.6271	432.558
7	31	15	23	8.073	-9.77	0.0201239	50.0054	403.694
8	32	16	24	8.186	-8.92	0.0201222	49.3908	404.313
9	33	17	25	8.544	-9.24	0.020117	49.1688	420.099
10	34	18	26	8.863	-8.87	0.0201128	49.6388	439.949
11	35	19	27	9.107	-9.62	0.0201098	49.8429	453.919
12	36	20	28	9.841	-8.58	0.0201016	48.9863	482.074
13	37	21	29	10.461	-8.04	0.0200956	48.0007	502.135
14	38	22	30	11.142	-9.14	0.0200898	48.0048	534.87
15	39	23	31	11.511	-8.87	0.0200869	49.3035	567.533
16	40	24	32	11.626	-8.65	0.020086	50.8299	590.948
17	41	25	33	11.58	-7.98	0.0200864	51.8035	599.885
18	42	26	34	11.714	-8.99	0.0200854	51.883	607.757
19	43	27	35	11.838	-9.17	0.0200845	52.1588	617.456
20	44	28	36	11.679	-8.82	0.0200856	52.9642	618.569
21	45	29	37	11.567	-8.47	0.0200865	53.4691	618.477
22	46	30	38	11.196	-9	0.0200893	53.0617	594.079
23	47	31	39	10.991	-10.83	0.020091	51.7789	569.102
24	48	32	40	11.134	-8.33	0.0200898	50.2232	559.185
25	49	33	41	11.236	-9.55	0.020089	49.5448	556.686
26	50	34	42	11.174	-9.35	0.0200895	49.6658	554.966
1	28	10	19	7.476	-10.08	0.0201338	54.1066	404.501
2	29	11	20	7.421	-9.5	0.0201348	55.4458	411.463
3	30	12	21	7.186	-9.59	0.0201392	56.425	405.47
4	31	13	22	7.345	-10.41	0.0201361	56.4461	414.597
5	32	14	23	7.375	-9.67	0.0201356	55.1501	406.732
6	33	15	24	7.619	-9.62	0.0201313	54.1025	412.207
7	34	16	25	7.462	-9.86	0.020134	54.6529	407.82
8	35	17	26	7.885	-8.8	0.0201268	55.0805	434.309
9	36	18	27	8.177	-8.45	0.0201223	55.5206	453.992
10	37	19	28	8.767	-8.34	0.0201141	55.9118	490.179
11	38	20	29	9.418	-8.8	0.0201062	55.5331	523.01
12	39	21	30	10.117	-9.06	0.0200988	55.1264	557.714
13	40	22	31	10.403	-9.16	0.0200961	55.0862	573.061
14	41	23	32	10.808	-8.64	0.0200925	56.7367	613.211
15	42	24	33	10.924	-8.63	0.0200915	58.5322	639.406
16	43	25	34	11.164	-9.75	0.0200896	58.8433	656.927
17	44	26	35	11.245	-8.91	0.0200889	58.9174	662.526
18	45	27	36	11.408	-8.41	0.0200877	58.7149	669.819
19	46	28	37	11.327	-9.1	0.0200883	58.7802	665.803
20	47	29	38	11.017	-11.36	0.0200908	58.9514	649.467
21	48	30	39	10.729	-9.65	0.0200932	58.933	632.293
22	49	31	40	10.651	-9.33	0.0200939	59.0163	628.582
23	50	32	41	10.51	-8.63	0.0200951	57.8991	608.52
1	31	11	21	6.274	-9.4	0.0201594	61.8164	387.836
2	32	12	22	6.298	-9.19	0.0201588	62.0163	390.579
3	33	13	23	6.396	-10.19	0.0201563	60.6959	388.211
4	34	14	24	6.59	-10.48	0.0201517	60.0513	395.738
5	35	15	25	6.959	-9.18	0.0201437	59.5866	414.663
6	36	16	26	7.19	-8.67	0.0201391	60.4268	434.468
7	37	17	27	7.362	-9.16	0.0201358	61.4822	452.632
8	38	18	28	7.937	-8.51	0.020126	61.9011	491.309
9	39	19	29	8.443	-7.18	0.0201184	62.5071	527.747
10	40	20	30	9.168	-8.99	0.0201091	62.566	573.606
11	41	21	31	9.717	-8.45	0.0201029	61.7743	600.261
12	42	22	32	10.047	-9.46	0.0200995	62.6164	629.107
13	43	23	33	10.295	-8.76	0.0200971	64.4896	663.921
14	44	24	34	10.695	-9.27	0.0200935	65.414	699.603
15	45	25	35	10.878	-9.25	0.0200919	66.1485	719.564
16	46	26	36	10.915	-8.89	0.0200916	65.8854	719.139
17	47	27	37	11.034	-11.67	0.0200906	65.1271	718.612
18	48	28	38	10.917	-10.36	0.0200916	64.8871	708.372
19	49	29	39	10.754	-9.81	0.020093	64.8831	697.753
20	50	30	40	10.298	-10.03	0.0200971	65.4241	673.738
1	34	12	23	5.65	-10.2	0.020177	65.807	371.809
2	35	13	24	5.847	-10.09	0.020171	65.2842	381.717
3	36	14	25	6.056	-9.64	0.0201651	65.7637	398.265
4	37	15	26	6.455	-8.98	0.0201549	66.4294	428.802
5	38	16	27	6.809	-9.88	0.0201469	67.2219	457.714
6	39	17	28	7.343	-8.57	0.0201362	67.6037	496.414
7	40	18	29	7.705	-8.75	0.0201298	68.3585	526.703
8	41	19	30	8.382	-8.04	0.0201193	69.463	582.239
9	42	20	31	9.017	-7.79	0.0201109	69.4117	625.885
10	43	21	32	9.468	-8.71	0.0201056	69.3217	656.337
11	44	22	33	9.763	-10.79	0.0201024	69.7737	681.201
12	45	23	34	10.246	-9.51	0.0200976	71.3648	731.204
13	46	24	35	10.425	-9.62	0.0200959	73.1446	762.532
14	47	25	36	10.499	-12.68	0.0200952	73.0836	767.305
15	48	26	37	10.615	-9.99	0.0200942	72.2585	767.024
16	49	27	38	10.7	-8.46	0.0200935	71.6942	767.128
17	50	28	39	10.499	-9.63	0.0200952	72.1634	757.644
1	37	13	25	5.499	-12.47	0.0201819	70.8335	389.513
2	38	14	26	5.786	-9.76	0.0201728	72.4737	419.333
3	39	15	27	6.132	-8.15	0.0201631	73.3444	449.748
4	40	16	28	6.62	-8.71	0.0201511	73.7989	488.549
5	41	17	29	7.266	-7.53	0.0201376	74.0661	538.164
6	42	18	30	7.962	-7.85	0.0201256	75.1726	598.524
7	43	19	31	8.36	-7.87	0.0201196	76.3316	638.132
8	44	20	32	8.835	-10.5	0.0201132	76.817	678.678
9	45	21	33	9.295	-8.38	0.0201076	76.5473	711.507
10	46	22	34	9.685	-6.9	0.0201033	76.978	745.532
11	47	23	35	9.98	-12.04	0.0201002	78.6061	784.489
12	48	24	36	10.171	-10.69	0.0200983	79.7662	811.302
13	49	25	37	10.269	-10.68	0.0200974	79.9184	820.682
14	50	26	38	10.165	-11.03	0.0200984	79.553	808.656
1	40	14	27	5.625	-11.64	0.0201778	78.5812	442.019
2	41	15	28	6.152	-8.85	0.0201625	79.3862	488.384
3	42	16	29	6.693	-5.14	0.0201494	80.5104	538.856
4	43	17	30	7.374	-8.19	0.0201356	81.4727	600.779
5	44	18	31	7.978	-9.59	0.0201253	81.9555	653.841
6	45	19	32	8.437	-8.29	0.0201185	83.5033	704.517
7	46	20	33	8.728	-7.67	0.0201146	84.4397	736.99
8	47	21	34	9.15	-11.92	0.0201093	83.6869	765.735
9	48	22	35	9.48	-9.11	0.0201055	83.9536	795.88
10	49	23	36	9.723	-8.12	0.0201028	85.6294	832.575
11	50	24	37	9.841	-10.37	0.0201016	86.9052	855.234
1	43	15	29	6.359	-7.27	0.0201573	85.4045	543.087
2	44	16	30	6.935	-8.03	0.0201442	87.2706	605.222
3	45	17	31	7.496	-9.81	0.0201334	88.3975	662.628
4	46	18	32	7.907	-7.87	0.0201265	90.0988	712.411
5	47	19	33	8.262	-11.03	0.020121	91.1891	753.404
6	48	20	34	8.736	-9.36	0.0201145	91.0288	795.228
7	49	21	35	9.009	-9.2	0.020111	91.066	820.414
8	50	22	36	9.121	-9.32	0.0201096	91.6434	835.879
1	46	16	31	7.1	-8.28	0.0201408	93.836	666.236
2	47	17	32	7.43	-10.94	0.0201346	95.9855	713.172
3	48	18	33	7.798	-8.67	0.0201282	97.6183	761.228
4	49	19	34	8.193	-7.86	0.0201221	98.8503	809.881
5	50	20	35	8.502	-8.97	0.0201176	99.2567	843.88
1	49	17	33	7.419	-9.83	0.0201348	103.16	765.343
2	50	18	34	7.698	-8.91	0.0201299	105.482	811.998
