50# Number of sensors
#x	y	z
0	0	541.493
0.9871	0	541.333
1.9648	0	541.123
2.9476	0	540.938
3.9377	0	540.798
4.9359	0	540.738
5.9274	0	540.608
6.912	0	540.433
7.8999	0	540.278
8.8862	0	540.113
9.8708	0	539.938
10.8571	0	539.773
11.8302	0	539.543
12.8139	0	539.363
13.8026	0	539.213
14.7853	0	539.028
15.7829	0	538.958
16.7692	0	538.793
17.7689	0	538.768
18.7664	0	538.698
19.7531	0	538.535
20.6841	0	538.17
21.6596	0	537.95
22.6498	0	537.81
23.6483	0	537.755
24.6377	0	537.61
25.6248	0	537.45
26.6056	0	537.255
27.6024	0	537.175
28.5911	0	537.025
29.5826	0	536.895
30.5741	0	536.765
31.5384	0	536.5
32.5092	0	536.26
33.472	0	535.99
34.4194	0	535.67
35.3794	0	535.39
36.349	0	535.145
37.3233	0	534.92
38.301	0	534.71
39.2742	0	534.48
40.2508	0	534.265
41.2326	0	534.075
42.2103	0	533.865
43.1835	0	533.635
44.1623	0	533.43
45.1538	0	533.3
46.1194	0	533.04
47.1012	0	532.85
48.0719	0	532.61
784# Number of data
#a	b	m	n	R	ip	err	k	rhoa
1	2	4	3	98.598	-7.14	0.0200101	19.4897	1921.65
2	3	5	4	103.706	-6.43	0.0200093	19.5546	2027.93
3	4	6	5	86.445	-6.42	0.0200111	19.7817	1710.03
4	5	7	6	51.656	-9.33	0.0200174	18.8222	972.278
5	6	8	7	38.58	-7.99	0.0200222	17.7253	683.84
6	7	9	8	31.676	-5.86	0.0200283	19.572	619.961
7	8	10	9	91.383	-7.9	0.020011	19.2949	1763.23
8	9	11	10	87.266	-6.27	0.0200117	18.988	1657.01
9	10	12	11	91.175	-8.84	0.0200114	19.1462	1745.65
10	11	13	12	91.159	-6.95	0.0200118	18.7237	1706.84
11	12	14	13	118.006	-7.08	0.0200094	18.8301	2222.06
12	13	15	14	80.138	-5.85	0.0200121	20.0586	1607.45
13	14	16	15	112.567	-8.39	0.0200093	18.2025	2049
14	15	17	16	97.821	-8.68	0.0200117	19.6545	1922.62
15	16	18	17	123.003	-9.31	0.0200084	18.3828	2261.14
16	17	19	18	134.07	-7.91	0.0200091	18.8286	2524.36
17	18	20	19	118.663	-7.92	0.0200097	20.2701	2405.31
18	19	21	20	110.29	-7.6	0.0200107	18.3173	2020.22
19	20	22	21	116.04	-8.78	0.0200096	17.2824	2005.45
20	21	23	22	76.459	-7.64	0.020015	18.9626	1449.87
21	22	24	23	104.23	-7.84	0.0200114	21.2428	2214.13
22	23	25	24	78.286	-7.24	0.020015	19.6516	1538.45
23	24	26	25	122.643	-9.04	0.0200103	18.6559	2288.01
24	25	27	26	102.147	-7.22	0.0200113	18.4255	1882.11
25	26	28	27	156.654	-11.19	0.0200085	18.8423	2951.73
26	27	29	28	123.59	-8.74	0.0200107	19.9828	2469.68
27	28	30	29	126.344	-11.52	0.0200098	19.3933	2450.23
28	29	31	30	112.787	-11.25	0.0200109	18.3405	2068.57
29	30	32	31	94.709	-8.85	0.0200119	19.9388	1888.39
30	31	33	32	81.745	-8.2	0.020013	18.0592	1476.25
31	32	34	33	73.792	-7.03	0.0200147	18.8302	1389.51
32	33	35	34	62.199	-6.33	0.0200171	20.0747	1248.63
33	34	36	35	87.522	-9.05	0.0200121	18.3368	1604.87
34	35	37	36	96.196	-9.25	0.0200134	19.1405	1841.24
35	36	38	37	55.547	-9.39	0.020021	19.8855	1104.58
36	37	39	38	63.119	-10.05	0.0200187	19.2432	1214.61
37	38	40	39	73.599	-9.68	0.0200164	19.4282	1429.9
38	39	41	40	62.988	-7.29	0.0200184	19.0734	1201.39
39	40	42	41	54.724	-9.42	0.0200203	18.9059	1034.61
40	41	43	42	52.227	-5.95	0.0200201	19.6492	1026.22
41	42	44	43	43.544	-6.34	0.0200262	19.3419	842.223
42	43	45	44	42.268	-5.59	0.0200256	18.8629	797.296
43	44	46	45	42.117	-6.77	0.0200256	18.9774	799.271
44	45	47	46	34.984	-5.84	0.0200258	20.4911	716.862
45	46	48	47	29.22	-2.25	0.0200328	18.4756	539.858
46	47	49	48	33.432	-8.38	0.0200284	18.8189	629.152
47	48	50	49	37.503	-7.46	0.0200231	19.4429	729.169
1	3	7	5	29.057	-6.41	0.0200302	41.2338	1198.13
2	4	8	6	26.483	-9.31	0.020034	39.6893	1051.09
3	5	9	7	40.559	-6.87	0.0200232	35.2313	1428.94
4	6	10	8	44.049	-5.56	0.0200213	35.295	1554.71
5	7	11	9	29.451	-7.67	0.0200316	38.1621	1123.91
6	8	12	10	38.078	-8.13	0.0200244	38.2234	1455.47
7	9	13	11	44.791	-7.04	0.0200201	37.8021	1693.19
8	10	14	12	43.016	-7.67	0.0200215	37.0855	1595.27
9	11	15	13	41.886	-8.43	0.0200232	36.7558	1539.55
10	12	16	14	39.276	-8.6	0.0200244	38.5365	1513.56
11	13	17	15	32.198	-7.84	0.0200277	38.0366	1224.7
12	14	18	16	35.449	-7.88	0.0200273	36.8378	1305.86
13	15	19	17	35.967	-7.81	0.020026	38.1369	1371.67
14	16	20	18	44.271	-7.86	0.0200223	38.0523	1684.61
15	17	21	19	33.191	-6.91	0.0200309	41.3243	1371.59
16	18	22	20	34.284	-7.39	0.0200284	38.4701	1318.91
17	19	23	21	33.95	-7.26	0.0200308	31.689	1075.84
18	20	24	22	24.826	-8.47	0.0200411	32.247	800.565
19	21	25	23	27.941	-8.12	0.0200383	41.8975	1170.66
20	22	26	24	32.122	-7.74	0.020034	45.4705	1460.6
21	23	27	25	28.898	-8.39	0.0200364	40.1251	1159.54
22	24	28	26	32.959	-8.97	0.0200307	35.2891	1163.09
23	25	29	27	41.424	-10.48	0.0200255	35.268	1460.94
24	26	30	28	47.259	-9.27	0.0200243	39.0676	1846.29
25	27	31	29	46.273	-8.12	0.0200233	41.0141	1897.85
26	28	32	30	40.119	-9.03	0.0200265	38.2639	1535.11
27	29	33	31	37.484	-10.27	0.0200273	37.9982	1424.32
28	30	34	32	32.669	-10.19	0.0200283	37.107	1212.25
29	31	35	33	28.386	-7.77	0.0200344	35.1079	996.574
30	32	36	34	23.247	-6.23	0.0200447	37.7517	877.614
31	33	37	35	24.962	-8.26	0.0200387	37.741	942.09
32	34	38	36	29.976	-10.17	0.0200333	36.6457	1098.49
33	35	39	37	24.622	-10.12	0.0200422	39.1332	963.536
34	36	40	38	19.455	-10.17	0.0200505	40.1907	781.911
35	37	41	39	16.271	-9.66	0.0200576	38.9924	634.445
36	38	42	40	14.353	-8.86	0.0200666	37.6275	540.067
37	39	43	41	11.765	-7.83	0.0200773	36.8525	433.57
38	40	44	42	11.128	-6.85	0.0200735	38.3305	426.542
39	41	45	43	9.444	-7.7	0.0200932	38.8612	367.005
40	42	46	44	9.588	-7.67	0.0200944	36.9847	354.609
41	43	47	45	10.49	-7.12	0.020084	36.7617	385.63
42	44	48	46	8.055	-6.63	0.0201032	39.729	320.017
43	45	49	47	6.986	-6.02	0.0201252	38.079	266.02
44	46	50	48	8.628	-2.05	0.0201085	34.5299	297.924
1	4	10	7	25.263	-9.57	0.0200371	57.7962	1460.11
2	5	11	8	34.132	-6.7	0.0200281	53.8762	1838.9
3	6	12	9	31.313	-7.67	0.0200304	53.9967	1690.8
4	7	13	10	19.974	-7.93	0.020045	56.3676	1125.89
5	8	14	11	21.941	-8.68	0.0200401	56.9222	1248.93
6	9	15	12	20.681	-7.68	0.020041	56.1564	1161.37
7	10	16	13	21.436	-9.07	0.0200413	55.0871	1180.85
8	11	17	14	17.696	-10.06	0.0200506	56.3143	996.537
9	12	18	15	17.401	-10.61	0.0200523	57.0185	992.179
10	13	19	16	13.675	-8.39	0.0200652	58.2143	796.08
11	14	20	17	14.524	-7.32	0.0200605	58.0274	842.789
12	15	21	18	13.748	-6.54	0.0200668	60.4744	831.401
13	16	22	19	12.603	-6.62	0.0200714	61.0698	769.662
14	17	23	20	11.208	-6.28	0.0200816	56.9715	638.536
15	18	24	21	11.666	-6.82	0.020078	49.6	578.633
16	19	25	22	9.237	-8.02	0.0201045	46.861	432.855
17	20	26	23	9.856	-9.11	0.020099	54.564	537.783
18	21	27	24	9.477	-8.77	0.0201048	65.391	619.711
19	22	28	25	11.438	-9.42	0.0200868	67.141	767.958
20	23	29	26	9.911	-9.99	0.0200926	58.6019	580.804
21	24	30	27	13.811	-11.91	0.0200687	53.5354	739.377
22	25	31	28	14.937	-10.42	0.0200646	55.1082	823.151
23	26	32	29	17.48	-9.21	0.0200556	59.7876	1045.09
24	27	33	30	15.457	-7.44	0.0200617	60.6365	937.258
25	28	34	31	14.871	-11.15	0.0200624	58.768	873.94
26	29	35	32	14.559	-10.22	0.0200625	55.0542	801.534
27	30	36	33	14.154	-9.3	0.0200645	53.5402	757.808
28	31	37	34	12.404	-9.86	0.0200789	53.0561	658.108
29	32	38	35	11.489	-8.51	0.0200839	54.3529	624.461
30	33	39	36	10.683	-9.26	0.0200891	55.8306	596.438
31	34	40	37	9.885	-10.6	0.0200915	57.8556	571.903
32	35	41	38	9.587	-9.92	0.0200966	60.4598	579.629
33	36	42	39	7.203	-9.61	0.0201229	60.6308	436.724
34	37	43	40	5.5	-9.06	0.0201587	58.4853	321.669
35	38	44	41	4.657	-8.63	0.0201882	56.8277	264.647
36	39	45	42	4.294	-7.41	0.0201945	56.9204	244.416
37	40	46	43	3.993	-7.74	0.0202146	56.966	227.465
38	41	47	44	4.111	-6.99	0.0202107	56.6627	232.941
39	42	48	45	4.317	-7.24	0.0202044	56.0763	242.081
40	43	49	46	4.229	-6.65	0.0202035	57.6134	243.647
41	44	50	47	4.283	-6.86	0.0202136	56.3017	241.14
1	5	13	9	22.037	-9.7	0.0200436	73.8986	1628.5
2	6	14	10	18.349	-9.82	0.0200499	72.1833	1324.49
3	7	15	11	13.262	-9.59	0.0200669	74.3204	985.637
4	8	16	12	12.261	-10.51	0.0200699	73.7078	903.732
5	9	17	13	11.432	-10.33	0.0200743	73.5541	840.871
6	10	18	14	10.104	-11.88	0.0200855	75.4482	762.329
7	11	19	15	9.438	-11.37	0.0200942	75.1184	708.968
8	12	20	16	8.53	-11.14	0.0201084	78.7812	672.004
9	13	21	17	6.958	-9.75	0.0201242	81.5985	567.762
10	14	22	18	6.945	-8.82	0.0201308	80.8826	561.729
11	15	23	19	5.436	-7.57	0.0201645	81.7902	444.612
12	16	24	20	5.504	-7.47	0.0201574	75.0927	413.31
13	17	25	21	5.271	-6.22	0.0201726	68.3166	360.097
14	18	26	22	4.634	-7.06	0.0201952	65.6202	304.084
15	19	27	23	4.938	-7.06	0.0201935	69.1392	341.409
16	20	28	24	4.743	-8.13	0.0202012	77.1256	365.807
17	21	29	25	4.993	-8.83	0.0201914	85.0274	424.542
18	22	30	26	5.557	-9.73	0.0201665	84.7281	470.834
19	23	31	27	5.99	-10.56	0.0201525	78.125	467.969
20	24	32	28	6.942	-10.66	0.0201326	75.9829	527.473
21	25	33	29	7.535	-9.3	0.0201177	76.8966	579.416
22	26	34	30	7.725	-8.02	0.0201178	77.2532	596.781
23	27	35	31	7.495	-7.91	0.0201196	79.2451	593.942
24	28	36	32	7.778	-10.18	0.0201138	74.6808	580.867
25	29	37	33	8.346	-8.57	0.0201121	70.5189	588.551
26	30	38	34	8.182	-7.8	0.0201171	70.6124	577.751
27	31	39	35	7.93	-8.28	0.0201207	68.644	544.347
28	32	40	36	7.028	-9.66	0.020139	72.0684	506.496
29	33	41	37	5.934	-8.52	0.0201568	76.7449	455.404
30	34	42	38	5.633	-8.42	0.0201585	78.539	442.41
31	35	43	39	4.882	-8.2	0.0201851	81.7644	399.174
32	36	44	40	3.796	-7.02	0.020235	81.0234	307.565
33	37	45	41	3.196	-7.43	0.02028	78.2501	250.087
34	38	46	42	2.97	-6.95	0.0203032	77.2606	229.464
35	39	47	43	2.724	-6.82	0.0203336	75.9677	206.936
36	40	48	44	2.779	-7.05	0.0203228	75.1232	208.767
37	41	49	45	2.968	-6.6	0.0203077	74.9336	222.403
38	42	50	46	3.059	-6.77	0.0202976	75.6545	231.427
1	6	16	11	11.485	-10.2	0.0200786	90.9501	1044.56
2	7	17	12	7.87	-10.19	0.020111	91.3193	718.683
3	8	18	13	7.482	-11.17	0.0201167	90.9858	680.756
4	9	19	14	6.463	-10.59	0.0201322	92.9138	600.502
5	10	20	15	6.03	-11.23	0.0201462	95.1741	573.9
6	11	21	16	5.117	-11.05	0.0201796	99.3029	508.133
7	12	22	17	4.922	-10.16	0.0201845	102.106	502.564
8	13	23	18	4.129	-9.25	0.0202211	102.067	421.435
9	14	24	19	3.618	-8.08	0.0202541	100.554	363.803
10	15	25	20	3.334	-6.58	0.0202725	96.4365	321.519
11	16	26	21	3.529	-6.46	0.0202573	87.8534	310.034
12	17	27	22	3.122	-5.52	0.0203008	84.6929	264.411
13	18	28	23	3.385	-5.74	0.0202779	87.7199	296.932
14	19	29	24	3.49	-6.88	0.0202782	91.2105	318.325
15	20	30	25	3.631	-8.96	0.0202655	96.862	351.706
16	21	31	26	3.619	-9.28	0.0202608	102.703	371.682
17	22	32	27	4.347	-9.95	0.0202169	103.597	450.334
18	23	33	28	4.335	-9.59	0.0202141	100.241	434.543
19	24	34	29	4.723	-9.9	0.020189	97.8299	462.051
20	25	35	30	4.776	-9.61	0.0201877	95.8382	457.723
21	26	36	31	5.054	-8.87	0.0201787	95.9768	485.067
22	27	37	32	5.078	-8.04	0.0201763	92.2896	468.647
23	28	38	33	5.652	-9.77	0.0201646	87.7721	496.088
24	29	39	34	6.007	-7.95	0.0201632	86.655	520.537
25	30	40	35	6.139	-7.65	0.0201557	86.3045	529.823
26	31	41	36	5.768	-7.45	0.02017	86.2267	497.356
27	32	42	37	5.106	-7.23	0.0201912	91.522	467.311
28	33	43	38	4.533	-8.96	0.0202076	96.7846	438.725
29	34	44	39	3.917	-7.51	0.0202331	99.467	389.612
30	35	45	40	3.314	-6.52	0.0202813	101.543	336.512
31	36	46	41	2.844	-6.45	0.0203268	100.96	287.132
32	37	47	42	2.589	-6.25	0.0203535	99.18	256.777
33	38	48	43	2.407	-6.86	0.0203915	97.0582	233.619
34	39	49	44	2.432	-6.17	0.0203874	94.2798	229.288
35	40	50	45	2.559	-5.99	0.020364	92.6496	237.09
1	7	19	13	5.075	-10.74	0.0201758	109.803	557.249
2	8	20	14	4.515	-11.06	0.020196	112.174	506.466
3	9	21	15	4.197	-10.07	0.0202104	114.14	479.045
4	10	22	16	3.793	-10.24	0.0202429	118.388	449.044
5	11	23	17	3.346	-9.64	0.020273	119.94	401.318
6	12	24	18	3.175	-10.5	0.0202992	121.523	385.835
7	13	25	19	2.7	-8.38	0.0203455	122.506	330.766
8	14	26	20	2.746	-8.11	0.0203431	116.378	319.573
9	15	27	21	2.691	-7.08	0.020354	109.3	294.126
10	16	28	22	2.695	-7.21	0.0203536	103.913	280.045
11	17	29	23	2.863	-6.17	0.0203409	107.319	307.255
12	18	30	24	2.986	-6.58	0.0203234	110.583	330.199
13	19	31	25	3.207	-7.08	0.0203077	111.06	356.169
14	20	32	26	3.144	-8.4	0.0203084	114.94	361.372
15	21	33	27	3.356	-9.82	0.0202855	121.677	408.348
16	22	34	28	3.634	-9.66	0.020262	125.192	454.949
17	23	35	29	3.637	-9.66	0.0202546	120.756	439.188
18	24	36	30	3.729	-10.09	0.0202465	114.963	428.698
19	25	37	31	3.77	-9.87	0.0202407	113.869	429.286
20	26	38	32	4.008	-9.51	0.0202293	110.363	442.335
21	27	39	33	4.278	-8.24	0.0202197	105.86	452.871
22	28	40	34	4.613	-9.74	0.0202098	102.687	473.694
23	29	41	35	4.854	-8.08	0.020201	100.997	490.239
24	30	42	36	4.824	-7.53	0.0202038	103.048	497.102
25	31	43	37	4.568	-6.78	0.0202148	105.801	483.301
26	32	44	38	4.189	-5.98	0.0202328	111.604	467.51
27	33	45	39	3.616	-6.66	0.020266	116.483	421.203
28	34	46	40	3.157	-8.33	0.0203002	118.043	372.662
29	35	47	41	2.833	-5.79	0.0203353	120.973	342.718
30	36	48	42	2.568	-5.63	0.0203675	121.89	313.012
31	37	49	43	2.37	-6.27	0.0204026	119.067	282.188
32	38	50	44	2.377	-5.86	0.0204002	114.655	272.534
1	8	22	15	3.104	-10.63	0.0202933	134.704	418.12
2	9	23	16	2.832	-9.13	0.0203261	135.992	385.13
3	10	24	17	2.719	-8.73	0.0203412	137.37	373.509
4	11	25	18	2.538	-9.44	0.0203775	139.067	352.953
5	12	26	19	2.38	-9.33	0.0204026	142.931	340.175
6	13	27	20	2.243	-9.52	0.0204239	139.105	312.013
7	14	28	21	2.449	-8.13	0.0203975	128.68	315.138
8	15	29	22	2.459	-6.87	0.0203992	125.188	307.838
9	16	30	23	2.73	-8.24	0.0203587	127.328	347.605
10	17	31	24	2.793	-7.43	0.020355	130.657	364.926
11	18	32	25	2.88	-8.63	0.0203403	131.539	378.833
12	19	33	26	2.917	-7.69	0.0203344	129.772	378.545
13	20	34	27	3.085	-8.42	0.0203166	133.284	411.18
14	21	35	28	3.087	-9.34	0.0203139	142.718	440.569
15	22	36	29	3.264	-9.6	0.0202907	144.837	472.748
16	23	37	30	3.134	-9.54	0.0203031	136.707	428.441
17	24	38	31	3.206	-10.23	0.0202914	131.396	421.257
18	25	39	32	3.289	-10.08	0.0202817	126.751	416.885
19	26	40	33	3.553	-9.5	0.0202675	124.455	442.187
20	27	41	34	3.666	-9.24	0.0202646	122.761	450.043
21	28	42	35	3.886	-10.19	0.0202492	117.574	456.893
22	29	43	36	3.983	-8.16	0.0202497	116.624	464.512
23	30	44	37	3.969	-7.44	0.0202463	121.494	482.21
24	31	45	38	3.82	-6.5	0.0202566	125.238	478.408
25	32	46	39	3.486	-5.84	0.0202834	130.99	456.63
26	33	47	40	3.089	-5.68	0.0203153	135.116	417.373
27	34	48	41	2.866	-6.14	0.0203352	136.885	392.313
28	35	49	42	2.718	-7.07	0.0203555	140.633	382.241
29	36	50	43	2.568	-5.92	0.0203757	140.095	359.764
1	9	25	17	2.183	-5.44	0.0204241	157.1	342.948
2	10	26	18	2.224	-9.22	0.0204357	158.611	352.75
3	11	27	19	2.09	-7.39	0.0204684	160.594	335.642
4	12	28	20	2.178	-10.64	0.0204484	157.745	343.569
5	13	29	21	2.214	-9.1	0.0204399	150.74	333.739
6	14	30	22	2.337	-9.81	0.0204214	145.697	340.495
7	15	31	23	2.556	-8.4	0.0203883	149.216	381.396
8	16	32	24	2.716	-8.41	0.0203635	151.359	411.092
9	17	33	25	2.741	-8.53	0.0203634	152.243	417.298
10	18	34	26	2.716	-9.1	0.0203595	149.8	406.856
11	19	35	27	2.903	-9.13	0.0203389	148.411	430.839
12	20	36	28	2.895	-9.07	0.0203357	153.909	445.566
13	21	37	29	2.876	-8.1	0.020336	161.031	463.124
14	22	38	30	2.886	-8.85	0.0203369	159.976	461.691
15	23	39	31	2.816	-8.82	0.020339	152.711	430.035
16	24	40	32	2.881	-10.17	0.0203273	144.436	416.12
17	25	41	33	2.982	-10	0.0203189	140.025	417.556
18	26	42	34	3.109	-10.07	0.020315	139.751	434.485
19	27	43	35	3.134	-8.84	0.0203076	138	432.491
20	28	44	36	3.277	-10.27	0.0203009	135.418	443.765
21	29	45	37	3.364	-8.33	0.0202949	135.859	457.03
22	30	46	38	3.402	-7.44	0.0202874	139.264	473.778
23	31	47	39	3.244	-6.95	0.020303	143.314	464.909
24	32	48	40	3.021	-5.6	0.020328	149.536	451.749
25	33	49	41	2.865	-5.32	0.0203435	153.712	440.385
26	34	50	42	2.842	-4.67	0.0203396	155.432	441.737
1	10	28	19	1.914	-8.87	0.0205107	180.875	346.195
2	11	29	20	2.03	-9.19	0.0204861	175.971	357.222
3	12	30	21	2.219	-10.56	0.0204468	169.81	376.808
4	13	31	22	2.24	-10.42	0.0204392	167.111	374.33
5	14	32	23	2.423	-10.07	0.02041	170.261	412.543
6	15	33	24	2.481	-11.26	0.0203997	174.609	433.206
7	16	34	25	2.652	-10.26	0.0203724	172.544	457.587
8	17	35	26	2.648	-10.6	0.020375	170.22	450.742
9	18	36	27	2.733	-4.03	0.020356	168.125	459.486
10	19	37	28	2.751	-10.11	0.0203584	167.989	462.137
11	20	38	29	2.679	-9.01	0.0203646	172.25	461.458
12	21	39	30	2.572	-4.72	0.0203798	176.198	453.182
13	22	40	31	2.627	-8.49	0.0203706	175.995	462.34
14	23	41	32	2.551	-9.33	0.0203761	165.811	422.983
15	24	42	33	2.636	-10.72	0.0203666	157.216	414.421
16	25	43	34	2.641	-10.9	0.0203704	155.262	410.047
17	26	44	35	2.693	-10.35	0.0203623	154.31	415.556
18	27	45	36	2.697	-9.54	0.0203676	154.52	416.741
19	28	46	37	2.823	-10.3	0.0203486	154.656	436.594
20	29	47	38	2.939	-8.14	0.0203361	155.79	457.866
21	30	48	39	2.931	-7.62	0.0203351	158.685	465.107
22	31	49	40	2.87	-6.77	0.0203452	160.163	459.668
23	32	50	41	2.868	-5.25	0.0203466	165.661	475.116
1	11	31	21	2.088	-9.24	0.0204764	189.593	395.871
2	12	32	22	2.215	-11.8	0.0204521	187.528	415.374
3	13	33	23	2.306	-11.43	0.0204305	192.342	443.542
4	14	34	24	2.442	-11.6	0.0204065	194.305	474.493
5	15	35	25	2.478	-10.53	0.020401	195.393	484.183
6	16	36	26	2.521	-10.22	0.0203848	190.719	480.804
7	17	37	27	2.643	-9.16	0.0203762	187.584	495.783
8	18	38	28	2.627	-10.16	0.0203765	187.146	491.633
9	19	39	29	2.586	-9.43	0.020382	186.206	481.528
10	20	40	30	2.43	-8.96	0.020407	187.721	456.163
11	21	41	31	2.336	-7.63	0.02042	192.999	450.846
12	22	42	32	2.374	-6.94	0.020411	188.788	448.182
13	23	43	33	2.373	-6.56	0.0204144	178.473	423.517
14	24	44	34	2.368	-8.69	0.0204174	172.763	409.104
15	25	45	35	2.326	-9.02	0.0204198	169.495	394.245
16	26	46	36	2.352	-10.14	0.0204248	170.269	400.473
17	27	47	37	2.369	-8.6	0.0204146	172.962	409.747
18	28	48	38	2.501	-9.78	0.0203917	173.71	434.449
19	29	49	39	2.572	-7.85	0.0203846	175.075	450.292
20	30	50	40	2.668	-8.06	0.0203694	176.717	471.481
1	12	34	23	2.234	-11.63	0.0204472	213.692	477.388
2	13	35	24	2.304	-12.76	0.0204308	217.109	500.218
3	14	36	25	2.419	-12.22	0.020401	214.653	519.246
4	15	37	26	2.419	-11.64	0.0204102	211.559	511.761
5	16	38	27	2.517	-12.31	0.0203931	207.339	521.871
6	17	39	28	2.483	-9.92	0.0204018	207.001	513.984
7	18	40	29	2.445	-9.98	0.0204014	205.543	502.554
8	19	41	30	2.345	-10.48	0.0204241	201.878	473.403
9	20	42	31	2.212	-10.72	0.0204476	204.259	451.822
10	21	43	32	2.133	-9.05	0.02046	205.739	438.841
11	22	44	33	2.185	-10.84	0.0204541	202.234	441.881
12	23	45	34	2.129	-9.57	0.0204695	194.068	413.171
13	24	46	35	2.132	-9.78	0.0204647	186.496	397.609
14	25	47	36	2.07	-11.43	0.0204812	185.594	384.179
15	26	48	37	2.092	-12.13	0.0204735	188.783	394.935
16	27	49	38	2.129	-10.04	0.0204608	191.377	407.441
17	28	50	39	2.25	-10.81	0.0204352	191.099	429.973
1	13	37	25	2.249	-13.64	0.0204415	237.737	534.672
2	14	38	26	2.329	-13.2	0.0204264	231.108	538.25
3	15	39	27	2.407	-11.45	0.0204136	227.978	548.743
4	16	40	28	2.417	-9.26	0.0204105	225.972	546.175
5	17	41	29	2.312	-10.21	0.0204272	225.322	520.945
6	18	42	30	2.172	-10.37	0.0204507	221.427	480.939
7	19	43	31	2.124	-9.63	0.0204653	218.421	463.925
8	20	44	32	2.039	-10.53	0.0204883	217.429	443.337
9	21	45	33	1.984	-9.66	0.0205013	219.063	434.62
10	22	46	34	1.984	-10.23	0.0205061	217.198	430.92
11	23	47	35	1.916	-10.05	0.0205176	208.463	399.416
12	24	48	36	1.901	-9.69	0.0205288	203.133	386.156
13	25	49	37	1.884	-9.31	0.020526	203.533	383.456
14	26	50	38	1.922	-10	0.0205147	206.244	396.4
1	14	40	27	2.282	-13.17	0.0204363	248.951	568.107
2	15	41	28	2.277	-11.73	0.020438	247.587	563.755
3	16	42	29	2.236	-11.07	0.0204411	243.914	545.391
4	17	43	30	2.103	-9.63	0.020473	240.204	505.15
5	18	44	31	1.979	-9.97	0.020497	238.065	471.131
6	19	45	32	1.921	-10.87	0.0205152	232.022	445.714
7	20	46	33	1.899	-10.28	0.0205271	230.3	437.34
8	21	47	34	1.836	-9.83	0.0205485	234.131	429.865
9	22	48	35	1.813	-10.54	0.0205513	231.905	420.443
10	23	49	36	1.744	-10.95	0.0205814	224.553	391.621
11	24	50	37	1.748	-11.67	0.0205675	220.749	385.869
1	15	43	29	2.085	-10.79	0.0204737	266.703	556.076
2	16	44	30	2.021	-10.84	0.0204907	259.916	525.291
3	17	45	31	1.915	-11.19	0.0205184	256.644	491.472
4	18	46	32	1.85	-8.99	0.0205336	250.148	462.774
5	19	47	33	1.811	-10.65	0.020554	244.885	443.487
6	20	48	34	1.732	-10.45	0.0205828	246.276	426.55
7	21	49	35	1.691	-10.64	0.0205931	248.223	419.746
8	22	50	36	1.689	-10.84	0.0206075	246.983	417.155
1	16	46	31	1.837	-10.72	0.0205376	276.929	508.718
2	17	47	32	1.782	-10.25	0.0205568	269.624	480.47
3	18	48	33	1.738	-4.89	0.0205747	263.331	457.669
4	19	49	34	1.698	-9.14	0.0205942	259.391	440.446
5	20	50	35	1.625	-10.4	0.0206169	259.268	421.311
1	17	49	33	1.678	-10.2	0.0205977	283.287	475.355
2	18	50	34	1.644	-9.17	0.0206083	277.611	456.392
1	4	2	3	268.474	-7.48	0.0200035	6.22047	1670.03
2	5	3	4	253.647	-6.7	0.0200038	6.36444	1614.32
3	6	4	5	232.147	-6.97	0.020004	6.22273	1444.59
4	7	5	6	189.286	-5.8	0.0200049	6.2405	1181.24
5	8	6	7	124.084	-8.47	0.0200072	6.47375	803.289
6	9	7	8	199.77	-7.78	0.0200047	6.16209	1231
7	10	8	9	197.351	-5.53	0.0200048	6.31557	1246.38
8	11	9	10	254.637	-8.06	0.0200039	6.36299	1620.25
9	12	10	11	251.083	-6.54	0.0200041	6.26265	1572.45
10	13	11	12	286.757	-7.39	0.0200036	6.36241	1824.47
11	14	12	13	236.06	-6.07	0.0200042	6.41176	1513.56
12	15	13	14	304.196	-7.34	0.0200035	6.13026	1864.8
13	16	14	15	243.891	-7.07	0.0200042	6.56574	1601.32
14	17	15	16	306.276	-8.07	0.0200033	6.12866	1877.06
15	18	16	17	292.427	-7.72	0.0200039	6.39002	1868.62
16	19	17	18	303.994	-7.73	0.0200035	6.36016	1933.45
17	20	18	19	315.426	-7.09	0.0200036	6.037	1904.23
18	21	19	20	287.069	-7.59	0.0200039	6.27517	1801.41
19	22	20	21	242.091	-6.91	0.0200046	6.49955	1573.48
20	23	21	22	282.944	-7.73	0.020004	6.36039	1799.63
21	24	22	23	201.61	-7.18	0.0200056	6.15538	1240.99
22	25	23	24	284.596	-8.22	0.0200042	6.42789	1829.35
23	26	24	25	245.974	-6.96	0.0200046	6.40438	1575.31
24	27	25	26	349.396	-9.62	0.0200036	6.40509	2237.91
25	28	26	27	293.56	-7.6	0.020004	6.41941	1884.48
26	29	27	28	355.554	-10.78	0.0200034	6.2526	2223.14
27	30	28	29	311.34	-9.01	0.0200039	6.3265	1969.69
28	31	29	30	292.606	-9.57	0.0200039	6.53592	1912.45
29	32	30	31	256.55	-7.95	0.0200044	6.06013	1554.73
30	33	31	32	223.67	-7.14	0.0200049	6.47702	1448.72
31	34	32	33	195.823	-7.09	0.0200052	6.35732	1244.91
32	35	33	34	216.263	-7.35	0.0200048	6.12946	1325.58
33	36	34	35	202.58	-7.42	0.0200057	6.52476	1321.78
34	37	35	36	183.14	-8.55	0.0200058	6.37449	1167.42
35	38	36	37	202.964	-8.77	0.0200058	6.31329	1281.37
36	39	37	38	165.33	-9.04	0.0200069	6.46837	1069.42
37	40	38	39	156.784	-7.51	0.0200071	6.36957	998.646
38	41	39	40	156.32	-8.56	0.0200071	6.41207	1002.33
39	42	40	41	139.697	-5.98	0.0200077	6.44217	899.952
40	43	41	42	119.92	-7.2	0.020009	6.30319	755.879
41	44	42	43	116.887	-5.39	0.0200087	6.37092	744.677
42	45	43	44	103.814	-5.86	0.0200102	6.43922	668.481
43	46	44	45	94.938	-5.65	0.0200103	6.46334	613.617
44	47	45	46	92.323	-6.08	0.0200108	6.12783	565.74
45	48	46	47	86.539	-0.31	0.0200105	6.54819	566.674
46	49	47	48	83.257	-6.03	0.0200108	6.42162	534.645
47	50	48	49	96.301	-1.39	0.0200097	6.37116	613.549
1	7	3	5	110.586	-7.28	0.0200085	11.5819	1280.8
2	8	4	6	105.25	-6.15	0.0200087	12.0774	1271.14
3	9	5	7	74.612	-7.69	0.020012	13.0035	970.221
4	10	6	8	80.855	-9.14	0.0200112	12.9783	1049.36
5	11	7	9	107.77	-7.41	0.0200084	12.3107	1326.72
6	12	8	10	113.667	-7.3	0.0200082	12.2425	1391.57
7	13	9	11	99.189	-8.47	0.0200096	12.4866	1238.53
8	14	10	12	101.8	-8.91	0.0200092	12.7568	1298.65
9	15	11	13	96.358	-7.69	0.0200093	12.7349	1227.11
10	16	12	14	97.144	-7.89	0.0200096	12.3809	1202.73
11	17	13	15	94.965	-8.26	0.0200099	12.4908	1186.19
12	18	14	16	99.158	-8.68	0.0200096	12.6053	1249.92
13	19	15	17	79.946	-7.82	0.0200118	12.7217	1017.05
14	20	16	18	82.797	-7.99	0.0200116	12.3311	1020.98
15	21	17	19	82.384	-7.4	0.0200118	11.7593	968.782
16	22	18	20	81.179	-7.96	0.0200122	12.1087	982.975
17	23	19	21	71.687	-7.44	0.0200143	14.1624	1015.26
18	24	20	22	78.059	-7.58	0.0200129	13.9538	1089.22
19	25	21	23	74.449	-8.17	0.0200137	11.8575	882.781
20	26	22	24	69.481	-9.21	0.0200143	11.2	778.189
21	27	23	25	82.249	-9.22	0.0200126	12.4212	1021.63
22	28	24	26	92.658	-9.32	0.0200118	13.5989	1260.04
23	29	25	27	88.262	-8.03	0.0200118	13.5135	1192.73
24	30	26	28	86.977	-8.57	0.0200117	12.4098	1079.37
25	31	27	29	94.169	-10.35	0.0200109	12.1384	1143.06
26	32	28	30	95.904	-9.32	0.0200107	12.557	1204.27
27	33	29	31	90.71	-7.52	0.0200112	12.5457	1138.02
28	34	30	32	78.221	-8.23	0.0200132	12.7424	996.721
29	35	31	33	75.61	-9.08	0.020013	12.9199	976.876
30	36	32	34	75.876	-9.4	0.0200124	12.5295	950.685
31	37	33	35	66.427	-9.04	0.0200148	12.4947	829.984
32	38	34	36	55.191	-8.06	0.0200181	12.9045	712.211
33	39	35	37	52.962	-8.27	0.0200179	12.547	664.515
34	40	36	38	55.191	-9.6	0.0200177	12.2802	677.756
35	41	37	39	46.523	-8.52	0.0200211	12.5535	584.026
36	42	38	40	40.991	-8.01	0.0200223	12.9058	529.023
37	43	39	41	35.554	-8.08	0.0200259	12.9418	460.133
38	44	40	42	32.731	-7.38	0.0200286	12.5819	411.819
39	45	41	43	30.97	-6.58	0.0200293	12.4052	384.19
40	46	42	44	27.945	-6.22	0.0200307	12.9353	361.477
41	47	43	45	25.239	-7.02	0.0200358	12.8271	323.744
42	48	44	46	28.097	-4.82	0.0200332	12.1253	340.685
43	49	45	47	29.559	-5.53	0.0200304	12.4949	369.336
44	50	46	48	26.086	-6.04	0.0200339	13.3814	349.068
1	10	4	7	44.251	-7.99	0.0200202	18.2539	807.752
2	11	5	8	42.882	-8.54	0.0200204	19.2813	826.819
3	12	6	9	43.33	-8.42	0.02002	19.3421	838.094
4	13	7	10	56.047	-8.93	0.0200164	18.8392	1055.88
5	14	8	11	61.946	-8.16	0.0200151	18.6299	1154.05
6	15	9	12	59.744	-8.82	0.0200158	18.8111	1123.85
7	16	10	13	44.12	-8.36	0.0200205	19.1915	846.729
8	17	11	14	47.4	-8.18	0.0200188	18.9689	899.127
9	18	12	15	43.749	-7.63	0.0200202	18.898	826.77
10	19	13	16	42.052	-8.56	0.0200213	18.6667	784.97
11	20	14	17	36.33	-8.93	0.0200249	18.574	674.792
12	21	15	18	36.358	-8.74	0.0200251	17.8522	649.071
13	22	16	19	29.949	-7.71	0.0200309	17.7061	530.279
14	23	17	20	31.073	-7.65	0.0200297	18.9474	588.753
15	24	18	21	29.852	-7.13	0.0200319	20.888	623.55
16	25	19	22	30.525	-7.79	0.0200309	21.3644	652.148
17	26	20	23	27.633	-7.74	0.0200332	19.3893	535.785
18	27	21	24	32.334	-8.93	0.0200288	17.3717	561.697
19	28	22	25	31.077	-8.47	0.0200308	17.0003	528.319
20	29	23	26	35	-7.76	0.0200277	18.6486	652.702
21	30	24	27	32.83	-6.15	0.0200294	20.0685	658.848
22	31	25	28	35.011	-8.03	0.0200274	19.9288	697.727
23	32	26	29	33.584	-8.28	0.0200277	18.6182	625.274
24	33	27	30	37.789	-8.9	0.0200249	18.0841	683.379
25	34	28	31	37.154	-7.94	0.0200262	18.3878	683.182
26	35	29	32	38.164	-7.34	0.0200254	19.2589	734.997
27	36	30	33	34.408	-6.85	0.0200276	19.5854	673.894
28	37	31	34	32.554	-9.1	0.0200283	19.6619	640.074
29	38	32	35	31.93	-8.73	0.0200289	19.4398	620.714
30	39	33	36	29.342	-7.85	0.0200313	19.0925	560.211
31	40	34	37	26.018	-7.18	0.0200366	18.5886	483.637
32	41	35	38	24.284	-6.82	0.0200391	18.3159	444.784
33	42	36	39	23.213	-6.62	0.0200404	18.4331	427.888
34	43	37	40	21.986	-7.6	0.0200419	18.7986	413.306
35	44	38	41	21.772	-6.96	0.0200429	19.1938	417.888
36	45	39	42	19.293	-6.82	0.0200477	19.218	370.773
37	46	40	43	17.511	-6.13	0.0200519	19.2438	336.978
38	47	41	44	16.589	-7.35	0.020056	19.0855	316.61
39	48	42	45	17.005	-6.13	0.0200541	18.9906	322.935
40	49	43	46	17.888	-7.02	0.0200525	18.8276	336.788
41	50	44	47	18.574	-5.08	0.0200503	19.2942	358.371
1	13	5	9	24.189	-8.38	0.0200362	24.9143	602.653
2	14	6	10	24.188	-9.68	0.0200369	25.7565	622.998
3	15	7	11	29.451	-9.03	0.0200312	25.4908	750.729
4	16	8	12	34.199	-8.46	0.0200277	25.6427	876.953
5	17	9	13	35.124	-8.39	0.0200269	25.4783	894.901
6	18	10	14	31.283	-7.89	0.0200295	25.063	784.044
7	19	11	15	24.79	-7.92	0.0200365	25.4787	631.618
8	20	12	16	23.689	-8.1	0.0200371	24.5772	582.21
9	21	13	17	22.628	-8.05	0.0200393	23.6952	536.176
10	22	14	18	20.205	-8.83	0.0200442	23.5874	476.583
11	23	15	19	19.566	-8.64	0.0200471	24.0175	469.926
12	24	16	20	18.242	-8.47	0.0200518	25.7448	469.637
13	25	17	21	16.837	-8.02	0.0200544	27.4209	461.685
14	26	18	22	17.58	-8.09	0.020053	27.4636	482.811
15	27	19	23	16.34	-8.18	0.0200564	26.5787	434.296
16	28	20	24	17.704	-8.53	0.0200516	25.0804	444.023
17	29	21	25	18.444	-7.33	0.0200496	23.913	441.05
18	30	22	26	18.404	-7.01	0.0200506	23.5045	432.577
19	31	23	27	18.793	-6.37	0.0200499	24.3777	458.131
20	32	24	28	19.491	-6.9	0.0200481	24.9148	485.615
21	33	25	29	20.813	-6.97	0.0200463	25.2433	525.39
22	34	26	30	21.538	-7.41	0.0200446	25.3017	544.948
23	35	27	31	22.028	-7.56	0.0200436	24.4728	539.087
24	36	28	32	21.773	-7.81	0.0200444	25.1005	546.514
25	37	29	33	20.716	-7.93	0.020045	26.157	541.868
26	38	30	34	20.243	-7.52	0.0200457	26.4266	534.953
27	39	31	35	18.985	-7.12	0.0200486	26.9916	512.436
28	40	32	36	18.181	-7.63	0.0200502	26.0094	472.878
29	41	33	37	18.317	-6.76	0.0200512	24.8582	455.328
30	42	34	38	17.929	-6.16	0.0200535	24.6532	442.007
31	43	35	39	17.46	-6.6	0.0200549	24.0582	420.055
32	44	36	40	16.802	-6.38	0.0200589	24.2718	407.816
33	45	37	41	15.997	-6.1	0.0200591	24.8858	398.097
34	46	38	42	15.866	-6.72	0.0200592	25.3397	402.039
35	47	39	43	15.511	-7.43	0.0200612	25.6482	397.829
36	48	40	44	14.71	-6.26	0.0200649	25.668	377.576
37	49	41	45	14.649	-6.54	0.020065	25.6413	375.619
38	50	42	46	15.486	-6.17	0.0200622	25.7013	398.011
1	16	6	11	15.072	-9.02	0.0200621	31.8257	479.677
2	17	7	12	17.99	-8.48	0.020052	32.2802	580.721
3	18	8	13	19.963	-7.95	0.0200471	32.3539	645.88
4	19	9	14	21.13	-8.53	0.0200455	31.9312	674.707
5	20	10	15	20.563	-7.9	0.0200457	31.0627	638.741
6	21	11	16	19.419	-7.67	0.0200473	29.8741	580.125
7	22	12	17	15.172	-7.39	0.0200601	29.5086	447.705
8	23	13	18	15.028	-8.46	0.0200607	29.8282	448.258
9	24	14	19	14.058	-8.21	0.020065	30.4956	428.707
10	25	15	20	13.74	-8.91	0.0200676	31.5327	433.259
11	26	16	21	12.656	-8.44	0.0200745	33.1552	419.612
12	27	17	22	13.267	-9.08	0.0200708	33.7221	447.391
13	28	18	23	12.551	-8.48	0.0200748	33.0233	414.475
14	29	19	24	12.672	-8.49	0.0200734	32.3921	410.472
15	30	20	25	12.788	-7.03	0.0200727	31.449	402.169
16	31	21	26	13.721	-7.02	0.0200682	30.2291	414.773
17	32	22	27	13.527	-6.49	0.0200693	29.4892	398.901
18	33	23	28	14.965	-6.16	0.0200638	29.5861	442.756
19	34	24	29	15.888	-6.55	0.0200621	30.0454	477.362
20	35	25	30	16.577	-7.2	0.0200589	30.7765	510.183
21	36	26	31	16.381	-7.07	0.0200595	31.2895	512.554
22	37	27	32	16.664	-8.01	0.020059	32.2879	538.045
23	38	28	33	15.81	-7.57	0.0200608	32.8967	520.097
24	39	29	34	15.373	-7.67	0.0200607	33.0411	507.942
25	40	30	35	14.536	-7.88	0.0200648	33.1642	482.075
26	41	31	36	14.096	-6.12	0.0200668	33.2699	468.972
27	42	32	37	13.832	-6.71	0.0200673	32.2554	446.157
28	43	33	38	14.262	-6.24	0.020067	31.0026	442.159
29	44	34	39	14.676	-6.6	0.0200667	30.3483	445.392
30	45	35	40	14.84	-6.62	0.0200649	30.0344	445.71
31	46	36	41	14.553	-6.3	0.0200669	30.2085	439.625
32	47	37	42	14.145	-6.75	0.0200694	30.7298	434.673
33	48	38	43	14.287	-6.33	0.0200675	31.2494	446.459
34	49	39	44	13.984	-7.17	0.0200687	31.9354	446.584
35	50	40	45	13.858	-6.49	0.0200701	32.6474	452.428
1	19	7	13	12.173	-7.71	0.0200785	38.2557	465.686
2	20	8	14	13.382	-7.62	0.0200713	37.8107	505.983
3	21	9	15	14.146	-7.45	0.0200681	37.0467	524.063
4	22	10	16	14.155	-7.6	0.0200673	35.9969	509.537
5	23	11	17	14.505	-7.61	0.0200654	36.0252	522.546
6	24	12	18	12.966	-7.49	0.0200715	36.0997	468.069
7	25	13	19	11.469	-8.78	0.0200821	36.2839	416.14
8	26	14	20	10.77	-8.82	0.0200867	37.3334	402.08
9	27	15	21	10.739	-8.64	0.020087	38.6372	414.925
10	28	16	22	10.788	-9.42	0.0200886	39.6939	428.218
11	29	17	23	10.472	-8.58	0.0200901	39.0496	408.927
12	30	18	24	10.647	-8.39	0.0200896	38.3956	408.797
13	31	19	25	10.371	-7.78	0.020091	38.5339	399.636
14	32	20	26	11.088	-7.17	0.0200861	37.4793	415.571
15	33	21	27	11.625	-6.14	0.0200827	35.9694	418.145
16	34	22	28	12.413	-7.63	0.0200782	34.8899	433.089
17	35	23	29	13.409	-6.32	0.0200735	35.3395	473.867
18	36	24	30	13.993	-6.84	0.0200703	36.3515	508.666
19	37	25	31	14.252	-7.22	0.0200695	36.8851	525.687
20	38	26	32	13.948	-8.08	0.0200707	38.132	531.865
21	39	27	33	13.665	-7.93	0.0200715	39.6182	541.382
22	40	28	34	13.416	-8.14	0.020072	40.3656	541.545
23	41	29	35	12.919	-6.72	0.0200741	40.3917	521.821
24	42	30	36	12.478	-6.85	0.020077	39.6893	495.243
25	43	31	37	12.1	-6.68	0.0200788	39.1094	473.224
26	44	32	38	12.175	-7.3	0.0200785	38.0376	463.108
27	45	33	39	12.534	-6.41	0.0200769	37.084	464.811
28	46	34	40	12.878	-7.13	0.0200759	36.7365	473.093
29	47	35	41	13.164	-7.65	0.0200747	36.0707	474.834
30	48	36	42	13.363	-6.73	0.0200737	35.9439	480.319
31	49	37	43	13.499	-7.19	0.0200727	36.554	493.442
32	50	38	44	13.375	-6.46	0.0200735	37.9189	507.166
1	22	8	15	10.268	-7.52	0.0200949	42.2544	433.868
2	23	9	16	10.704	-8.01	0.0200906	42.7553	457.653
3	24	10	17	10.659	-7.33	0.0200907	43.0299	458.655
4	25	11	18	10.892	-8.37	0.0200882	42.7962	466.137
5	26	12	19	10.555	-8.38	0.02009	41.9883	443.187
6	27	13	20	10.136	-9.02	0.0200939	42.5658	431.447
7	28	14	21	8.958	-11.46	0.0201062	44.6774	400.22
8	29	15	22	9.178	-9.98	0.0201036	45.2912	415.683
9	30	16	23	8.846	-9.31	0.020108	44.6343	394.835
10	31	17	24	9.055	-9.72	0.020105	44.1302	399.599
11	32	18	25	9.234	-9.01	0.0201039	43.8439	404.855
12	33	19	26	9.715	-9.05	0.0201001	44.1165	428.592
13	34	20	27	10.03	-8.07	0.0200971	43.4352	435.655
14	35	21	28	10.956	-8.27	0.0200892	41.4434	454.053
15	36	22	29	11.532	-8.1	0.0200858	40.9126	471.804
16	37	23	30	12.375	-8.8	0.0200797	42.1424	521.512
17	38	24	31	12.687	-8.76	0.0200782	43.3125	549.506
18	39	25	32	12.603	-9.14	0.0200788	44.4798	560.579
19	40	26	33	12.219	-9.03	0.0200806	44.9172	548.843
20	41	27	34	12.297	-9.33	0.0200795	45.585	560.558
21	42	28	35	12.13	-8.62	0.0200807	47.3351	574.175
22	43	29	36	11.927	-8.47	0.0200817	47.6715	568.578
23	44	30	37	11.475	-8.03	0.0200845	46.0702	528.655
24	45	31	38	11.28	-8.44	0.0200858	45.0324	507.966
25	46	32	39	11.256	-8.51	0.0200854	44.0936	496.317
26	47	33	40	11.609	-10.84	0.0200839	43.3088	502.772
27	48	34	41	11.811	-8.66	0.0200835	42.9308	507.056
28	49	35	42	12.059	-10.38	0.0200815	42.2752	509.797
29	50	36	43	12.409	-8.39	0.0200797	42.5304	527.76
1	25	9	17	8.766	-9.03	0.020113	48.6803	426.731
2	26	10	18	8.507	-9.21	0.020114	48.7379	414.613
3	27	11	19	8.783	-9.52	0.0201104	48.5678	426.571
4	28	12	20	8.479	-11.44	0.0201135	49.1329	416.598
5	29	13	21	8.467	-9.96	0.0201135	50.0937	424.143
6	30	14	22	8.208	-9.76	0.020117	50.6271	415.547
7	31	15	23	7.753	-9.41	0.0201239	50.0054	387.692
8	32	16	24	7.876	-9.16	0.0201222	49.3908	389.002
9	33	17	25	8.205	-8.79	0.020117	49.1688	403.43
10	34	18	26	8.729	-8.62	0.0201128	49.6388	433.297
11	35	19	27	8.921	-8.09	0.0201098	49.8429	444.649
12	36	20	28	9.674	-8.83	0.0201016	48.9863	473.893
13	37	21	29	10.372	-8.83	0.0200956	48.0007	497.863
14	38	22	30	10.999	-9.09	0.0200898	48.0048	528.005
15	39	23	31	11.432	-8.9	0.0200869	49.3035	563.638
16	40	24	32	11.577	-8.99	0.020086	50.8299	588.458
17	41	25	33	11.502	-8.49	0.0200864	51.8035	595.844
18	42	26	34	11.452	-8.96	0.0200854	51.883	594.164
19	43	27	35	11.695	-9.07	0.0200845	52.1588	609.997
20	44	28	36	11.548	-8.8	0.0200856	52.9642	611.63
21	45	29	37	11.285	-8.58	0.0200865	53.4691	603.399
22	46	30	38	10.973	-8.29	0.0200893	53.0617	582.247
23	47	31	39	10.728	-10.94	0.020091	51.7789	555.484
24	48	32	40	10.814	-9.21	0.0200898	50.2232	543.114
25	49	33	41	10.988	-9.3	0.020089	49.5448	544.399
26	50	34	42	11.103	-8.76	0.0200895	49.6658	551.439
1	28	10	19	7.37	-10.8	0.0201338	54.1066	398.766
2	29	11	20	7.233	-9.4	0.0201348	55.4458	401.04
3	30	12	21	6.938	-9.32	0.0201392	56.425	391.476
4	31	13	22	7.129	-10.23	0.0201361	56.4461	402.404
5	32	14	23	7.129	-9.45	0.0201356	55.1501	393.165
6	33	15	24	7.393	-9.17	0.0201313	54.1025	399.98
7	34	16	25	7.316	-8.29	0.020134	54.6529	399.84
8	35	17	26	7.729	-8.2	0.0201268	55.0805	425.717
9	36	18	27	8.044	-7.92	0.0201223	55.5206	446.608
10	37	19	28	8.64	-8.8	0.0201141	55.9118	483.078
11	38	20	29	9.349	-8.82	0.0201062	55.5331	519.179
12	39	21	30	10.024	-9.25	0.0200988	55.1264	552.587
13	40	22	31	10.32	-9.15	0.0200961	55.0862	568.489
14	41	23	32	10.756	-8.63	0.0200925	56.7367	610.26
15	42	24	33	10.851	-8.35	0.0200915	58.5322	635.133
16	43	25	34	11.033	-9.14	0.0200896	58.8433	649.218
17	44	26	35	11.103	-8.66	0.0200889	58.9174	654.16
18	45	27	36	11.299	-9.28	0.0200877	58.7149	663.419
19	46	28	37	11.174	-8.64	0.0200883	58.7802	656.81
20	47	29	38	10.846	-11.41	0.0200908	58.9514	639.386
21	48	30	39	10.565	-9.15	0.0200932	58.933	622.628
22	49	31	40	10.438	-9.15	0.0200939	59.0163	616.012
23	50	32	41	10.308	-8.76	0.0200951	57.8991	596.824
1	31	11	21	6.163	-9.04	0.0201594	61.8164	380.974
2	32	12	22	6.114	-9.37	0.0201588	62.0163	379.168
3	33	13	23	6.237	-9.73	0.0201563	60.6959	378.56
4	34	14	24	6.464	-9.73	0.0201517	60.0513	388.172
5	35	15	25	6.821	-8.51	0.0201437	59.5866	406.44
6	36	16	26	7.119	-9.06	0.0201391	60.4268	430.178
7	37	17	27	7.257	-7.77	0.0201358	61.4822	446.176
8	38	18	28	7.842	-8.81	0.020126	61.9011	485.428
9	39	19	29	8.392	-8.67	0.0201184	62.5071	524.559
10	40	20	30	9.083	-8.73	0.0201091	62.566	568.287
11	41	21	31	9.665	-8.29	0.0201029	61.7743	597.048
12	42	22	32	10.016	-9.09	0.0200995	62.6164	627.166
13	43	23	33	10.234	-9	0.0200971	64.4896	659.987
14	44	24	34	10.557	-9.24	0.0200935	65.414	690.576
15	45	25	35	10.783	-8.97	0.0200919	66.1485	713.279
16	46	26	36	10.812	-9.09	0.0200916	65.8854	712.353
17	47	27	37	10.929	-11.44	0.0200906	65.1271	711.774
18	48	28	38	10.803	-9.67	0.0200916	64.8871	700.975
19	49	29	39	10.592	-9.41	0.020093	64.8831	687.242
20	50	30	40	10.197	-8.98	0.0200971	65.4241	667.13
1	34	12	23	5.562	-9.46	0.020177	65.807	366.018
2	35	13	24	5.731	-9.56	0.020171	65.2842	374.144
3	36	14	25	5.948	-8.96	0.0201651	65.7637	391.162
4	37	15	26	6.402	-9.23	0.0201549	66.4294	425.281
5	38	16	27	6.738	-8.23	0.0201469	67.2219	452.941
6	39	17	28	7.262	-8.71	0.0201362	67.6037	490.938
7	40	18	29	7.721	-8.16	0.0201298	68.3585	527.796
8	41	19	30	8.322	-7.92	0.0201193	69.463	578.071
9	42	20	31	8.941	-8.06	0.0201109	69.4117	620.61
10	43	21	32	9.454	-8.62	0.0201056	69.3217	655.367
11	44	22	33	9.699	-8.58	0.0201024	69.7737	676.736
12	45	23	34	10.119	-9.38	0.0200976	71.3648	722.14
13	46	24	35	10.306	-9	0.0200959	73.1446	753.828
14	47	25	36	10.478	-11.67	0.0200952	73.0836	765.77
15	48	26	37	10.5	-9.85	0.0200942	72.2585	758.715
16	49	27	38	10.609	-10.28	0.0200935	71.6942	760.604
17	50	28	39	10.433	-9.29	0.0200952	72.1634	752.881
1	37	13	25	5.413	-10	0.0201819	70.8335	383.422
2	38	14	26	5.729	-9.06	0.0201728	72.4737	415.202
3	39	15	27	6.067	-8.77	0.0201631	73.3444	444.98
4	40	16	28	6.588	-8.13	0.0201511	73.7989	486.187
5	41	17	29	7.263	-7.42	0.0201376	74.0661	537.942
6	42	18	30	7.927	-7.99	0.0201256	75.1726	595.893
7	43	19	31	8.345	-7.62	0.0201196	76.3316	636.987
8	44	20	32	8.835	-7.93	0.0201132	76.817	678.678
9	45	21	33	9.228	-8.2	0.0201076	76.5473	706.378
10	46	22	34	9.553	-8.53	0.0201033	76.978	735.371
11	47	23	35	9.906	-11.34	0.0201002	78.6061	778.672
12	48	24	36	10.131	-10.19	0.0200983	79.7662	808.111
13	49	25	37	10.154	-10.8	0.0200974	79.9184	811.492
14	50	26	38	10.091	-10.43	0.0200984	79.553	802.769
1	40	14	27	5.566	-8.27	0.0201778	78.5812	437.383
2	41	15	28	6.112	-7.85	0.0201625	79.3862	485.209
3	42	16	29	6.71	-7.47	0.0201494	80.5104	540.225
4	43	17	30	7.357	-8.29	0.0201356	81.4727	599.394
5	44	18	31	7.986	-7.35	0.0201253	81.9555	654.497
6	45	19	32	8.444	-7.69	0.0201185	83.5033	705.102
7	46	20	33	8.677	-7.38	0.0201146	84.4397	732.684
8	47	21	34	9.047	-11.07	0.0201093	83.6869	757.115
9	48	22	35	9.392	-9.39	0.0201055	83.9536	788.492
10	49	23	36	9.7	-9.77	0.0201028	85.6294	830.605
11	50	24	37	9.773	-9.91	0.0201016	86.9052	849.325
1	43	15	29	6.347	-8.1	0.0201573	85.4045	542.062
2	44	16	30	6.929	-7.74	0.0201442	87.2706	604.698
3	45	17	31	7.492	-7.11	0.0201334	88.3975	662.274
4	46	18	32	7.922	-7.68	0.0201265	90.0988	713.762
5	47	19	33	8.247	-10.14	0.020121	91.1891	752.036
6	48	20	34	8.667	-8.67	0.0201145	91.0288	788.947
7	49	21	35	8.94	-8.97	0.020111	91.066	814.13
8	50	22	36	9.102	-8.54	0.0201096	91.6434	834.138
1	46	16	31	7.107	-7.75	0.0201408	93.836	666.892
2	47	17	32	7.474	-9.89	0.0201346	95.9855	717.396
3	48	18	33	7.795	-8.52	0.0201282	97.6183	760.935
4	49	19	34	8.116	-9.4	0.0201221	98.8503	802.269
5	50	20	35	8.47	-8.06	0.0201176	99.2567	840.704
1	49	17	33	7.406	-8.96	0.0201348	103.16	764.002
2	50	18	34	7.652	-8.43	0.0201299	105.482	807.145
