50# Number of sensors
#x	y	z
0	0	541.493
0.9871	0	541.333
1.9648	0	541.123
2.9476	0	540.938
3.9377	0	540.798
4.9359	0	540.738
5.9274	0	540.608
6.912	0	540.433
7.8999	0	540.278
8.8862	0	540.113
9.8708	0	539.938
10.8571	0	539.773
11.8302	0	539.543
12.8139	0	539.363
13.8026	0	539.213
14.7853	0	539.028
15.7829	0	538.958
16.7692	0	538.793
17.7689	0	538.768
18.7664	0	538.698
19.7531	0	538.535
20.6841	0	538.17
21.6596	0	537.95
22.6498	0	537.81
23.6483	0	537.755
24.6377	0	537.61
25.6248	0	537.45
26.6056	0	537.255
27.6024	0	537.175
28.5911	0	537.025
29.5826	0	536.895
30.5741	0	536.765
31.5384	0	536.5
32.5092	0	536.26
33.472	0	535.99
34.4194	0	535.67
35.3794	0	535.39
36.349	0	535.145
37.3233	0	534.92
38.301	0	534.71
39.2742	0	534.48
40.2508	0	534.265
41.2326	0	534.075
42.2103	0	533.865
43.1835	0	533.635
44.1623	0	533.43
45.1538	0	533.3
46.1194	0	533.04
47.1012	0	532.85
48.0719	0	532.61
784# Number of data
#a	b	m	n	R	ip	err	k	rhoa
1	2	4	3	83.183	-6.02	0.0200101	19.4897	1621.21
2	3	5	4	83.231	-5.29	0.0200093	19.5546	1627.55
3	4	6	5	69.989	-4.43	0.0200111	19.7817	1384.5
4	5	7	6	44.143	-12.99	0.0200174	18.8222	830.867
5	6	8	7	36.415	-10.42	0.0200222	17.7253	645.465
6	7	9	8	30.288	-6.51	0.0200283	19.572	592.795
7	8	10	9	81.692	-7.8	0.020011	19.2949	1576.24
8	9	11	10	74.579	-4.76	0.0200117	18.988	1416.1
9	10	12	11	74.383	-8.19	0.0200114	19.1462	1424.15
10	11	13	12	72.458	-5.99	0.0200118	18.7237	1356.68
11	12	14	13	85.033	-4.9	0.0200094	18.8301	1601.18
12	13	15	14	63.604	-5.6	0.0200121	20.0586	1275.81
13	14	16	15	80.637	-7.25	0.0200093	18.2025	1467.79
14	15	17	16	79.069	-7.4	0.0200117	19.6545	1554.06
15	16	18	17	83.583	-8.03	0.0200084	18.3828	1536.49
16	17	19	18	91.513	-6.52	0.0200091	18.8286	1723.06
17	18	20	19	81.324	-6.28	0.0200097	20.2701	1648.45
18	19	21	20	78.872	-6.77	0.0200107	18.3173	1444.73
19	20	22	21	78.153	-7.89	0.0200096	17.2824	1350.67
20	21	23	22	52.094	-7.75	0.020015	18.9626	987.84
21	22	24	23	65.606	-7.82	0.0200114	21.2428	1393.65
22	23	25	24	49.916	-7.2	0.020015	19.6516	980.93
23	24	26	25	68.749	-7.74	0.0200103	18.6559	1282.57
24	25	27	26	66.578	-6.52	0.0200113	18.4255	1226.73
25	26	28	27	92.313	-8.75	0.0200085	18.8423	1739.39
26	27	29	28	83.043	-7.54	0.0200107	19.9828	1659.43
27	28	30	29	93.913	-10.71	0.0200098	19.3933	1821.29
28	29	31	30	77.166	-8.33	0.0200109	18.3405	1415.27
29	30	32	31	65.189	-7.97	0.0200119	19.9388	1299.79
30	31	33	32	59.076	-6.73	0.020013	18.0592	1066.87
31	32	34	33	51.538	-7.43	0.0200147	18.8302	970.468
32	33	35	34	43.054	-6.42	0.0200171	20.0747	864.298
33	34	36	35	60.475	-8.06	0.0200121	18.3368	1108.92
34	35	37	36	51.943	-8.68	0.0200134	19.1405	994.217
35	36	38	37	42.215	-8.74	0.020021	19.8855	839.467
36	37	39	38	44.183	-7.93	0.0200187	19.2432	850.221
37	38	40	39	44.175	-8.27	0.0200164	19.4282	858.241
38	39	41	40	38.724	-7.76	0.0200184	19.0734	738.597
39	40	42	41	35.892	-9.01	0.0200203	18.9059	678.572
40	41	43	42	34.165	-6.8	0.0200201	19.6492	671.315
41	42	44	43	29.625	-7.64	0.0200262	19.3419	573.003
42	43	45	44	29.446	-7.16	0.0200256	18.8629	555.436
43	44	46	45	30.698	-7.73	0.0200256	18.9774	582.568
44	45	47	46	28.295	-7.3	0.0200258	20.4911	579.797
45	46	48	47	25.113	-5.56	0.0200328	18.4756	463.979
46	47	49	48	27.467	-0.18	0.0200284	18.8189	516.897
47	48	50	49	35.705	-8.31	0.0200231	19.4429	694.21
1	3	7	5	26.561	-6.94	0.0200302	41.2338	1095.21
2	4	8	6	24.384	-11.84	0.020034	39.6893	967.785
3	5	9	7	35.972	-6.27	0.0200232	35.2313	1267.34
4	6	10	8	37.741	-2.26	0.0200213	35.295	1332.07
5	7	11	9	24.722	-7.42	0.0200316	38.1621	943.444
6	8	12	10	32.867	-9.12	0.0200244	38.2234	1256.29
7	9	13	11	41.5	-6.72	0.0200201	37.8021	1568.79
8	10	14	12	39.311	-6.71	0.0200215	37.0855	1457.87
9	11	15	13	34.003	-7.2	0.0200232	36.7558	1249.81
10	12	16	14	32.352	-7.25	0.0200244	38.5365	1246.73
11	13	17	15	27.531	-7.64	0.0200277	38.0366	1047.18
12	14	18	16	28.544	-7.99	0.0200273	36.8378	1051.5
13	15	19	17	27.886	-7.84	0.020026	38.1369	1063.49
14	16	20	18	31.123	-7.21	0.0200223	38.0523	1184.3
15	17	21	19	26.364	-6.9	0.0200309	41.3243	1089.47
16	18	22	20	26.619	-5.91	0.0200284	38.4701	1024.04
17	19	23	21	25.895	-6.24	0.0200308	31.689	820.588
18	20	24	22	19.499	-7.6	0.0200411	32.247	628.785
19	21	25	23	20.816	-8.03	0.0200383	41.8975	872.139
20	22	26	24	21.592	-7.82	0.020034	45.4705	981.798
21	23	27	25	19.938	-8.08	0.0200364	40.1251	800.015
22	24	28	26	25.459	-7.81	0.0200307	35.2891	898.425
23	25	29	27	32.109	-8.14	0.0200255	35.268	1132.42
24	26	30	28	34.085	-8.91	0.0200243	39.0676	1331.62
25	27	31	29	30.901	-8.79	0.0200233	41.0141	1267.38
26	28	32	30	29.812	-8.85	0.0200265	38.2639	1140.72
27	29	33	31	29.35	-9.08	0.0200273	37.9982	1115.25
28	30	34	32	27.135	-8.73	0.0200283	37.107	1006.9
29	31	35	33	22.317	-8.15	0.0200344	35.1079	783.504
30	32	36	34	18.426	-7.24	0.0200447	37.7517	695.613
31	33	37	35	21.732	-7.32	0.0200387	37.741	820.187
32	34	38	36	21.609	-8.44	0.0200333	36.6457	791.878
33	35	39	37	17.449	-9.46	0.0200422	39.1332	682.834
34	36	40	38	14.983	-8.72	0.0200505	40.1907	602.178
35	37	41	39	12.703	-7.89	0.0200576	38.9924	495.32
36	38	42	40	9.9	-9.35	0.0200666	37.6275	372.512
37	39	43	41	9.026	-9.75	0.0200773	36.8525	332.631
38	40	44	42	9.389	-9.08	0.0200735	38.3305	359.885
39	41	45	43	8.755	-7.87	0.0200932	38.8612	340.23
40	42	46	44	8.857	-8.4	0.0200944	36.9847	327.573
41	43	47	45	9.107	-6.83	0.020084	36.7617	334.789
42	44	48	46	8.003	-7.36	0.0201032	39.729	317.951
43	45	49	47	7.52	-7.02	0.0201252	38.079	286.354
44	46	50	48	8.89	-3.4	0.0201085	34.5299	306.971
1	4	10	7	22.937	-8.78	0.0200371	57.7962	1325.67
2	5	11	8	29.185	-4.39	0.0200281	53.8762	1572.38
3	6	12	9	25.612	-5.88	0.0200304	53.9967	1382.96
4	7	13	10	17.023	-7.79	0.020045	56.3676	959.545
5	8	14	11	20.064	-10.22	0.0200401	56.9222	1142.09
6	9	15	12	20.407	-7.16	0.020041	56.1564	1145.98
7	10	16	13	19.686	-7.76	0.0200413	55.0871	1084.44
8	11	17	14	16.138	-8.27	0.0200506	56.3143	908.8
9	12	18	15	15.215	-8.99	0.0200523	57.0185	867.536
10	13	19	16	12.508	-7.92	0.0200652	58.2143	728.144
11	14	20	17	11.897	-7.99	0.0200605	58.0274	690.351
12	15	21	18	11.492	-7.2	0.0200668	60.4744	694.971
13	16	22	19	10.711	-10.6	0.0200714	61.0698	654.118
14	17	23	20	10.034	-7.28	0.0200816	56.9715	571.652
15	18	24	21	9.914	-7.82	0.020078	49.6	491.734
16	19	25	22	8.367	-7.02	0.0201045	46.861	392.086
17	20	26	23	8.559	-8.18	0.020099	54.564	467.013
18	21	27	24	7.9	-8.47	0.0201048	65.391	516.589
19	22	28	25	8.959	-8.56	0.0200868	67.141	601.516
20	23	29	26	9.03	-8.98	0.0200926	58.6019	529.176
21	24	30	27	12.415	-9.88	0.0200687	53.5354	664.642
22	25	31	28	13.108	-9.36	0.0200646	55.1082	722.359
23	26	32	29	13.145	-9.94	0.0200556	59.7876	785.908
24	27	33	30	11.519	-8.33	0.0200617	60.6365	698.471
25	28	34	31	12.52	-9.67	0.0200624	58.768	735.776
26	29	35	32	13.222	-9.33	0.0200625	55.0542	727.927
27	30	36	33	12.866	-8.78	0.0200645	53.5402	688.848
28	31	37	34	11.157	-8.65	0.0200789	53.0561	591.947
29	32	38	35	10.749	-8.34	0.0200839	54.3529	584.239
30	33	39	36	9.659	-8.33	0.0200891	55.8306	539.268
31	34	40	37	8.894	-9.46	0.0200915	57.8556	514.568
32	35	41	38	7.759	-8.97	0.0200966	60.4598	469.108
33	36	42	39	6.343	-8.05	0.0201229	60.6308	384.581
34	37	43	40	4.917	-7.92	0.0201587	58.4853	287.572
35	38	44	41	4.285	-7.78	0.0201882	56.8277	243.507
36	39	45	42	4.121	-7.28	0.0201945	56.9204	234.569
37	40	46	43	4.181	-6.78	0.0202146	56.966	238.175
38	41	47	44	4.407	-5.96	0.0202107	56.6627	249.713
39	42	48	45	4.528	-6.66	0.0202044	56.0763	253.913
40	43	49	46	4.446	-6.41	0.0202035	57.6134	256.149
41	44	50	47	4.671	-6.09	0.0202136	56.3017	262.985
1	5	13	9	18.484	-8.2	0.0200436	73.8986	1365.94
2	6	14	10	15.658	-8.31	0.0200499	72.1833	1130.25
3	7	15	11	11.956	-9.18	0.0200669	74.3204	888.575
4	8	16	12	11.87	-10.05	0.0200699	73.7078	874.912
5	9	17	13	11.223	-8.67	0.0200743	73.5541	825.498
6	10	18	14	9.942	-10.3	0.0200855	75.4482	750.106
7	11	19	15	8.853	-9.64	0.0200942	75.1184	665.023
8	12	20	16	7.975	-9.55	0.0201084	78.7812	628.28
9	13	21	17	6.43	-9.14	0.0201242	81.5985	524.678
10	14	22	18	6.142	-8.68	0.0201308	80.8826	496.781
11	15	23	19	5.257	-7.9	0.0201645	81.7902	429.971
12	16	24	20	5.183	-8.01	0.0201574	75.0927	389.205
13	17	25	21	5.052	-7.03	0.0201726	68.3166	345.135
14	18	26	22	4.5	-7.24	0.0201952	65.6202	295.291
15	19	27	23	4.793	-6.47	0.0201935	69.1392	331.384
16	20	28	24	4.572	-7.69	0.0202012	77.1256	352.618
17	21	29	25	4.735	-7.84	0.0201914	85.0274	402.605
18	22	30	26	5.474	-8.64	0.0201665	84.7281	463.801
19	23	31	27	5.999	-9.01	0.0201525	78.125	468.672
20	24	32	28	6.784	-9.36	0.0201326	75.9829	515.468
21	25	33	29	6.859	-9.68	0.0201177	76.8966	527.434
22	26	34	30	6.572	-8.04	0.0201178	77.2532	507.708
23	27	35	31	6.472	-7.96	0.0201196	79.2451	512.874
24	28	36	32	7.391	-8.6	0.0201138	74.6808	551.966
25	29	37	33	8.021	-8.1	0.0201121	70.5189	565.632
26	30	38	34	7.985	-7.61	0.0201171	70.6124	563.84
27	31	39	35	7.989	-7.43	0.0201207	68.644	548.397
28	32	40	36	6.796	-8.29	0.020139	72.0684	489.777
29	33	41	37	5.979	-7.42	0.0201568	76.7449	458.858
30	34	42	38	5.422	-7.59	0.0201585	78.539	425.838
31	35	43	39	4.49	-7.33	0.0201851	81.7644	367.122
32	36	44	40	3.698	-6.55	0.020235	81.0234	299.624
33	37	45	41	3.214	-6.73	0.02028	78.2501	251.496
34	38	46	42	2.994	-6.62	0.0203032	77.2606	231.318
35	39	47	43	2.893	-6.04	0.0203336	75.9677	219.775
36	40	48	44	3.022	-5.87	0.0203228	75.1232	227.022
37	41	49	45	3.228	-4.77	0.0203077	74.9336	241.886
38	42	50	46	3.387	-5.51	0.0202976	75.6545	256.242
1	6	16	11	10.394	-8.63	0.0200786	90.9501	945.335
2	7	17	12	7.559	-8.77	0.020111	91.3193	690.283
3	8	18	13	7.25	-10.07	0.0201167	90.9858	659.647
4	9	19	14	6.62	-8.85	0.0201322	92.9138	615.09
5	10	20	15	5.979	-9.63	0.0201462	95.1741	569.046
6	11	21	16	5.022	-9.57	0.0201796	99.3029	498.699
7	12	22	17	4.651	-8.75	0.0201845	102.106	474.893
8	13	23	18	4.042	-7.86	0.0202211	102.067	412.555
9	14	24	19	3.568	-8.05	0.0202541	100.554	358.775
10	15	25	20	3.359	-7.38	0.0202725	96.4365	323.93
11	16	26	21	3.449	-7.11	0.0202573	87.8534	303.006
12	17	27	22	3.176	-7.33	0.0203008	84.6929	268.985
13	18	28	23	3.381	-7.03	0.0202779	87.7199	296.581
14	19	29	24	3.518	-7.09	0.0202782	91.2105	320.878
15	20	30	25	3.658	-8.5	0.0202655	96.862	354.321
16	21	31	26	3.805	-8.32	0.0202608	102.703	390.785
17	22	32	27	4.443	-8.49	0.0202169	103.597	460.279
18	23	33	28	4.456	-8.88	0.0202141	100.241	446.672
19	24	34	29	4.682	-9.01	0.020189	97.8299	458.04
20	25	35	30	4.612	-8.19	0.0201877	95.8382	442.006
21	26	36	31	4.732	-8.66	0.0201787	95.9768	454.162
22	27	37	32	4.855	-7.71	0.0201763	92.2896	448.066
23	28	38	33	5.519	-10.21	0.0201646	87.7721	484.414
24	29	39	34	5.98	-7.33	0.0201632	86.655	518.197
25	30	40	35	6.347	-7.22	0.0201557	86.3045	547.774
26	31	41	36	5.801	-7.08	0.02017	86.2267	500.201
27	32	42	37	5.179	-6.91	0.0201912	91.522	473.993
28	33	43	38	4.637	-6.22	0.0202076	96.7846	448.79
29	34	44	39	3.947	-8.42	0.0202331	99.467	392.596
30	35	45	40	3.214	-6.17	0.0202813	101.543	326.358
31	36	46	41	2.894	-6.16	0.0203268	100.96	292.18
32	37	47	42	2.669	-6.06	0.0203535	99.18	264.711
33	38	48	43	2.52	-6.43	0.0203915	97.0582	244.587
34	39	49	44	2.57	-5.64	0.0203874	94.2798	242.299
35	40	50	45	2.781	-5.66	0.020364	92.6496	257.658
1	7	19	13	4.897	-8.55	0.0201758	109.803	537.704
2	8	20	14	4.576	-9.72	0.020196	112.174	513.309
3	9	21	15	4.3	-8.65	0.0202104	114.14	490.802
4	10	22	16	3.859	-8.79	0.0202429	118.388	456.857
5	11	23	17	3.278	-8.27	0.020273	119.94	393.162
6	12	24	18	3.151	-7.17	0.0202992	121.523	382.919
7	13	25	19	2.837	-6.62	0.0203455	122.506	347.549
8	14	26	20	2.76	-6.7	0.0203431	116.378	321.202
9	15	27	21	2.706	-6.43	0.020354	109.3	295.765
10	16	28	22	2.72	-7.09	0.0203536	103.913	282.643
11	17	29	23	2.94	-6.77	0.0203409	107.319	315.519
12	18	30	24	2.988	-8.11	0.0203234	110.583	330.421
13	19	31	25	3.178	-7.12	0.0203077	111.06	352.948
14	20	32	26	3.267	-8.8	0.0203084	114.94	375.51
15	21	33	27	3.517	-8.71	0.0202855	121.677	427.938
16	22	34	28	3.736	-9.37	0.020262	125.192	467.719
17	23	35	29	3.644	-8.73	0.0202546	120.756	440.034
18	24	36	30	3.765	-7.54	0.0202465	114.963	432.837
19	25	37	31	3.798	-9.01	0.0202407	113.869	432.474
20	26	38	32	3.959	-8.92	0.0202293	110.363	436.927
21	27	39	33	4.143	-8.15	0.0202197	105.86	438.579
22	28	40	34	4.583	-8.15	0.0202098	102.687	470.613
23	29	41	35	5.046	-6.95	0.020201	100.997	509.63
24	30	42	36	4.919	-6.92	0.0202038	103.048	506.892
25	31	43	37	4.645	-6.53	0.0202148	105.801	491.447
26	32	44	38	4.249	-6.09	0.0202328	111.604	474.207
27	33	45	39	3.742	-6.01	0.020266	116.483	435.88
28	34	46	40	3.222	-6.54	0.0203002	118.043	380.335
29	35	47	41	2.815	-3.86	0.0203353	120.973	340.54
30	36	48	42	2.625	-5.27	0.0203675	121.89	319.96
31	37	49	43	2.466	-5.75	0.0204026	119.067	293.618
32	38	50	44	2.502	-5.36	0.0204002	114.655	286.866
1	8	22	15	3.146	-8.9	0.0202933	134.704	423.777
2	9	23	16	2.953	-7.72	0.0203261	135.992	401.585
3	10	24	17	2.753	-7.01	0.0203412	137.37	378.18
4	11	25	18	2.577	-8.57	0.0203775	139.067	358.376
5	12	26	19	2.458	-6.68	0.0204026	142.931	351.324
6	13	27	20	2.353	-7.43	0.0204239	139.105	327.315
7	14	28	21	2.489	-6.26	0.0203975	128.68	320.285
8	15	29	22	2.524	-6.49	0.0203992	125.188	315.976
9	16	30	23	2.745	-8.13	0.0203587	127.328	349.515
10	17	31	24	2.804	-8.05	0.020355	130.657	366.363
11	18	32	25	2.854	-8.72	0.0203403	131.539	375.413
12	19	33	26	2.964	-8.95	0.0203344	129.772	384.644
13	20	34	27	3.148	-8.93	0.0203166	133.284	419.577
14	21	35	28	3.149	-8.63	0.0203139	142.718	449.418
15	22	36	29	3.269	-8.98	0.0202907	144.837	473.472
16	23	37	30	3.161	-8.11	0.0203031	136.707	432.132
17	24	38	31	3.271	-8.5	0.0202914	131.396	429.798
18	25	39	32	3.393	-9.23	0.0202817	126.751	430.067
19	26	40	33	3.514	-8.58	0.0202675	124.455	437.333
20	27	41	34	3.592	-8.51	0.0202646	122.761	440.958
21	28	42	35	3.979	-8.11	0.0202492	117.574	467.827
22	29	43	36	4.078	-7.37	0.0202497	116.624	475.591
23	30	44	37	4.087	-6.7	0.0202463	121.494	496.546
24	31	45	38	3.896	-6.24	0.0202566	125.238	487.927
25	32	46	39	3.537	-5.76	0.0202834	130.99	463.311
26	33	47	40	3.177	-5.45	0.0203153	135.116	429.263
27	34	48	41	2.959	-5.59	0.0203352	136.885	405.043
28	35	49	42	2.757	-1.94	0.0203555	140.633	387.726
29	36	50	43	2.668	-5.52	0.0203757	140.095	373.773
1	9	25	17	2.261	-6.42	0.0204241	157.1	355.202
2	10	26	18	2.284	-6.83	0.0204357	158.611	362.267
3	11	27	19	2.152	-0.54	0.0204684	160.594	345.598
4	12	28	20	2.249	-5.13	0.0204484	157.745	354.769
5	13	29	21	2.324	-6.48	0.0204399	150.74	350.32
6	14	30	22	2.406	-7.73	0.0204214	145.697	350.548
7	15	31	23	2.602	-9.14	0.0203883	149.216	388.26
8	16	32	24	2.696	-8.5	0.0203635	151.359	408.065
9	17	33	25	2.726	-9.31	0.0203634	152.243	415.014
10	18	34	26	2.742	-8.96	0.0203595	149.8	410.751
11	19	35	27	2.939	-7.27	0.0203389	148.411	436.181
12	20	36	28	2.913	-9.17	0.0203357	153.909	448.337
13	21	37	29	2.85	-8.83	0.020336	161.031	458.937
14	22	38	30	2.874	-8.35	0.0203369	159.976	459.772
15	23	39	31	2.857	-8.59	0.020339	152.711	436.296
16	24	40	32	2.985	-7.63	0.0203273	144.436	431.141
17	25	41	33	3.038	-8.55	0.0203189	140.025	425.397
18	26	42	34	3.084	-9.01	0.020315	139.751	430.991
19	27	43	35	3.162	-7.74	0.0203076	138	436.355
20	28	44	36	3.311	-8.39	0.0203009	135.418	448.369
21	29	45	37	3.468	-7.25	0.0202949	135.859	471.159
22	30	46	38	3.506	-6.8	0.0202874	139.264	488.261
23	31	47	39	3.32	-6.59	0.020303	143.314	475.801
24	32	48	40	3.059	-5.9	0.020328	149.536	457.431
25	33	49	41	2.946	-4.79	0.0203435	153.712	452.836
26	34	50	42	2.958	-4.43	0.0203396	155.432	459.767
1	10	28	19	2.001	-7.33	0.0205107	180.875	361.932
2	11	29	20	2.099	-6.96	0.0204861	175.971	369.364
3	12	30	21	2.299	-7.33	0.0204468	169.81	390.393
4	13	31	22	2.359	-6.5	0.0204392	167.111	394.216
5	14	32	23	2.475	-7.81	0.02041	170.261	421.397
6	15	33	24	2.508	-8.28	0.0203997	174.609	437.92
7	16	34	25	2.633	-7.59	0.0203724	172.544	454.309
8	17	35	26	2.669	-12.41	0.020375	170.22	454.317
9	18	36	27	2.751	-9.19	0.020356	168.125	462.512
10	19	37	28	2.752	-8.75	0.0203584	167.989	462.305
11	20	38	29	2.673	-9.21	0.0203646	172.25	460.425
12	21	39	30	2.561	-8.82	0.0203798	176.198	451.244
13	22	40	31	2.616	-8.91	0.0203706	175.995	460.404
14	23	41	32	2.607	-8.74	0.0203761	165.811	432.268
15	24	42	33	2.688	-8.49	0.0203666	157.216	422.596
16	25	43	34	2.685	-8.95	0.0203704	155.262	416.878
17	26	44	35	2.728	-8.95	0.0203623	154.31	420.956
18	27	45	36	2.698	-8.66	0.0203676	154.52	416.895
19	28	46	37	2.873	-8.08	0.0203486	154.656	444.327
20	29	47	38	3.025	-7.87	0.0203361	155.79	471.264
21	30	48	39	3.029	-6.98	0.0203351	158.685	480.658
22	31	49	40	2.934	-5.89	0.0203452	160.163	469.918
23	32	50	41	2.929	-4.39	0.0203466	165.661	485.222
1	11	31	21	2.136	-6.73	0.0204764	189.593	404.971
2	12	32	22	2.287	-7.49	0.0204521	187.528	428.876
3	13	33	23	2.407	-7.53	0.0204305	192.342	462.968
4	14	34	24	2.468	-8.76	0.0204065	194.305	479.545
5	15	35	25	2.471	-8.45	0.020401	195.393	482.815
6	16	36	26	2.538	-10.88	0.0203848	190.719	484.046
7	17	37	27	2.673	-8.68	0.0203762	187.584	501.411
8	18	38	28	2.615	-8.4	0.0203765	187.146	489.387
9	19	39	29	2.551	-9.68	0.020382	186.206	475.011
10	20	40	30	2.422	-8.9	0.020407	187.721	454.661
11	21	41	31	2.353	-8.37	0.02042	192.999	454.127
12	22	42	32	2.387	-9.69	0.020411	188.788	450.636
13	23	43	33	2.363	-7.8	0.0204144	178.473	421.732
14	24	44	34	2.389	-9.17	0.0204174	172.763	412.732
15	25	45	35	2.401	-9.09	0.0204198	169.495	406.957
16	26	46	36	2.358	-9.85	0.0204248	170.269	401.495
17	27	47	37	2.374	-9.2	0.0204146	172.962	410.612
18	28	48	38	2.545	-7.91	0.0203917	173.71	442.092
19	29	49	39	2.664	-7.56	0.0203846	175.075	466.399
20	30	50	40	2.758	-7.02	0.0203694	176.717	487.386
1	12	34	23	2.307	-6.6	0.0204472	213.692	492.987
2	13	35	24	2.377	-8.09	0.0204308	217.109	516.067
3	14	36	25	2.427	-8.53	0.020401	214.653	520.964
4	15	37	26	2.444	-8.19	0.0204102	211.559	517.05
5	16	38	27	2.525	-9.29	0.0203931	207.339	523.53
6	17	39	28	2.49	-8.46	0.0204018	207.001	515.433
7	18	40	29	2.427	-9.42	0.0204014	205.543	498.854
8	19	41	30	2.327	-7.56	0.0204241	201.878	469.769
9	20	42	31	2.221	-8.71	0.0204476	204.259	453.66
10	21	43	32	2.162	-8.81	0.02046	205.739	444.807
11	22	44	33	2.186	-8.05	0.0204541	202.234	442.083
12	23	45	34	2.124	-9.03	0.0204695	194.068	412.2
13	24	46	35	2.164	-9.3	0.0204647	186.496	403.577
14	25	47	36	2.097	-10.03	0.0204812	185.594	389.19
15	26	48	37	2.094	-9.02	0.0204735	188.783	395.312
16	27	49	38	2.134	-7.98	0.0204608	191.377	408.398
17	28	50	39	2.299	-8.41	0.0204352	191.099	439.336
1	13	37	25	2.317	-8.71	0.0204415	237.737	550.838
2	14	38	26	2.365	-8.58	0.0204264	231.108	546.57
3	15	39	27	2.425	-8.88	0.0204136	227.978	552.847
4	16	40	28	2.408	-8.97	0.0204105	225.972	544.142
5	17	41	29	2.302	-8.81	0.0204272	225.322	518.691
6	18	42	30	2.16	-8.98	0.0204507	221.427	478.282
7	19	43	31	2.129	-8.16	0.0204653	218.421	465.017
8	20	44	32	2.066	-8.27	0.0204883	217.429	449.207
9	21	45	33	1.996	-9.22	0.0205013	219.063	437.249
10	22	46	34	1.987	-8.93	0.0205061	217.198	431.572
11	23	47	35	1.956	-9.2	0.0205176	208.463	407.754
12	24	48	36	1.915	-10.14	0.0205288	203.133	389
13	25	49	37	1.887	-10.08	0.020526	203.533	384.066
14	26	50	38	1.908	-10.23	0.0205147	206.244	393.513
1	14	40	27	2.315	-9.15	0.0204363	248.951	576.322
2	15	41	28	2.281	-9.12	0.020438	247.587	564.745
3	16	42	29	2.206	-8.74	0.0204411	243.914	538.074
4	17	43	30	2.091	-8.79	0.020473	240.204	502.267
5	18	44	31	1.983	-9.3	0.020497	238.065	472.084
6	19	45	32	1.943	-9.67	0.0205152	232.022	450.818
7	20	46	33	1.914	-8.8	0.0205271	230.3	440.794
8	21	47	34	1.851	-8.57	0.0205485	234.131	433.377
9	22	48	35	1.85	-9.26	0.0205513	231.905	429.023
10	23	49	36	1.767	-9.39	0.0205814	224.553	396.786
11	24	50	37	1.776	-9.89	0.0205675	220.749	392.05
1	15	43	29	2.079	-8.74	0.0204737	266.703	554.476
2	16	44	30	1.998	-8.81	0.0204907	259.916	519.313
3	17	45	31	1.922	-8.76	0.0205184	256.644	493.269
4	18	46	32	1.86	-8.64	0.0205336	250.148	465.275
5	19	47	33	1.818	-8.56	0.020554	244.885	445.201
6	20	48	34	1.75	-9.59	0.0205828	246.276	430.983
7	21	49	35	1.738	-8.75	0.0205931	248.223	431.412
8	22	50	36	1.717	-9.16	0.0206075	246.983	424.071
1	16	46	31	1.836	-8.31	0.0205376	276.929	508.441
2	17	47	32	1.8	-8.43	0.0205568	269.624	485.323
3	18	48	33	1.741	-7.79	0.0205747	263.331	458.459
4	19	49	34	1.707	-8.32	0.0205942	259.391	442.78
5	20	50	35	1.67	-8.65	0.0206169	259.268	432.978
1	17	49	33	1.682	-13.64	0.0205977	283.287	476.488
2	18	50	34	1.649	-8.5	0.0206083	277.611	457.78
1	4	2	3	234.09	-5.39	0.0200035	6.22047	1456.15
2	5	3	4	213.583	-5.54	0.0200038	6.36444	1359.34
3	6	4	5	192.843	-7.06	0.020004	6.22273	1200.01
4	7	5	6	163.083	-4.69	0.0200049	6.2405	1017.72
5	8	6	7	111.35	-11.68	0.0200072	6.47375	720.852
6	9	7	8	180.58	-7.89	0.0200047	6.16209	1112.75
7	10	8	9	176.603	-4.5	0.0200048	6.31557	1115.35
8	11	9	10	218.443	-7.37	0.0200039	6.36299	1389.95
9	12	10	11	206.747	-5.33	0.0200041	6.26265	1294.78
10	13	11	12	226.263	-6.17	0.0200036	6.36241	1439.58
11	14	12	13	195.009	-5.6	0.0200042	6.41176	1250.35
12	15	13	14	224.681	-5.82	0.0200035	6.13026	1377.35
13	16	14	15	197.483	-6.08	0.0200042	6.56574	1296.62
14	17	15	16	218.493	-7.1	0.0200033	6.12866	1339.07
15	18	16	17	221.133	-6.29	0.0200039	6.39002	1413.04
16	19	17	18	213.537	-6.66	0.0200035	6.36016	1358.13
17	20	18	19	222.756	-5.87	0.0200036	6.037	1344.78
18	21	19	20	200.994	-6.39	0.0200039	6.27517	1261.27
19	22	20	21	173.834	-5.7	0.0200046	6.49955	1129.84
20	23	21	22	189.441	-7.06	0.020004	6.36039	1204.92
21	24	22	23	137.71	-6.93	0.0200056	6.15538	847.658
22	25	23	24	179.326	-7.44	0.0200042	6.42789	1152.69
23	26	24	25	165.123	-6.64	0.0200046	6.40438	1057.51
24	27	25	26	210.153	-8.03	0.0200036	6.40509	1346.05
25	28	26	27	198.539	-6.34	0.020004	6.41941	1274.5
26	29	27	28	243.477	-8.99	0.0200034	6.2526	1522.36
27	30	28	29	218.513	-7.48	0.0200039	6.3265	1382.42
28	31	29	30	213.056	-8.77	0.0200039	6.53592	1392.52
29	32	30	31	183.943	-6.95	0.0200044	6.06013	1114.72
30	33	31	32	159.836	-7.32	0.0200049	6.47702	1035.26
31	34	32	33	146.937	-5.98	0.0200052	6.35732	934.125
32	35	33	34	154.033	-7.52	0.0200048	6.12946	944.139
33	36	34	35	127.867	-7.14	0.0200057	6.52476	834.301
34	37	35	36	138	-7.63	0.0200058	6.37449	879.679
35	38	36	37	129.057	-7.83	0.0200058	6.31329	814.774
36	39	37	38	113.35	-8.33	0.0200069	6.46837	733.189
37	40	38	39	107.566	-7.4	0.0200071	6.36957	685.149
38	41	39	40	103.573	-7.97	0.0200071	6.41207	664.117
39	42	40	41	92.65	-7.23	0.0200077	6.44217	596.867
40	43	41	42	84.125	-8.25	0.020009	6.30319	530.256
41	44	42	43	83.028	-6.88	0.0200087	6.37092	528.964
42	45	43	44	78.01	-7.53	0.0200102	6.43922	502.323
43	46	44	45	75.594	-6.83	0.0200103	6.46334	488.59
44	47	45	46	75.793	-6.47	0.0200108	6.12783	464.447
45	48	46	47	74.204	-4.07	0.0200105	6.54819	485.902
46	49	47	48	78.293	-7.38	0.0200108	6.42162	502.768
47	50	48	49	80.852	-4.21	0.0200097	6.37116	515.121
1	7	3	5	97.139	-6.41	0.0200085	11.5819	1125.06
2	8	4	6	90.942	-4.27	0.0200087	12.0774	1098.34
3	9	5	7	66.854	-7.82	0.020012	13.0035	869.339
4	10	6	8	73.808	-10.49	0.0200112	12.9783	957.9
5	11	7	9	99.643	-6.67	0.0200084	12.3107	1226.67
6	12	8	10	101.92	-5.35	0.0200082	12.2425	1247.76
7	13	9	11	82.763	-7.38	0.0200096	12.4866	1033.43
8	14	10	12	86.599	-8.18	0.0200092	12.7568	1104.73
9	15	11	13	86.918	-7.41	0.0200093	12.7349	1106.89
10	16	12	14	85.457	-7.34	0.0200096	12.3809	1058.04
11	17	13	15	78.316	-7.22	0.0200099	12.4908	978.23
12	18	14	16	78.799	-7.43	0.0200096	12.6053	993.288
13	19	15	17	68.015	-7.57	0.0200118	12.7217	865.267
14	20	16	18	67.837	-7.83	0.0200116	12.3311	836.504
15	21	17	19	65.546	-6.91	0.0200118	11.7593	770.778
16	22	18	20	62.007	-7.02	0.0200122	12.1087	750.827
17	23	19	21	57.585	-7.14	0.0200143	14.1624	815.543
18	24	20	22	59.466	-7.47	0.0200129	13.9538	829.777
19	25	21	23	57.281	-7.07	0.0200137	11.8575	679.211
20	26	22	24	56.68	-7.66	0.0200143	11.2	634.818
21	27	23	25	65.357	-7.87	0.0200126	12.4212	811.814
22	28	24	26	67.634	-8.35	0.0200118	13.5989	919.745
23	29	25	27	62.624	-7.91	0.0200118	13.5135	846.272
24	30	26	28	69.002	-8.08	0.0200117	12.4098	856.301
25	31	27	29	77.01	-8.43	0.0200109	12.1384	934.781
26	32	28	30	77.279	-8.44	0.0200107	12.557	970.393
27	33	29	31	68.59	-7.85	0.0200112	12.5457	860.511
28	34	30	32	61.688	-8.08	0.0200132	12.7424	786.051
29	35	31	33	63.579	-8.07	0.020013	12.9199	821.437
30	36	32	34	61.733	-8.39	0.0200124	12.5295	773.481
31	37	33	35	52.348	-8.1	0.0200148	12.4947	654.071
32	38	34	36	45.578	-7.66	0.0200181	12.9045	588.16
33	39	35	37	46.474	-7.47	0.0200179	12.547	583.11
34	40	36	38	42.308	-8.31	0.0200177	12.2802	519.55
35	41	37	39	36.988	-8.11	0.0200211	12.5535	464.328
36	42	38	40	35.026	-7.6	0.0200223	12.9058	452.04
37	43	39	41	31.395	-7.08	0.0200259	12.9418	406.308
38	44	40	42	27.838	-6.94	0.0200286	12.5819	350.256
39	45	41	43	27.102	-6.8	0.0200293	12.4052	336.207
40	46	42	44	26.501	-6.57	0.0200307	12.9353	342.798
41	47	43	45	25.793	-6.23	0.0200358	12.8271	330.851
42	48	44	46	28.322	-5.16	0.0200332	12.1253	343.413
43	49	45	47	29.051	-5.34	0.0200304	12.4949	362.989
44	50	46	48	27.079	-5.69	0.0200339	13.3814	362.356
1	10	4	7	39.999	-7.56	0.0200202	18.2539	730.136
2	11	5	8	41.133	-8.86	0.0200204	19.2813	793.096
3	12	6	9	43.2	-8.73	0.02002	19.3421	835.579
4	13	7	10	52.174	-7.73	0.0200164	18.8392	982.918
5	14	8	11	55.147	-6.22	0.0200151	18.6299	1027.38
6	15	9	12	51.092	-7.14	0.0200158	18.8111	961.095
7	16	10	13	39.425	-7.82	0.0200205	19.1915	756.625
8	17	11	14	42.299	-8.35	0.0200188	18.9689	802.367
9	18	12	15	41.083	-7.09	0.0200202	18.898	776.387
10	19	13	16	38.28	-7.62	0.0200213	18.6667	714.56
11	20	14	17	33.897	-7.86	0.0200249	18.574	629.601
12	21	15	18	32.644	-7.67	0.0200251	17.8522	582.768
13	22	16	19	28.105	-6.91	0.0200309	17.7061	497.629
14	23	17	20	27.225	-6.86	0.0200297	18.9474	515.844
15	24	18	21	26.212	-6.93	0.0200319	20.888	547.517
16	25	19	22	26.396	-7.26	0.0200309	21.3644	563.934
17	26	20	23	25.736	-7.29	0.0200332	19.3893	499.003
18	27	21	24	29.4	-7.62	0.0200288	17.3717	510.728
19	28	22	25	28.646	-7.11	0.0200308	17.0003	486.991
20	29	23	26	29.396	-8.15	0.0200277	18.6486	548.195
21	30	24	27	27.184	-6.65	0.0200294	20.0685	545.541
22	31	25	28	30.178	-7.42	0.0200274	19.9288	601.411
23	32	26	29	31.922	-7.24	0.0200277	18.6182	594.331
24	33	27	30	35.607	-7.46	0.0200249	18.0841	643.92
25	34	28	31	34.316	-6.97	0.0200262	18.3878	630.997
26	35	29	32	33.055	-7.63	0.0200254	19.2589	636.603
27	36	30	33	29.55	-6.99	0.0200276	19.5854	578.748
28	37	31	34	29.358	-8.07	0.0200283	19.6619	577.235
29	38	32	35	28.733	-7.54	0.0200289	19.4398	558.565
30	39	33	36	27.152	-7.11	0.0200313	19.0925	518.399
31	40	34	37	24.218	-6.54	0.0200366	18.5886	450.178
32	41	35	38	23.587	-6.41	0.0200391	18.3159	432.018
33	42	36	39	22.277	-6.1	0.0200404	18.4331	410.634
34	43	37	40	21.587	-6.7	0.0200419	18.7986	405.806
35	44	38	41	20.591	-6.04	0.0200429	19.1938	395.22
36	45	39	42	19.055	-6.09	0.0200477	19.218	366.199
37	46	40	43	17.421	-5.59	0.0200519	19.2438	335.246
38	47	41	44	16.873	-6.05	0.020056	19.0855	322.03
39	48	42	45	17.691	-5.52	0.0200541	18.9906	335.963
40	49	43	46	19.07	-5.19	0.0200525	18.8276	359.042
41	50	44	47	19.711	-4.79	0.0200503	19.2942	380.309
1	13	5	9	24.513	-7.33	0.0200362	24.9143	610.725
2	14	6	10	24.31	-9.37	0.0200369	25.7565	626.14
3	15	7	11	28.095	-8.24	0.0200312	25.4908	716.164
4	16	8	12	31.472	-6.93	0.0200277	25.6427	807.026
5	17	9	13	30.933	-7.12	0.0200269	25.4783	788.121
6	18	10	14	27.666	-6.94	0.0200295	25.063	693.392
7	19	11	15	23.294	-7.58	0.0200365	25.4787	593.501
8	20	12	16	23.049	-7.95	0.0200371	24.5772	566.481
9	21	13	17	22.235	-6.97	0.0200393	23.6952	526.864
10	22	14	18	20.079	-7.23	0.0200442	23.5874	473.611
11	23	15	19	18.995	-5.44	0.0200471	24.0175	456.212
12	24	16	20	17.749	-7.11	0.0200518	25.7448	456.945
13	25	17	21	16.216	-7.1	0.0200544	27.4209	444.657
14	26	18	22	16.819	-8.49	0.020053	27.4636	461.911
15	27	19	23	16.351	-7.69	0.0200564	26.5787	434.588
16	28	20	24	17.48	-7.62	0.0200516	25.0804	438.405
17	29	21	25	17.774	-8.52	0.0200496	23.913	425.029
18	30	22	26	17.168	-6.67	0.0200506	23.5045	403.525
19	31	23	27	17.718	-6.19	0.0200499	24.3777	431.924
20	32	24	28	19	-6.51	0.0200481	24.9148	473.382
21	33	25	29	20.417	-6.24	0.0200463	25.2433	515.393
22	34	26	30	21.579	-6.47	0.0200446	25.3017	545.985
23	35	27	31	22.352	-6.77	0.0200436	24.4728	547.016
24	36	28	32	21.482	-6.6	0.0200444	25.1005	539.21
25	37	29	33	20.155	-7.14	0.020045	26.157	527.194
26	38	30	34	18.97	-9.23	0.0200457	26.4266	501.312
27	39	31	35	17.583	-6.53	0.0200486	26.9916	474.594
28	40	32	36	17.892	-6.71	0.0200502	26.0094	465.361
29	41	33	37	18.088	-6.16	0.0200512	24.8582	449.636
30	42	34	38	17.809	-5.87	0.0200535	24.6532	439.049
31	43	35	39	17.936	-5.93	0.0200549	24.0582	431.507
32	44	36	40	17.053	-5.85	0.0200589	24.2718	413.908
33	45	37	41	16.648	-5.52	0.0200591	24.8858	414.298
34	46	38	42	16.319	-5.49	0.0200592	25.3397	413.518
35	47	39	43	15.686	-5.72	0.0200612	25.6482	402.317
36	48	40	44	15.174	-5.56	0.0200649	25.668	389.486
37	49	41	45	15.416	-5.99	0.020065	25.6413	395.286
38	50	42	46	16.196	-5.35	0.0200622	25.7013	416.259
1	16	6	11	15.229	-8.67	0.0200621	31.8257	484.673
2	17	7	12	17.585	-8.75	0.020052	32.2802	567.647
3	18	8	13	19.126	-6.82	0.0200471	32.3539	618.8
4	19	9	14	19.437	-7.53	0.0200455	31.9312	620.647
5	20	10	15	18.94	-7.11	0.0200457	31.0627	588.327
6	21	11	16	18.328	-6.65	0.0200473	29.8741	547.532
7	22	12	17	15.123	-6.66	0.0200601	29.5086	446.259
8	23	13	18	14.943	-7.26	0.0200607	29.8282	445.722
9	24	14	19	14.414	-6.75	0.020065	30.4956	439.563
10	25	15	20	13.874	-7.27	0.0200676	31.5327	437.484
11	26	16	21	12.932	-7.1	0.0200745	33.1552	428.763
12	27	17	22	13.216	-7.14	0.0200708	33.7221	445.671
13	28	18	23	12.756	-7.31	0.0200748	33.0233	421.245
14	29	19	24	12.755	-7.85	0.0200734	32.3921	413.161
15	30	20	25	12.866	-6.07	0.0200727	31.449	404.623
16	31	21	26	13.405	-6.25	0.0200682	30.2291	405.22
17	32	22	27	13.477	-5.26	0.0200693	29.4892	397.426
18	33	23	28	14.998	-5.63	0.0200638	29.5861	443.732
19	34	24	29	16.078	-5.16	0.0200621	30.0454	483.07
20	35	25	30	16.958	-6.29	0.0200589	30.7765	521.909
21	36	26	31	16.789	-5.79	0.0200595	31.2895	525.32
22	37	27	32	16.931	-6.45	0.020059	32.2879	546.666
23	38	28	33	16.148	-6.21	0.0200608	32.8967	531.216
24	39	29	34	15.4	-6.24	0.0200607	33.0411	508.834
25	40	30	35	14.198	-6.08	0.0200648	33.1642	470.866
26	41	31	36	13.905	-6.27	0.0200668	33.2699	462.617
27	42	32	37	13.824	-6.19	0.0200673	32.2554	445.899
28	43	33	38	14.34	-6.02	0.020067	31.0026	444.577
29	44	34	39	14.909	-5.59	0.0200667	30.3483	452.463
30	45	35	40	15.551	-5.61	0.0200649	30.0344	467.065
31	46	36	41	15.033	-5.43	0.0200669	30.2085	454.125
32	47	37	42	14.738	-6.02	0.0200694	30.7298	452.896
33	48	38	43	14.846	-5.46	0.0200675	31.2494	463.928
34	49	39	44	14.588	-5.45	0.0200687	31.9354	465.873
35	50	40	45	14.344	-5.34	0.0200701	32.6474	468.294
1	19	7	13	12.362	-7.19	0.0200785	38.2557	472.916
2	20	8	14	13.174	-6.5	0.0200713	37.8107	498.118
3	21	9	15	13.519	-7.14	0.0200681	37.0467	500.835
4	22	10	16	13.506	-6.88	0.0200673	35.9969	486.175
5	23	11	17	14.053	-6.72	0.0200654	36.0252	506.262
6	24	12	18	12.872	-6.29	0.0200715	36.0997	464.676
7	25	13	19	11.451	-6.72	0.0200821	36.2839	415.487
8	26	14	20	11.183	-7.38	0.0200867	37.3334	417.499
9	27	15	21	11.191	-7.27	0.020087	38.6372	432.389
10	28	16	22	11.115	-7.25	0.0200886	39.6939	441.198
11	29	17	23	10.574	-6.8	0.0200901	39.0496	412.91
12	30	18	24	10.83	-6.73	0.0200896	38.3956	415.824
13	31	19	25	10.741	-6.4	0.020091	38.5339	413.893
14	32	20	26	11.159	-6.15	0.0200861	37.4793	418.232
15	33	21	27	11.61	-5.65	0.0200827	35.9694	417.605
16	34	22	28	12.565	-4.73	0.0200782	34.8899	438.392
17	35	23	29	13.879	-5.95	0.0200735	35.3395	490.477
18	36	24	30	14.276	-5.73	0.0200703	36.3515	518.953
19	37	25	31	14.45	-5.81	0.0200695	36.8851	532.99
20	38	26	32	14.255	-6.29	0.0200707	38.132	543.571
21	39	27	33	14.102	-6.13	0.0200715	39.6182	558.696
22	40	28	34	13.675	-5.42	0.020072	40.3656	552
23	41	29	35	12.871	-6.14	0.0200741	40.3917	519.882
24	42	30	36	12.567	-5.7	0.020077	39.6893	498.776
25	43	31	37	12.275	-6.37	0.0200788	39.1094	480.068
26	44	32	38	12.36	-4.99	0.0200785	38.0376	470.145
27	45	33	39	12.612	-5.92	0.0200769	37.084	467.704
28	46	34	40	13.168	-5.33	0.0200759	36.7365	483.747
29	47	35	41	13.846	-5.89	0.0200747	36.0707	499.434
30	48	36	42	13.924	-6.09	0.0200737	35.9439	500.483
31	49	37	43	14.025	-6.17	0.0200727	36.554	512.669
32	50	38	44	13.857	-5.68	0.0200735	37.9189	525.443
1	22	8	15	10.308	-6.13	0.0200949	42.2544	435.559
2	23	9	16	10.489	-6.88	0.0200906	42.7553	448.461
3	24	10	17	10.475	-7.1	0.0200907	43.0299	450.738
4	25	11	18	10.762	-7.06	0.0200882	42.7962	460.573
5	26	12	19	10.659	-6.26	0.02009	41.9883	447.554
6	27	13	20	10.27	-6.28	0.0200939	42.5658	437.151
7	28	14	21	9.287	-8.56	0.0201062	44.6774	414.919
8	29	15	22	9.411	-8.52	0.0201036	45.2912	426.236
9	30	16	23	9.184	-7.7	0.020108	44.6343	409.921
10	31	17	24	9.341	-7.85	0.020105	44.1302	412.22
11	32	18	25	9.568	-7.39	0.0201039	43.8439	419.499
12	33	19	26	9.869	-7.42	0.0201001	44.1165	435.386
13	34	20	27	10.175	-6.95	0.0200971	43.4352	441.953
14	35	21	28	11.222	-7.09	0.0200892	41.4434	465.077
15	36	22	29	11.909	-6.57	0.0200858	40.9126	487.228
16	37	23	30	12.72	-6.95	0.0200797	42.1424	536.051
17	38	24	31	12.909	-6.86	0.0200782	43.3125	559.122
18	39	25	32	12.699	-7.49	0.0200788	44.4798	564.849
19	40	26	33	12.543	-7.26	0.0200806	44.9172	563.396
20	41	27	34	12.64	-7.28	0.0200795	45.585	576.194
21	42	28	35	12.258	-7.3	0.0200807	47.3351	580.234
22	43	29	36	12.041	-6.82	0.0200817	47.6715	574.013
23	44	30	37	11.583	-6.81	0.0200845	46.0702	533.631
24	45	31	38	11.491	-7.13	0.0200858	45.0324	517.468
25	46	32	39	11.596	-6.75	0.0200854	44.0936	511.309
26	47	33	40	11.852	-8.14	0.0200839	43.3088	513.296
27	48	34	41	12.062	-7.3	0.0200835	42.9308	517.831
28	49	35	42	12.628	-8.1	0.0200815	42.2752	533.851
29	50	36	43	12.847	-7.32	0.0200797	42.5304	546.388
1	25	9	17	8.725	-7.87	0.020113	48.6803	424.735
2	26	10	18	8.537	-7.74	0.020114	48.7379	416.076
3	27	11	19	8.907	-7.96	0.0201104	48.5678	432.594
4	28	12	20	8.737	-8.39	0.0201135	49.1329	429.274
5	29	13	21	8.616	-7.64	0.0201135	50.0937	431.607
6	30	14	22	8.43	-7.66	0.020117	50.6271	426.786
7	31	15	23	8.002	-7.45	0.0201239	50.0054	400.144
8	32	16	24	8.255	-7.64	0.0201222	49.3908	407.721
9	33	17	25	8.524	-7.25	0.020117	49.1688	419.115
10	34	18	26	8.904	-7.12	0.0201128	49.6388	441.984
11	35	19	27	9.153	-6.76	0.0201098	49.8429	456.212
12	36	20	28	9.943	-6.94	0.0201016	48.9863	487.071
13	37	21	29	10.779	-6.62	0.0200956	48.0007	517.4
14	38	22	30	11.361	-7	0.0200898	48.0048	545.383
15	39	23	31	11.695	-6.96	0.0200869	49.3035	576.605
16	40	24	32	11.671	-7.13	0.020086	50.8299	593.236
17	41	25	33	11.667	-6.62	0.0200864	51.8035	604.392
18	42	26	34	11.71	-7.3	0.0200854	51.883	607.55
19	43	27	35	11.868	-6.98	0.0200845	52.1588	619.021
20	44	28	36	11.755	-7.48	0.0200856	52.9642	622.594
21	45	29	37	11.39	-7.08	0.0200865	53.4691	609.013
22	46	30	38	11.095	-6.5	0.0200893	53.0617	588.72
23	47	31	39	10.967	-7.86	0.020091	51.7789	567.859
24	48	32	40	11.194	-7.28	0.0200898	50.2232	562.199
25	49	33	41	11.32	-7.87	0.020089	49.5448	560.847
26	50	34	42	11.358	-7.3	0.0200895	49.6658	564.104
1	28	10	19	7.464	-8.13	0.0201338	54.1066	403.852
2	29	11	20	7.41	-7.82	0.0201348	55.4458	410.854
3	30	12	21	7.222	-7.29	0.0201392	56.425	407.501
4	31	13	22	7.372	-7.59	0.0201361	56.4461	416.121
5	32	14	23	7.439	-7.06	0.0201356	55.1501	410.262
6	33	15	24	7.666	-7.3	0.0201313	54.1025	414.75
7	34	16	25	7.616	-6.64	0.020134	54.6529	416.236
8	35	17	26	7.944	-7.13	0.0201268	55.0805	437.559
9	36	18	27	8.269	-6.46	0.0201223	55.5206	459.1
10	37	19	28	8.947	-6.86	0.0201141	55.9118	500.243
11	38	20	29	9.705	-6.62	0.0201062	55.5331	538.948
12	39	21	30	10.385	-7.07	0.0200988	55.1264	572.488
13	40	22	31	10.65	-6.85	0.0200961	55.0862	586.668
14	41	23	32	10.944	-6.5	0.0200925	56.7367	620.927
15	42	24	33	11.033	-6.72	0.0200915	58.5322	645.786
16	43	25	34	11.175	-6.89	0.0200896	58.8433	657.574
17	44	26	35	11.247	-7.2	0.0200889	58.9174	662.644
18	45	27	36	11.499	-7.24	0.0200877	58.7149	675.162
19	46	28	37	11.352	-7.76	0.0200883	58.7802	667.273
20	47	29	38	10.977	-8.33	0.0200908	58.9514	647.109
21	48	30	39	10.716	-7.37	0.0200932	58.933	631.527
22	49	31	40	10.697	-7.6	0.0200939	59.0163	631.297
23	50	32	41	10.633	-7.02	0.0200951	57.8991	615.641
1	31	11	21	6.397	-7.62	0.0201594	61.8164	395.44
2	32	12	22	6.448	-7.27	0.0201588	62.0163	399.881
3	33	13	23	6.54	-6.66	0.0201563	60.6959	396.951
4	34	14	24	6.807	-7	0.0201517	60.0513	408.769
5	35	15	25	7.149	-6.72	0.0201437	59.5866	425.985
6	36	16	26	7.344	-12.93	0.0201391	60.4268	443.774
7	37	17	27	7.429	-6.1	0.0201358	61.4822	456.751
8	38	18	28	8.114	-6.68	0.020126	61.9011	502.265
9	39	19	29	8.772	-6.78	0.0201184	62.5071	548.312
10	40	20	30	9.423	-6.81	0.0201091	62.566	589.56
11	41	21	31	9.932	-6.28	0.0201029	61.7743	613.542
12	42	22	32	10.26	-6.66	0.0200995	62.6164	642.445
13	43	23	33	10.553	-6.47	0.0200971	64.4896	680.559
14	44	24	34	10.752	-6.91	0.0200935	65.414	703.331
15	45	25	35	10.825	-6.82	0.0200919	66.1485	716.058
16	46	26	36	10.994	-7.05	0.0200916	65.8854	724.344
17	47	27	37	11.134	-8.24	0.0200906	65.1271	725.125
18	48	28	38	10.946	-7.83	0.0200916	64.8871	710.254
19	49	29	39	10.706	-7.79	0.020093	64.8831	694.638
20	50	30	40	10.354	-7.47	0.0200971	65.4241	677.401
1	34	12	23	5.891	-7.33	0.020177	65.807	387.669
2	35	13	24	6.127	-6.72	0.020171	65.2842	399.996
3	36	14	25	6.332	-4.71	0.0201651	65.7637	416.416
4	37	15	26	6.639	-6.66	0.0201549	66.4294	441.025
5	38	16	27	6.951	-6.08	0.0201469	67.2219	467.259
6	39	17	28	7.488	-7.03	0.0201362	67.6037	506.217
7	40	18	29	8.022	-5.93	0.0201298	68.3585	548.372
8	41	19	30	8.651	-6.13	0.0201193	69.463	600.925
9	42	20	31	9.235	-6.23	0.0201109	69.4117	641.017
10	43	21	32	9.689	-6.46	0.0201056	69.3217	671.658
11	44	22	33	9.97	-6.57	0.0201024	69.7737	695.644
12	45	23	34	10.372	-7.22	0.0200976	71.3648	740.196
13	46	24	35	10.462	-6.84	0.0200959	73.1446	765.238
14	47	25	36	10.625	-8.46	0.0200952	73.0836	776.513
15	48	26	37	10.673	-7.52	0.0200942	72.2585	771.215
16	49	27	38	10.774	-8.24	0.0200935	71.6942	772.434
17	50	28	39	10.563	-7.53	0.0200952	72.1634	762.262
1	37	13	25	5.802	-6.96	0.0201819	70.8335	410.976
2	38	14	26	5.984	-6.1	0.0201728	72.4737	433.682
3	39	15	27	6.309	-6.11	0.0201631	73.3444	462.73
4	40	16	28	6.853	-6.58	0.0201511	73.7989	505.744
5	41	17	29	7.542	-5.89	0.0201376	74.0661	558.607
6	42	18	30	8.215	-6.35	0.0201256	75.1726	617.543
7	43	19	31	8.617	-5.75	0.0201196	76.3316	657.75
8	44	20	32	9.057	-6.27	0.0201132	76.817	695.731
9	45	21	33	9.485	-6.32	0.0201076	76.5473	726.051
10	46	22	34	9.816	-6.36	0.0201033	76.978	755.616
11	47	23	35	10.075	-7.94	0.0201002	78.6061	791.956
12	48	24	36	10.315	-7.34	0.0200983	79.7662	822.788
13	49	25	37	10.328	-7.82	0.0200974	79.9184	825.397
14	50	26	38	10.249	-7.87	0.0200984	79.553	815.339
1	40	14	27	5.857	-6.34	0.0201778	78.5812	460.25
2	41	15	28	6.399	-5.89	0.0201625	79.3862	507.993
3	42	16	29	7.031	-5.84	0.0201494	80.5104	566.069
4	43	17	30	7.66	-6.16	0.0201356	81.4727	624.081
5	44	18	31	8.243	-5.63	0.0201253	81.9555	675.559
6	45	19	32	8.644	-6.43	0.0201185	83.5033	721.802
7	46	20	33	8.911	-5.55	0.0201146	84.4397	752.442
8	47	21	34	9.291	-7.53	0.0201093	83.6869	777.535
9	48	22	35	9.564	-6.67	0.0201055	83.9536	802.932
10	49	23	36	9.902	-7.83	0.0201028	85.6294	847.903
11	50	24	37	9.864	-4.23	0.0201016	86.9052	857.233
1	43	15	29	6.692	-6.31	0.0201573	85.4045	571.527
2	44	16	30	7.257	-6.11	0.0201442	87.2706	633.323
3	45	17	31	7.75	-5.92	0.0201334	88.3975	685.081
4	46	18	32	8.127	-6.95	0.0201265	90.0988	732.233
5	47	19	33	8.499	-7.35	0.020121	91.1891	775.016
6	48	20	34	8.874	-7.09	0.0201145	91.0288	807.79
7	49	21	35	9.08	-7.18	0.020111	91.066	826.879
8	50	22	36	9.271	-7.2	0.0201096	91.6434	849.626
1	46	16	31	7.395	-6.44	0.0201408	93.836	693.917
2	47	17	32	7.709	-7.55	0.0201346	95.9855	739.952
3	48	18	33	8.043	-6.48	0.0201282	97.6183	785.144
4	49	19	34	8.34	-6.78	0.0201221	98.8503	824.412
5	50	20	35	8.586	-6.81	0.0201176	99.2567	852.218
1	49	17	33	7.655	-6.92	0.0201348	103.16	789.689
2	50	18	34	7.867	-6.46	0.0201299	105.482	829.824
