50# Number of sensors
#x	y	z
0	0	541.493
0.9871	0	541.333
1.9648	0	541.123
2.9476	0	540.938
3.9377	0	540.798
4.9359	0	540.738
5.9274	0	540.608
6.912	0	540.433
7.8999	0	540.278
8.8862	0	540.113
9.8708	0	539.938
10.8571	0	539.773
11.8302	0	539.543
12.8139	0	539.363
13.8026	0	539.213
14.7853	0	539.028
15.7829	0	538.958
16.7692	0	538.793
17.7689	0	538.768
18.7664	0	538.698
19.7531	0	538.535
20.6841	0	538.17
21.6596	0	537.95
22.6498	0	537.81
23.6483	0	537.755
24.6377	0	537.61
25.6248	0	537.45
26.6056	0	537.255
27.6024	0	537.175
28.5911	0	537.025
29.5826	0	536.895
30.5741	0	536.765
31.5384	0	536.5
32.5092	0	536.26
33.472	0	535.99
34.4194	0	535.67
35.3794	0	535.39
36.349	0	535.145
37.3233	0	534.92
38.301	0	534.71
39.2742	0	534.48
40.2508	0	534.265
41.2326	0	534.075
42.2103	0	533.865
43.1835	0	533.635
44.1623	0	533.43
45.1538	0	533.3
46.1194	0	533.04
47.1012	0	532.85
48.0719	0	532.61
784# Number of data
#a	b	m	n	R	ip	err	k	rhoa
1	2	4	3	75.254	-7.87	0.0200101	19.4897	1466.68
2	3	5	4	78.352	-6.29	0.0200093	19.5546	1532.14
3	4	6	5	60.399	-6.31	0.0200111	19.7817	1194.79
4	5	7	6	39.987	-8.37	0.0200174	18.8222	752.642
5	6	8	7	34.822	-8.51	0.0200222	17.7253	617.229
6	7	9	8	23.937	-5.77	0.0200283	19.572	468.494
7	8	10	9	75.964	-7.64	0.020011	19.2949	1465.72
8	9	11	10	61.043	-6.2	0.0200117	18.988	1159.08
9	10	12	11	76.461	-8.44	0.0200114	19.1462	1463.94
10	11	13	12	64.983	-6.97	0.0200118	18.7237	1216.72
11	12	14	13	88.432	-7.17	0.0200094	18.8301	1665.18
12	13	15	14	65.197	-5.81	0.0200121	20.0586	1307.76
13	14	16	15	87.104	-7.99	0.0200093	18.2025	1585.51
14	15	17	16	66.025	-7.72	0.0200117	19.6545	1297.69
15	16	18	17	93.107	-8.79	0.0200084	18.3828	1711.57
16	17	19	18	89.554	-8.03	0.0200091	18.8286	1686.18
17	18	20	19	79.533	-7.41	0.0200097	20.2701	1612.14
18	19	21	20	70.733	-8.15	0.0200107	18.3173	1295.64
19	20	22	21	86.828	-9.1	0.0200096	17.2824	1500.6
20	21	23	22	53.769	-8.37	0.020015	18.9626	1019.6
21	22	24	23	67.136	-8.63	0.0200114	21.2428	1426.15
22	23	25	24	48.67	-8.23	0.020015	19.6516	956.444
23	24	26	25	80.906	-8.95	0.0200103	18.6559	1509.37
24	25	27	26	83.788	-8.27	0.0200113	18.4255	1543.83
25	26	28	27	108.51	-10.35	0.0200085	18.8423	2044.58
26	27	29	28	82.674	-9.73	0.0200107	19.9828	1652.06
27	28	30	29	89.736	-11.37	0.0200098	19.3933	1740.28
28	29	31	30	81.799	-9.75	0.0200109	18.3405	1500.24
29	30	32	31	66.045	-8.82	0.0200119	19.9388	1316.86
30	31	33	32	60.478	-8.01	0.020013	18.0592	1092.18
31	32	34	33	55.14	-8.26	0.0200147	18.8302	1038.29
32	33	35	34	47.257	-6.79	0.0200171	20.0747	948.672
33	34	36	35	68.186	-9.05	0.0200121	18.3368	1250.31
34	35	37	36	60.878	-9.94	0.0200134	19.1405	1165.24
35	36	38	37	36.982	-8.94	0.020021	19.8855	735.406
36	37	39	38	46.259	-10.64	0.0200187	19.2432	890.17
37	38	40	39	47.07	-9.65	0.0200164	19.4282	914.486
38	39	41	40	43.821	-8.4	0.0200184	19.0734	835.814
39	40	42	41	38.861	-9.49	0.0200203	18.9059	734.704
40	41	43	42	40.418	-7.55	0.0200201	19.6492	794.182
41	42	44	43	29.103	-8.51	0.0200262	19.3419	562.907
42	43	45	44	29.303	-7.62	0.0200256	18.8629	552.739
43	44	46	45	28.949	-8.67	0.0200256	18.9774	549.377
44	45	47	46	26.847	-7.65	0.0200258	20.4911	550.126
45	46	48	47	26.045	-4.29	0.0200328	18.4756	481.198
46	47	49	48	29.643	-0.19	0.0200284	18.8189	557.847
47	48	50	49	37.99	-8.1	0.0200231	19.4429	738.638
1	3	7	5	24.45	-7.44	0.0200302	41.2338	1008.17
2	4	8	6	24.021	-8.78	0.020034	39.6893	953.378
3	5	9	7	34.503	-6.79	0.0200232	35.2313	1215.58
4	6	10	8	34.284	-5.47	0.0200213	35.295	1210.06
5	7	11	9	26.367	-7.02	0.0200316	38.1621	1006.22
6	8	12	10	35.843	-6.79	0.0200244	38.2234	1370.04
7	9	13	11	41.629	-6.49	0.0200201	37.8021	1573.66
8	10	14	12	37.058	-8.15	0.0200215	37.0855	1374.31
9	11	15	13	33.371	-9.39	0.0200232	36.7558	1226.58
10	12	16	14	34.002	-9.11	0.0200244	38.5365	1310.32
11	13	17	15	29.491	-8.27	0.0200277	38.0366	1121.74
12	14	18	16	29.509	-7.7	0.0200273	36.8378	1087.05
13	15	19	17	31.583	-7.26	0.020026	38.1369	1204.48
14	16	20	18	36.894	-7.54	0.0200223	38.0523	1403.9
15	17	21	19	26.347	-7.23	0.0200309	41.3243	1088.77
16	18	22	20	29.73	-7.44	0.0200284	38.4701	1143.72
17	19	23	21	27.775	-6.71	0.0200308	31.689	880.163
18	20	24	22	19.822	-7.94	0.0200411	32.247	639.201
19	21	25	23	20.792	-8.43	0.0200383	41.8975	871.133
20	22	26	24	24.44	-8.27	0.020034	45.4705	1111.3
21	23	27	25	23.571	-8.61	0.0200364	40.1251	945.789
22	24	28	26	29.433	-8.68	0.0200307	35.2891	1038.66
23	25	29	27	35.96	-9.07	0.0200255	35.268	1268.24
24	26	30	28	37.482	-10.36	0.0200243	39.0676	1464.33
25	27	31	29	39.288	-9.42	0.0200233	41.0141	1611.36
26	28	32	30	33.909	-8.54	0.0200265	38.2639	1297.49
27	29	33	31	30.684	-9.63	0.0200273	37.9982	1165.94
28	30	34	32	26.96	-9.06	0.0200283	37.107	1000.4
29	31	35	33	24.845	-7.62	0.0200344	35.1079	872.257
30	32	36	34	20.048	-6.95	0.0200447	37.7517	756.846
31	33	37	35	22.306	-9.07	0.0200387	37.741	841.85
32	34	38	36	24.904	-9.88	0.0200333	36.6457	912.625
33	35	39	37	18.383	-8.96	0.0200422	39.1332	719.385
34	36	40	38	15.033	-9.55	0.0200505	40.1907	604.187
35	37	41	39	13.496	-10.65	0.0200576	38.9924	526.241
36	38	42	40	10.562	-8.8	0.0200666	37.6275	397.422
37	39	43	41	9.596	-9.75	0.0200773	36.8525	353.637
38	40	44	42	10.692	-9.09	0.0200735	38.3305	409.83
39	41	45	43	8.629	-8.36	0.0200932	38.8612	335.334
40	42	46	44	8.503	-8.19	0.0200944	36.9847	314.481
41	43	47	45	9.521	-7.52	0.020084	36.7617	350.008
42	44	48	46	7.812	-6.94	0.0201032	39.729	310.363
43	45	49	47	7.385	-6.02	0.0201252	38.079	281.214
44	46	50	48	7.916	-5.79	0.0201085	34.5299	273.339
1	4	10	7	22.659	-9.25	0.0200371	57.7962	1309.6
2	5	11	8	28.397	-7.42	0.0200281	53.8762	1529.92
3	6	12	9	28.157	-7.93	0.0200304	53.9967	1520.39
4	7	13	10	19.293	-7.84	0.020045	56.3676	1087.5
5	8	14	11	22.797	-8.45	0.0200401	56.9222	1297.66
6	9	15	12	19.471	-8.54	0.020041	56.1564	1093.42
7	10	16	13	19.593	-11.52	0.0200413	55.0871	1079.32
8	11	17	14	15.693	-11.93	0.0200506	56.3143	883.74
9	12	18	15	16.323	-12	0.0200523	57.0185	930.713
10	13	19	16	12.906	-10.01	0.0200652	58.2143	751.313
11	14	20	17	14.351	-8.9	0.0200605	58.0274	832.751
12	15	21	18	12.944	-7.72	0.0200668	60.4744	782.78
13	16	22	19	11.996	-7.49	0.0200714	61.0698	732.593
14	17	23	20	10.856	-7.76	0.0200816	56.9715	618.482
15	18	24	21	11.731	-7.63	0.020078	49.6	581.857
16	19	25	22	8.414	-7.01	0.0201045	46.861	394.288
17	20	26	23	8.66	-8.48	0.020099	54.564	472.524
18	21	27	24	8.459	-9.12	0.0201048	65.391	553.143
19	22	28	25	10.728	-9.01	0.0200868	67.141	720.288
20	23	29	26	9.875	-9.43	0.0200926	58.6019	578.694
21	24	30	27	13.012	-10	0.0200687	53.5354	696.602
22	25	31	28	14.091	-9.76	0.0200646	55.1082	776.53
23	26	32	29	16.422	-10.15	0.0200556	59.7876	981.832
24	27	33	30	14.847	-8.8	0.0200617	60.6365	900.269
25	28	34	31	13.972	-9.89	0.0200624	58.768	821.107
26	29	35	32	13.502	-9.92	0.0200625	55.0542	743.342
27	30	36	33	13.262	-8.91	0.0200645	53.5402	710.05
28	31	37	34	11.737	-8.88	0.0200789	53.0561	622.719
29	32	38	35	11.059	-8.77	0.0200839	54.3529	601.089
30	33	39	36	10.067	-8.72	0.0200891	55.8306	562.047
31	34	40	37	9.072	-9.69	0.0200915	57.8556	524.866
32	35	41	38	8.32	-9.19	0.0200966	60.4598	503.026
33	36	42	39	6.364	-8.21	0.0201229	60.6308	385.855
34	37	43	40	5.107	-8.46	0.0201587	58.4853	298.685
35	38	44	41	4.205	-8.13	0.0201882	56.8277	238.961
36	39	45	42	4.311	-7.74	0.0201945	56.9204	245.384
37	40	46	43	3.999	-7.49	0.0202146	56.966	227.807
38	41	47	44	4.229	-5.57	0.0202107	56.6627	239.627
39	42	48	45	4.414	-6.84	0.0202044	56.0763	247.521
40	43	49	46	4.488	-6.29	0.0202035	57.6134	258.569
41	44	50	47	4.49	-6.02	0.0202136	56.3017	252.795
1	5	13	9	20.775	-8.45	0.0200436	73.8986	1535.24
2	6	14	10	17.504	-8.25	0.0200499	72.1833	1263.5
3	7	15	11	13.565	-8.58	0.0200669	74.3204	1008.16
4	8	16	12	12.577	-9.86	0.0200699	73.7078	927.023
5	9	17	13	10.911	-10.67	0.0200743	73.5541	802.549
6	10	18	14	9.868	-12.3	0.0200855	75.4482	744.523
7	11	19	15	8.938	-12.44	0.0200942	75.1184	671.409
8	12	20	16	8.088	-11.64	0.0201084	78.7812	637.182
9	13	21	17	7.213	-10.2	0.0201242	81.5985	588.57
10	14	22	18	6.986	-8.37	0.0201308	80.8826	565.046
11	15	23	19	5.561	-6.63	0.0201645	81.7902	454.835
12	16	24	20	5.877	-6.54	0.0201574	75.0927	441.32
13	17	25	21	5.526	-6.27	0.0201726	68.3166	377.517
14	18	26	22	4.841	-6.11	0.0201952	65.6202	317.667
15	19	27	23	4.822	-5.89	0.0201935	69.1392	333.389
16	20	28	24	4.705	-7.9	0.0202012	77.1256	362.876
17	21	29	25	5.04	-9.58	0.0201914	85.0274	428.538
18	22	30	26	5.794	-8.94	0.0201665	84.7281	490.914
19	23	31	27	6.012	-9.15	0.0201525	78.125	469.687
20	24	32	28	6.806	-10.3	0.0201326	75.9829	517.14
21	25	33	29	7.718	-9.79	0.0201177	76.8966	593.488
22	26	34	30	7.74	-7.68	0.0201178	77.2532	597.94
23	27	35	31	7.518	-8.22	0.0201196	79.2451	595.765
24	28	36	32	7.793	-8.74	0.0201138	74.6808	581.987
25	29	37	33	8.272	-8.51	0.0201121	70.5189	583.333
26	30	38	34	7.888	-7.96	0.0201171	70.6124	556.991
27	31	39	35	7.908	-7.86	0.0201207	68.644	542.837
28	32	40	36	6.907	-8.37	0.020139	72.0684	497.776
29	33	41	37	5.767	-6.83	0.0201568	76.7449	442.588
30	34	42	38	5.582	-7.9	0.0201585	78.539	438.405
31	35	43	39	4.61	-8.84	0.0201851	81.7644	376.934
32	36	44	40	3.643	-6.41	0.020235	81.0234	295.168
33	37	45	41	3.196	-4.85	0.02028	78.2501	250.087
34	38	46	42	2.943	-6.22	0.0203032	77.2606	227.378
35	39	47	43	2.744	-6.96	0.0203336	75.9677	208.455
36	40	48	44	2.915	-6.36	0.0203228	75.1232	218.984
37	41	49	45	3.122	-5.2	0.0203077	74.9336	233.943
38	42	50	46	3.221	-7.77	0.0202976	75.6545	243.683
1	6	16	11	11.57	-9.06	0.0200786	90.9501	1052.29
2	7	17	12	7.898	-9.65	0.020111	91.3193	721.24
3	8	18	13	7.62	-11.23	0.0201167	90.9858	693.312
4	9	19	14	6.445	-11.26	0.0201322	92.9138	598.83
5	10	20	15	5.999	-11.75	0.0201462	95.1741	570.95
6	11	21	16	4.888	-11.56	0.0201796	99.3029	485.392
7	12	22	17	5.035	-11.05	0.0201845	102.106	514.102
8	13	23	18	4.184	-9.83	0.0202211	102.067	427.049
9	14	24	19	3.724	-7.36	0.0202541	100.554	374.462
10	15	25	20	3.547	-6.7	0.0202725	96.4365	342.06
11	16	26	21	3.8	-6.19	0.0202573	87.8534	333.843
12	17	27	22	3.246	-4.87	0.0203008	84.6929	274.913
13	18	28	23	3.568	-4.03	0.0202779	87.7199	312.985
14	19	29	24	3.577	-6.47	0.0202782	91.2105	326.26
15	20	30	25	3.711	-8.03	0.0202655	96.862	359.455
16	21	31	26	3.758	-6.76	0.0202608	102.703	385.957
17	22	32	27	4.432	-8.73	0.0202169	103.597	459.14
18	23	33	28	4.325	-10.51	0.0202141	100.241	433.541
19	24	34	29	4.79	-8.87	0.020189	97.8299	468.605
20	25	35	30	4.89	-8.8	0.0201877	95.8382	468.649
21	26	36	31	5.058	-9.07	0.0201787	95.9768	485.451
22	27	37	32	5.176	-9.35	0.0201763	92.2896	477.691
23	28	38	33	5.725	-8.04	0.0201646	87.7721	502.495
24	29	39	34	5.901	-7.63	0.0201632	86.655	511.351
25	30	40	35	6.118	-7.7	0.0201557	86.3045	528.011
26	31	41	36	5.769	-7.61	0.02017	86.2267	497.442
27	32	42	37	5.001	-6.5	0.0201912	91.522	457.702
28	33	43	38	4.542	-7.34	0.0202076	96.7846	439.596
29	34	44	39	3.935	-7.5	0.0202331	99.467	391.403
30	35	45	40	3.245	-6.16	0.0202813	101.543	329.506
31	36	46	41	2.814	-5.1	0.0203268	100.96	284.103
32	37	47	42	2.658	-5.69	0.0203535	99.18	263.621
33	38	48	43	2.403	-6.39	0.0203915	97.0582	233.231
34	39	49	44	2.493	-3.84	0.0203874	94.2798	235.04
35	40	50	45	2.677	-5.54	0.020364	92.6496	248.023
1	7	19	13	5.067	-12.03	0.0201758	109.803	556.371
2	8	20	14	4.696	-11.62	0.020196	112.174	526.77
3	9	21	15	4.229	-9.48	0.0202104	114.14	482.698
4	10	22	16	3.762	-11.18	0.0202429	118.388	445.374
5	11	23	17	3.367	-10.52	0.020273	119.94	403.837
6	12	24	18	3.176	-10.79	0.0202992	121.523	385.957
7	13	25	19	2.742	-9.31	0.0203455	122.506	335.911
8	14	26	20	2.841	-6.3	0.0203431	116.378	330.629
9	15	27	21	2.821	-7.05	0.020354	109.3	308.335
10	16	28	22	2.799	-11.79	0.0203536	103.913	290.852
11	17	29	23	2.92	-5.56	0.0203409	107.319	313.373
12	18	30	24	3.13	-3.36	0.0203234	110.583	346.123
13	19	31	25	3.302	-5.61	0.0203077	111.06	366.72
14	20	32	26	3.231	-8	0.0203084	114.94	371.372
15	21	33	27	3.371	-6.59	0.0202855	121.677	410.173
16	22	34	28	3.658	-8.61	0.020262	125.192	457.954
17	23	35	29	3.682	-10.11	0.0202546	120.756	444.622
18	24	36	30	3.723	-9.07	0.0202465	114.963	428.008
19	25	37	31	3.794	-6.3	0.0202407	113.869	432.019
20	26	38	32	4.014	-8.99	0.0202293	110.363	442.997
21	27	39	33	4.352	-8.2	0.0202197	105.86	460.704
22	28	40	34	4.591	-7.82	0.0202098	102.687	471.434
23	29	41	35	4.851	-7.54	0.020201	100.997	489.936
24	30	42	36	4.797	-7.75	0.0202038	103.048	494.32
25	31	43	37	4.521	-6.95	0.0202148	105.801	478.328
26	32	44	38	4.195	-4.29	0.0202328	111.604	468.18
27	33	45	39	3.594	-6.21	0.020266	116.483	418.641
28	34	46	40	3.18	-7.55	0.0203002	118.043	375.377
29	35	47	41	2.817	-4.97	0.0203353	120.973	340.782
30	36	48	42	2.607	-6.04	0.0203675	121.89	317.766
31	37	49	43	2.41	-5.61	0.0204026	119.067	286.951
32	38	50	44	2.407	-4.81	0.0204002	114.655	275.974
1	8	22	15	3.242	-8.97	0.0202933	134.704	436.709
2	9	23	16	2.833	-9.88	0.0203261	135.992	385.266
3	10	24	17	2.787	-13.21	0.0203412	137.37	382.851
4	11	25	18	2.493	-9.7	0.0203775	139.067	346.695
5	12	26	19	2.366	-10.35	0.0204026	142.931	338.174
6	13	27	20	2.284	-9.62	0.0204239	139.105	317.716
7	14	28	21	2.494	-11.64	0.0203975	128.68	320.928
8	15	29	22	2.462	-7.28	0.0203992	125.188	308.214
9	16	30	23	2.762	-7.05	0.0203587	127.328	351.679
10	17	31	24	2.812	-1.77	0.020355	130.657	367.409
11	18	32	25	2.978	-7.02	0.0203403	131.539	391.724
12	19	33	26	3.005	-9.03	0.0203344	129.772	389.965
13	20	34	27	3.116	-6.51	0.0203166	133.284	415.312
14	21	35	28	3.084	-8.47	0.0203139	142.718	440.141
15	22	36	29	3.301	-8.68	0.0202907	144.837	478.107
16	23	37	30	3.163	-6.35	0.0203031	136.707	432.405
17	24	38	31	3.178	-9	0.0202914	131.396	417.578
18	25	39	32	3.289	-9.58	0.0202817	126.751	416.885
19	26	40	33	3.542	-11.04	0.0202675	124.455	440.818
20	27	41	34	3.658	-8.41	0.0202646	122.761	449.061
21	28	42	35	3.928	-6.94	0.0202492	117.574	461.831
22	29	43	36	3.971	-7.19	0.0202497	116.624	463.112
23	30	44	37	3.902	-8.28	0.0202463	121.494	474.07
24	31	45	38	3.837	-6.63	0.0202566	125.238	480.538
25	32	46	39	3.464	-5.54	0.0202834	130.99	453.748
26	33	47	40	3.089	-5.2	0.0203153	135.116	417.373
27	34	48	41	2.908	-5.63	0.0203352	136.885	398.062
28	35	49	42	2.745	-3.95	0.0203555	140.633	386.038
29	36	50	43	2.582	-4.7	0.0203757	140.095	361.725
1	9	25	17	2.254	-6.94	0.0204241	157.1	354.102
2	10	26	18	2.214	-9.7	0.0204357	158.611	351.164
3	11	27	19	2.047	-14.26	0.0204684	160.594	328.736
4	12	28	20	2.158	-11.4	0.0204484	157.745	340.414
5	13	29	21	2.183	-9.71	0.0204399	150.74	329.066
6	14	30	22	2.309	-9.5	0.0204214	145.697	336.415
7	15	31	23	2.539	-8.86	0.0203883	149.216	378.86
8	16	32	24	2.733	-8.97	0.0203635	151.359	413.665
9	17	33	25	2.728	-7.54	0.0203634	152.243	415.319
10	18	34	26	2.755	-10.65	0.0203595	149.8	412.698
11	19	35	27	2.91	-7.39	0.0203389	148.411	431.877
12	20	36	28	2.899	-3.5	0.0203357	153.909	446.182
13	21	37	29	2.921	-6.77	0.020336	161.031	470.371
14	22	38	30	2.924	-7.72	0.0203369	159.976	467.77
15	23	39	31	2.831	-7.68	0.020339	152.711	432.325
16	24	40	32	2.86	-9.05	0.0203273	144.436	413.087
17	25	41	33	2.972	-12.17	0.0203189	140.025	416.155
18	26	42	34	3.051	-9.27	0.020315	139.751	426.379
19	27	43	35	3.178	-2.84	0.0203076	138	438.563
20	28	44	36	3.308	-8.69	0.0203009	135.418	447.963
21	29	45	37	3.313	-9.76	0.0202949	135.859	450.101
22	30	46	38	3.393	-6.54	0.0202874	139.264	472.524
23	31	47	39	3.225	-7.66	0.020303	143.314	462.186
24	32	48	40	3.03	-3.82	0.020328	149.536	453.095
25	33	49	41	2.89	-5.38	0.0203435	153.712	444.228
26	34	50	42	2.918	-3.41	0.0203396	155.432	453.55
1	10	28	19	1.905	-9.27	0.0205107	180.875	344.567
2	11	29	20	1.979	-10.97	0.0204861	175.971	348.247
3	12	30	21	2.147	-12.67	0.0204468	169.81	364.581
4	13	31	22	2.147	-14.62	0.0204392	167.111	358.788
5	14	32	23	2.356	-11.16	0.02041	170.261	401.136
6	15	33	24	2.466	-7.85	0.0203997	174.609	430.587
7	16	34	25	2.643	-9.88	0.0203724	172.544	456.034
8	17	35	26	2.609	-11.64	0.020375	170.22	444.104
9	18	36	27	2.73	-9.21	0.020356	168.125	458.981
10	19	37	28	2.732	-8.61	0.0203584	167.989	458.945
11	20	38	29	2.687	-8.33	0.0203646	172.25	462.836
12	21	39	30	2.608	-7.72	0.0203798	176.198	459.525
13	22	40	31	2.672	-6.29	0.0203706	175.995	470.26
14	23	41	32	2.571	-8.47	0.0203761	165.811	426.299
15	24	42	33	2.617	-11.64	0.0203666	157.216	411.434
16	25	43	34	2.602	-9.78	0.0203704	155.262	403.991
17	26	44	35	2.682	-9.76	0.0203623	154.31	413.858
18	27	45	36	2.708	-8.59	0.0203676	154.52	418.441
19	28	46	37	2.809	-9.03	0.0203486	154.656	434.429
20	29	47	38	2.928	-6.66	0.0203361	155.79	456.152
21	30	48	39	2.918	-7.2	0.0203351	158.685	463.044
22	31	49	40	2.871	-7.76	0.0203452	160.163	459.828
23	32	50	41	2.873	-6.32	0.0203466	165.661	475.945
1	11	31	21	1.999	-11.47	0.0204764	189.593	378.997
2	12	32	22	2.09	-13.45	0.0204521	187.528	391.933
3	13	33	23	2.185	-13.07	0.0204305	192.342	420.268
4	14	34	24	2.361	-12.05	0.0204065	194.305	458.754
5	15	35	25	2.416	-10.8	0.020401	195.393	472.068
6	16	36	26	2.507	-11.23	0.0203848	190.719	478.134
7	17	37	27	2.581	-9.77	0.0203762	187.584	484.153
8	18	38	28	2.586	-10.51	0.0203765	187.146	483.96
9	19	39	29	2.567	-8.85	0.020382	186.206	477.99
10	20	40	30	2.418	-7.94	0.020407	187.721	453.91
11	21	41	31	2.343	-8.63	0.02042	192.999	452.197
12	22	42	32	2.412	-6.75	0.020411	188.788	455.356
13	23	43	33	2.402	-7.45	0.0204144	178.473	428.692
14	24	44	34	2.337	-9.02	0.0204174	172.763	403.748
15	25	45	35	2.325	-10.75	0.0204198	169.495	394.075
16	26	46	36	2.336	-9.87	0.0204248	170.269	397.749
17	27	47	37	2.357	-8	0.0204146	172.962	407.672
18	28	48	38	2.525	-8.4	0.0203917	173.71	438.618
19	29	49	39	2.561	-8.3	0.0203846	175.075	448.366
20	30	50	40	2.661	-6.98	0.0203694	176.717	470.244
1	12	34	23	2.095	-14.42	0.0204472	213.692	447.685
2	13	35	24	2.168	-14.14	0.0204308	217.109	470.691
3	14	36	25	2.315	-13.34	0.020401	214.653	496.922
4	15	37	26	2.355	-10.36	0.0204102	211.559	498.221
5	16	38	27	2.455	-10.64	0.0203931	207.339	509.016
6	17	39	28	2.428	-10.49	0.0204018	207.001	502.599
7	18	40	29	2.43	-9.8	0.0204014	205.543	499.47
8	19	41	30	2.31	-9.32	0.0204241	201.878	466.337
9	20	42	31	2.189	-9.11	0.0204476	204.259	447.124
10	21	43	32	2.133	-9.04	0.02046	205.739	438.841
11	22	44	33	2.205	-7.25	0.0204541	202.234	445.926
12	23	45	34	2.134	-8.1	0.0204695	194.068	414.141
13	24	46	35	2.151	-8.96	0.0204647	186.496	401.153
14	25	47	36	2.08	-9.19	0.0204812	185.594	386.035
15	26	48	37	2.064	-12.16	0.0204735	188.783	389.649
16	27	49	38	2.148	-9.12	0.0204608	191.377	411.077
17	28	50	39	2.264	-6.23	0.0204352	191.099	432.648
1	13	37	25	2.107	-14.98	0.0204415	237.737	500.913
2	14	38	26	2.22	-13.45	0.0204264	231.108	513.059
3	15	39	27	2.314	-9.89	0.0204136	227.978	527.541
4	16	40	28	2.351	-10.29	0.0204105	225.972	531.261
5	17	41	29	2.264	-10.63	0.0204272	225.322	510.129
6	18	42	30	2.159	-10.09	0.0204507	221.427	478.06
7	19	43	31	2.095	-7.31	0.0204653	218.421	457.591
8	20	44	32	2.01	-9.87	0.0204883	217.429	437.031
9	21	45	33	1.979	-11.29	0.0205013	219.063	433.525
10	22	46	34	1.98	-9.32	0.0205061	217.198	430.051
11	23	47	35	1.939	-8.46	0.0205176	208.463	404.21
12	24	48	36	1.921	-8.62	0.0205288	203.133	390.218
13	25	49	37	1.901	-8.6	0.020526	203.533	386.916
14	26	50	38	1.935	-6.4	0.0205147	206.244	399.081
1	14	40	27	2.158	-13.54	0.0204363	248.951	537.237
2	15	41	28	2.181	-14.96	0.020438	247.587	539.986
3	16	42	29	2.179	-10.55	0.0204411	243.914	531.488
4	17	43	30	2.047	-10.07	0.020473	240.204	491.698
5	18	44	31	1.957	-9.73	0.020497	238.065	465.894
6	19	45	32	1.904	-10.37	0.0205152	232.022	441.769
7	20	46	33	1.878	-8.08	0.0205271	230.3	432.504
8	21	47	34	1.802	-10.96	0.0205485	234.131	421.905
9	22	48	35	1.822	-11.68	0.0205513	231.905	422.53
10	23	49	36	1.757	-9.38	0.0205814	224.553	394.54
11	24	50	37	1.748	-8.54	0.0205675	220.749	385.869
1	15	43	29	2.011	-11.86	0.0204737	266.703	536.34
2	16	44	30	1.971	-12.96	0.0204907	259.916	512.295
3	17	45	31	1.861	-9.93	0.0205184	256.644	477.614
4	18	46	32	1.82	-10.26	0.0205336	250.148	455.269
5	19	47	33	1.781	-13.83	0.020554	244.885	436.141
6	20	48	34	1.702	-11.93	0.0205828	246.276	419.162
7	21	49	35	1.678	-10.32	0.0205931	248.223	416.519
8	22	50	36	1.687	-10.6	0.0206075	246.983	416.661
1	16	46	31	1.788	-10.75	0.0205376	276.929	495.149
2	17	47	32	1.732	-9.86	0.0205568	269.624	466.989
3	18	48	33	1.708	-7.67	0.0205747	263.331	449.769
4	19	49	34	1.662	-9.8	0.0205942	259.391	431.108
5	20	50	35	1.601	-11.61	0.0206169	259.268	415.088
1	17	49	33	1.634	-10.65	0.0205977	283.287	462.89
2	18	50	34	1.602	-10.35	0.0206083	277.611	444.732
1	4	2	3	217.827	-7.04	0.0200035	6.22047	1354.99
2	5	3	4	195.956	-7.08	0.0200038	6.36444	1247.15
3	6	4	5	185.17	-6.6	0.020004	6.22273	1152.26
4	7	5	6	148.076	-6.31	0.0200049	6.2405	924.068
5	8	6	7	102.111	-7.62	0.0200072	6.47375	661.041
6	9	7	8	176.837	-7.63	0.0200047	6.16209	1089.69
7	10	8	9	149.453	-5.8	0.0200048	6.31557	943.881
8	11	9	10	216.479	-7.6	0.0200039	6.36299	1377.45
9	12	10	11	187.531	-6.65	0.0200041	6.26265	1174.44
10	13	11	12	236.11	-7.72	0.0200036	6.36241	1502.23
11	14	12	13	189.95	-6.26	0.0200042	6.41176	1217.91
12	15	13	14	234.89	-7.45	0.0200035	6.13026	1439.94
13	16	14	15	190.066	-6.81	0.0200042	6.56574	1247.92
14	17	15	16	242.006	-8.08	0.0200033	6.12866	1483.17
15	18	16	17	205.35	-7.32	0.0200039	6.39002	1312.19
16	19	17	18	227.783	-7.51	0.0200035	6.36016	1448.74
17	20	18	19	219.667	-7.36	0.0200036	6.037	1326.13
18	21	19	20	208.194	-7.47	0.0200039	6.27517	1306.45
19	22	20	21	170.45	-7.08	0.0200046	6.49955	1107.85
20	23	21	22	205.106	-7.87	0.020004	6.36039	1304.55
21	24	22	23	141.277	-8.03	0.0200056	6.15538	869.614
22	25	23	24	196.434	-8.65	0.0200042	6.42789	1262.66
23	26	24	25	187.29	-8.02	0.0200046	6.40438	1199.48
24	27	25	26	245.89	-8.95	0.0200036	6.40509	1574.95
25	28	26	27	226.664	-8.36	0.020004	6.41941	1455.05
26	29	27	28	261.627	-9.76	0.0200034	6.2526	1635.85
27	30	28	29	225.354	-9.05	0.0200039	6.3265	1425.7
28	31	29	30	216.72	-9.46	0.0200039	6.53592	1416.46
29	32	30	31	196.883	-8.01	0.0200044	6.06013	1193.14
30	33	31	32	168.273	-7.96	0.0200049	6.47702	1089.91
31	34	32	33	152.486	-6.93	0.0200052	6.35732	969.402
32	35	33	34	171.453	-8.18	0.0200048	6.12946	1050.91
33	36	34	35	143.537	-8.52	0.0200057	6.52476	936.544
34	37	35	36	140.227	-8.68	0.0200058	6.37449	893.875
35	38	36	37	145.09	-9.67	0.0200058	6.31329	915.995
36	39	37	38	111.97	-9.16	0.0200069	6.46837	724.263
37	40	38	39	116.016	-9.02	0.0200071	6.36957	738.972
38	41	39	40	111.533	-9.41	0.0200071	6.41207	715.157
39	42	40	41	105.143	-7.61	0.0200077	6.44217	677.349
40	43	41	42	86.711	-8.67	0.020009	6.30319	546.556
41	44	42	43	91.789	-7.39	0.0200087	6.37092	584.78
42	45	43	44	75.303	-7.99	0.0200102	6.43922	484.893
43	46	44	45	73.569	-7.3	0.0200103	6.46334	475.502
44	47	45	46	74.555	-7.08	0.0200108	6.12783	456.861
45	48	46	47	74.251	-3.68	0.0200105	6.54819	486.209
46	49	47	48	82.379	-6.34	0.0200108	6.42162	529.007
47	50	48	49	86.033	-4.37	0.0200097	6.37116	548.13
1	7	3	5	97.876	-7.03	0.0200085	11.5819	1133.59
2	8	4	6	88.92	-6.09	0.0200087	12.0774	1073.92
3	9	5	7	67.271	-7.3	0.020012	13.0035	874.762
4	10	6	8	77.216	-8.33	0.0200112	12.9783	1002.13
5	11	7	9	97.592	-7.01	0.0200084	12.3107	1201.42
6	12	8	10	95.425	-7.24	0.0200082	12.2425	1168.24
7	13	9	11	85.575	-8.84	0.0200096	12.4866	1068.54
8	14	10	12	93.47	-8.31	0.0200092	12.7568	1192.38
9	15	11	13	91.56	-7.39	0.0200093	12.7349	1166.01
10	16	12	14	85.651	-7.72	0.0200096	12.3809	1060.44
11	17	13	15	81.525	-8.43	0.0200099	12.4908	1018.31
12	18	14	16	86.903	-8.68	0.0200096	12.6053	1095.44
13	19	15	17	70.3	-8.05	0.0200118	12.7217	894.336
14	20	16	18	72.346	-7.99	0.0200116	12.3311	892.104
15	21	17	19	72.178	-7.16	0.0200118	11.7593	848.766
16	22	18	20	68.79	-7.6	0.0200122	12.1087	832.96
17	23	19	21	58.023	-7.37	0.0200143	14.1624	821.746
18	24	20	22	66.799	-7.67	0.0200129	13.9538	932.1
19	25	21	23	63.473	-7.44	0.0200137	11.8575	752.633
20	26	22	24	60.964	-7.86	0.0200143	11.2	682.799
21	27	23	25	69.939	-8.82	0.0200126	12.4212	868.728
22	28	24	26	75.534	-9.01	0.0200118	13.5989	1027.18
23	29	25	27	76.331	-8.43	0.0200118	13.5135	1031.5
24	30	26	28	77.808	-8.35	0.0200117	12.4098	965.582
25	31	27	29	81.966	-9.21	0.0200109	12.1384	994.939
26	32	28	30	80.084	-9.21	0.0200107	12.557	1005.62
27	33	29	31	80.436	-8.19	0.0200112	12.5457	1009.13
28	34	30	32	68.93	-8.12	0.0200132	12.7424	878.331
29	35	31	33	66.204	-8.53	0.020013	12.9199	855.351
30	36	32	34	65.404	-8.53	0.0200124	12.5295	819.477
31	37	33	35	56.408	-8.24	0.0200148	12.4947	704.8
32	38	34	36	47.09	-8.17	0.0200181	12.9045	607.672
33	39	35	37	47.861	-8.12	0.0200179	12.547	600.513
34	40	36	38	46.426	-8.87	0.0200177	12.2802	570.12
35	41	37	39	38.141	-8.36	0.0200211	12.5535	478.802
36	42	38	40	36.437	-7.88	0.0200223	12.9058	470.25
37	43	39	41	32.034	-8	0.0200259	12.9418	414.578
38	44	40	42	27.886	-7.22	0.0200286	12.5819	350.86
39	45	41	43	28.139	-6.73	0.0200293	12.4052	349.071
40	46	42	44	27.388	-6.46	0.0200307	12.9353	354.272
41	47	43	45	24.746	-6.5	0.0200358	12.8271	317.421
42	48	44	46	26.319	-5.37	0.0200332	12.1253	319.126
43	49	45	47	28.239	-5.24	0.0200304	12.4949	352.843
44	50	46	48	26.823	-5.82	0.0200339	13.3814	358.93
1	10	4	7	42.739	-7.16	0.0200202	18.2539	780.152
2	11	5	8	43.485	-7.83	0.0200204	19.2813	838.445
3	12	6	9	41.777	-8.45	0.02002	19.3421	808.055
4	13	7	10	51.622	-9.5	0.0200164	18.8392	972.518
5	14	8	11	53.986	-8.22	0.0200151	18.6299	1005.76
6	15	9	12	55.641	-8.54	0.0200158	18.8111	1046.67
7	16	10	13	42.927	-8.05	0.0200205	19.1915	823.833
8	17	11	14	48.529	-7.61	0.0200188	18.9689	920.543
9	18	12	15	41.938	-7.19	0.0200202	18.898	792.545
10	19	13	16	39.71	-8.86	0.0200213	18.6667	741.253
11	20	14	17	34.249	-9.36	0.0200249	18.574	636.139
12	21	15	18	35.55	-8.98	0.0200251	17.8522	634.646
13	22	16	19	28.445	-7.75	0.0200309	17.7061	503.649
14	23	17	20	29.805	-7.54	0.0200297	18.9474	564.728
15	24	18	21	28.13	-7.19	0.0200319	20.888	587.581
16	25	19	22	29.431	-7.23	0.0200309	21.3644	628.775
17	26	20	23	27.544	-7.38	0.0200332	19.3893	534.059
18	27	21	24	31.777	-8.75	0.0200288	17.3717	552.021
19	28	22	25	29.542	-7.59	0.0200308	17.0003	502.223
20	29	23	26	32.792	-7.23	0.0200277	18.6486	611.526
21	30	24	27	31.558	-7.23	0.0200294	20.0685	633.32
22	31	25	28	33.608	-7.86	0.0200274	19.9288	669.767
23	32	26	29	32.634	-7.59	0.0200277	18.6182	607.587
24	33	27	30	35.99	-7.8	0.0200249	18.0841	650.846
25	34	28	31	35.469	-8.18	0.0200262	18.3878	652.198
26	35	29	32	36.689	-7.9	0.0200254	19.2589	706.59
27	36	30	33	33.287	-6.2	0.0200276	19.5854	651.939
28	37	31	34	31.029	-8.08	0.0200283	19.6619	610.09
29	38	32	35	29.635	-8.49	0.0200289	19.4398	576.099
30	39	33	36	27.66	-7.35	0.0200313	19.0925	528.098
31	40	34	37	24.934	-6.77	0.0200366	18.5886	463.487
32	41	35	38	23.403	-7	0.0200391	18.3159	428.647
33	42	36	39	22.714	-6.71	0.0200404	18.4331	418.689
34	43	37	40	21.25	-6.37	0.0200419	18.7986	399.47
35	44	38	41	20.8	-6.59	0.0200429	19.1938	399.231
36	45	39	42	18.568	-7.34	0.0200477	19.218	356.84
37	46	40	43	17.502	-5.64	0.0200519	19.2438	336.805
38	47	41	44	16.352	-5.85	0.020056	19.0855	312.087
39	48	42	45	17.034	-5.7	0.0200541	18.9906	323.486
40	49	43	46	17.619	-6.07	0.0200525	18.8276	331.723
41	50	44	47	18.513	-5.15	0.0200503	19.2942	357.194
1	13	5	9	23.738	-8.71	0.0200362	24.9143	591.416
2	14	6	10	24.161	-10.55	0.0200369	25.7565	622.302
3	15	7	11	28.246	-9.55	0.0200312	25.4908	720.013
4	16	8	12	31.631	-8.32	0.0200277	25.6427	811.103
5	17	9	13	34.315	-8.05	0.0200269	25.4783	874.289
6	18	10	14	30.676	-7.35	0.0200295	25.063	768.831
7	19	11	15	25.501	-7.44	0.0200365	25.4787	649.733
8	20	12	16	24.528	-7.87	0.0200371	24.5772	602.83
9	21	13	17	22.321	-8.24	0.0200393	23.6952	528.901
10	22	14	18	20.256	-9.1	0.0200442	23.5874	477.786
11	23	15	19	19.008	-8.91	0.0200471	24.0175	456.524
12	24	16	20	17.778	-8.88	0.0200518	25.7448	457.692
13	25	17	21	17.219	-7.98	0.0200544	27.4209	472.16
14	26	18	22	17.901	-7.69	0.020053	27.4636	491.627
15	27	19	23	16.496	-7.38	0.0200564	26.5787	438.442
16	28	20	24	17.977	-6.7	0.0200516	25.0804	450.87
17	29	21	25	18.901	-7.59	0.0200496	23.913	451.979
18	30	22	26	18.556	-10.15	0.0200506	23.5045	436.15
19	31	23	27	18.812	-6.56	0.0200499	24.3777	458.594
20	32	24	28	19.575	-4.69	0.0200481	24.9148	487.708
21	33	25	29	20.742	-6.99	0.0200463	25.2433	523.598
22	34	26	30	21.469	-6.93	0.0200446	25.3017	543.202
23	35	27	31	21.945	-7.31	0.0200436	24.4728	537.056
24	36	28	32	21.361	-7.28	0.0200444	25.1005	536.172
25	37	29	33	20.667	-8.17	0.020045	26.157	540.586
26	38	30	34	20.284	-6.92	0.0200457	26.4266	536.036
27	39	31	35	18.707	-7.1	0.0200486	26.9916	504.933
28	40	32	36	17.992	-6.87	0.0200502	26.0094	467.962
29	41	33	37	18.246	-7.88	0.0200512	24.8582	453.563
30	42	34	38	17.478	-6.2	0.0200535	24.6532	430.889
31	43	35	39	17.539	-6.39	0.0200549	24.0582	421.956
32	44	36	40	16.878	-4.5	0.0200589	24.2718	409.66
33	45	37	41	15.961	-5.85	0.0200591	24.8858	397.202
34	46	38	42	16.019	-8.3	0.0200592	25.3397	405.916
35	47	39	43	15.523	-6.23	0.0200612	25.6482	398.137
36	48	40	44	14.557	-3.71	0.0200649	25.668	373.649
37	49	41	45	14.638	-5.61	0.020065	25.6413	375.337
38	50	42	46	15.397	-6.31	0.0200622	25.7013	395.723
1	16	6	11	15.145	-8.91	0.0200621	31.8257	482
2	17	7	12	18.179	-9.03	0.020052	32.2802	586.822
3	18	8	13	19.391	-8.46	0.0200471	32.3539	627.374
4	19	9	14	21.008	-8.05	0.0200455	31.9312	670.811
5	20	10	15	20.721	-7.28	0.0200457	31.0627	643.649
6	21	11	16	19.975	-7.11	0.0200473	29.8741	596.735
7	22	12	17	15.351	-7.24	0.0200601	29.5086	452.987
8	23	13	18	15.369	-8.44	0.0200607	29.8282	458.429
9	24	14	19	14.164	-8.25	0.020065	30.4956	431.939
10	25	15	20	13.808	-8.51	0.0200676	31.5327	435.403
11	26	16	21	12.551	-8.79	0.0200745	33.1552	416.131
12	27	17	22	13.49	-8.79	0.0200708	33.7221	454.911
13	28	18	23	12.625	-8.3	0.0200748	33.0233	416.919
14	29	19	24	12.835	-7.46	0.0200734	32.3921	415.752
15	30	20	25	13.136	-6.99	0.0200727	31.449	413.114
16	31	21	26	13.963	-7.37	0.0200682	30.2291	422.088
17	32	22	27	13.715	-8.74	0.0200693	29.4892	404.445
18	33	23	28	15.216	-6.25	0.0200638	29.5861	450.182
19	34	24	29	15.824	-2.72	0.0200621	30.0454	475.439
20	35	25	30	16.549	-6.5	0.0200589	30.7765	509.321
21	36	26	31	16.475	-7.8	0.0200595	31.2895	515.495
22	37	27	32	16.463	-6.88	0.020059	32.2879	531.555
23	38	28	33	15.669	-5.43	0.0200608	32.8967	515.458
24	39	29	34	15.421	-7.08	0.0200607	33.0411	509.527
25	40	30	35	14.503	-6.6	0.0200648	33.1642	480.981
26	41	31	36	14.01	-7.67	0.0200668	33.2699	466.111
27	42	32	37	14.025	-6.54	0.0200673	32.2554	452.382
28	43	33	38	14.221	-5.75	0.020067	31.0026	440.888
29	44	34	39	14.538	-6.27	0.0200667	30.3483	441.204
30	45	35	40	14.957	-8.49	0.0200649	30.0344	449.224
31	46	36	41	14.715	-5.96	0.0200669	30.2085	444.518
32	47	37	42	14.108	-4.68	0.0200694	30.7298	433.536
33	48	38	43	14.466	-5.72	0.0200675	31.2494	452.053
34	49	39	44	14.03	-6.11	0.0200687	31.9354	448.053
35	50	40	45	13.818	-5.21	0.0200701	32.6474	451.122
1	19	7	13	12.448	-8.16	0.0200785	38.2557	476.206
2	20	8	14	13.332	-9.03	0.0200713	37.8107	504.092
3	21	9	15	14.427	-7.65	0.0200681	37.0467	534.473
4	22	10	16	14.4	-6.6	0.0200673	35.9969	518.356
5	23	11	17	14.874	-7.25	0.0200654	36.0252	535.839
6	24	12	18	13.108	-7.43	0.0200715	36.0997	473.195
7	25	13	19	11.547	-9.66	0.0200821	36.2839	418.97
8	26	14	20	11.047	-8.9	0.0200867	37.3334	412.422
9	27	15	21	10.805	-8.56	0.020087	38.6372	417.475
10	28	16	22	10.803	-8.57	0.0200886	39.6939	428.814
11	29	17	23	10.585	-8.77	0.0200901	39.0496	413.34
12	30	18	24	10.611	-7.79	0.0200896	38.3956	407.415
13	31	19	25	10.377	-8.78	0.020091	38.5339	399.867
14	32	20	26	11.197	-6.75	0.0200861	37.4793	419.656
15	33	21	27	11.85	-6.15	0.0200827	35.9694	426.238
16	34	22	28	12.501	-4.08	0.0200782	34.8899	436.159
17	35	23	29	13.372	-6.19	0.0200735	35.3395	472.56
18	36	24	30	14.033	-11.51	0.0200703	36.3515	510.12
19	37	25	31	14.169	-6.88	0.0200695	36.8851	522.625
20	38	26	32	13.923	-5.69	0.0200707	38.132	530.912
21	39	27	33	13.51	-7.37	0.0200715	39.6182	535.242
22	40	28	34	13.376	-9.15	0.020072	40.3656	539.931
23	41	29	35	12.828	-6.3	0.0200741	40.3917	518.145
24	42	30	36	12.421	-7.02	0.020077	39.6893	492.981
25	43	31	37	12.083	-8.58	0.0200788	39.1094	472.559
26	44	32	38	12.121	-6.74	0.0200785	38.0376	461.054
27	45	33	39	12.619	-0.69	0.0200769	37.084	467.963
28	46	34	40	12.898	-6.41	0.0200759	36.7365	473.828
29	47	35	41	13.329	-9.95	0.0200747	36.0707	480.786
30	48	36	42	13.387	-7.87	0.0200737	35.9439	481.181
31	49	37	43	13.514	-5.87	0.0200727	36.554	493.99
32	50	38	44	13.424	-6.01	0.0200735	37.9189	509.024
1	22	8	15	10.332	-6.52	0.0200949	42.2544	436.573
2	23	9	16	11.037	-6.15	0.0200906	42.7553	471.891
3	24	10	17	10.888	-7.19	0.0200907	43.0299	468.509
4	25	11	18	11.269	-10.14	0.0200882	42.7962	482.271
5	26	12	19	10.687	-7.88	0.02009	41.9883	448.729
6	27	13	20	10.048	-7.37	0.0200939	42.5658	427.701
7	28	14	21	9.025	-10.11	0.0201062	44.6774	403.214
8	29	15	22	9.401	-10.11	0.0201036	45.2912	425.783
9	30	16	23	8.886	-8.89	0.020108	44.6343	396.62
10	31	17	24	9.111	-9.73	0.020105	44.1302	402.07
11	32	18	25	9.196	-8.89	0.0201039	43.8439	403.189
12	33	19	26	9.68	-8.75	0.0201001	44.1165	427.048
13	34	20	27	10.104	-8.44	0.0200971	43.4352	438.869
14	35	21	28	11.07	-8.05	0.0200892	41.4434	458.778
15	36	22	29	11.477	-7.84	0.0200858	40.9126	469.554
16	37	23	30	12.269	-7.57	0.0200797	42.1424	517.045
17	38	24	31	12.674	-7.32	0.0200782	43.3125	548.943
18	39	25	32	12.543	-8.33	0.0200788	44.4798	557.91
19	40	26	33	12.161	-8.5	0.0200806	44.9172	546.238
20	41	27	34	12.2	-8.15	0.0200795	45.585	556.137
21	42	28	35	11.947	-8.13	0.0200807	47.3351	565.513
22	43	29	36	11.842	-6.78	0.0200817	47.6715	564.526
23	44	30	37	11.487	-7.41	0.0200845	46.0702	529.208
24	45	31	38	11.166	-8.03	0.0200858	45.0324	502.832
25	46	32	39	11.277	-7.77	0.0200854	44.0936	497.243
26	47	33	40	11.653	-9.15	0.0200839	43.3088	504.677
27	48	34	41	11.789	-8.02	0.0200835	42.9308	506.111
28	49	35	42	12.145	-9.23	0.0200815	42.2752	513.432
29	50	36	43	12.501	-8.01	0.0200797	42.5304	531.673
1	25	9	17	8.971	-8.29	0.020113	48.6803	436.711
2	26	10	18	8.781	-8.28	0.020114	48.7379	427.968
3	27	11	19	9.041	-8.79	0.0201104	48.5678	439.102
4	28	12	20	8.542	-10.36	0.0201135	49.1329	419.693
5	29	13	21	8.468	-9.89	0.0201135	50.0937	424.193
6	30	14	22	8.264	-8.95	0.020117	50.6271	418.382
7	31	15	23	7.809	-9.29	0.0201239	50.0054	390.493
8	32	16	24	7.925	-8.2	0.0201222	49.3908	391.422
9	33	17	25	8.293	-7.56	0.020117	49.1688	407.757
10	34	18	26	8.67	-8.73	0.0201128	49.6388	430.368
11	35	19	27	8.962	-10.11	0.0201098	49.8429	446.692
12	36	20	28	9.729	-8.16	0.0201016	48.9863	476.588
13	37	21	29	10.279	-6.46	0.0200956	48.0007	493.399
14	38	22	30	10.891	-8.23	0.0200898	48.0048	522.821
15	39	23	31	11.341	-8.67	0.0200869	49.3035	559.151
16	40	24	32	11.502	-8.18	0.020086	50.8299	584.645
17	41	25	33	11.386	-7.79	0.0200864	51.8035	589.835
18	42	26	34	11.469	-6.66	0.0200854	51.883	595.046
19	43	27	35	11.49	-8.11	0.0200845	52.1588	599.305
20	44	28	36	11.351	-9.1	0.0200856	52.9642	601.196
21	45	29	37	11.239	-8.09	0.0200865	53.4691	600.939
22	46	30	38	10.915	-7.17	0.0200893	53.0617	579.169
23	47	31	39	10.707	-9.46	0.020091	51.7789	554.397
24	48	32	40	10.801	-8.64	0.0200898	50.2232	542.461
25	49	33	41	10.99	-8.27	0.020089	49.5448	544.498
26	50	34	42	10.994	-8.3	0.0200895	49.6658	546.026
1	28	10	19	7.526	-8.74	0.0201338	54.1066	407.206
2	29	11	20	7.428	-9.12	0.0201348	55.4458	411.852
3	30	12	21	7.029	-7.87	0.0201392	56.425	396.611
4	31	13	22	7.149	-10.33	0.0201361	56.4461	403.533
5	32	14	23	7.176	-10.11	0.0201356	55.1501	395.757
6	33	15	24	7.385	-8.65	0.0201313	54.1025	399.547
7	34	16	25	7.297	-6.57	0.020134	54.6529	398.802
8	35	17	26	7.823	-7.8	0.0201268	55.0805	430.894
9	36	18	27	8.114	-7.66	0.0201223	55.5206	450.494
10	37	19	28	8.675	-8.12	0.0201141	55.9118	485.035
11	38	20	29	9.307	-8.54	0.0201062	55.5331	516.846
12	39	21	30	9.881	-9.2	0.0200988	55.1264	544.704
13	40	22	31	10.168	-8.65	0.0200961	55.0862	560.116
14	41	23	32	10.611	-6.02	0.0200925	56.7367	602.034
15	42	24	33	10.754	-8.25	0.0200915	58.5322	629.456
16	43	25	34	10.964	-8.74	0.0200896	58.8433	645.158
17	44	26	35	10.962	-7.99	0.0200889	58.9174	645.852
18	45	27	36	11.137	-8.51	0.0200877	58.7149	653.908
19	46	28	37	11.027	-7.29	0.0200883	58.7802	648.169
20	47	29	38	10.73	-10.11	0.0200908	58.9514	632.548
21	48	30	39	10.514	-8.48	0.0200932	58.933	619.622
22	49	31	40	10.412	-8.02	0.0200939	59.0163	614.477
23	50	32	41	10.284	-8.35	0.0200951	57.8991	595.435
1	31	11	21	6.319	-8.74	0.0201594	61.8164	390.618
2	32	12	22	6.199	-7.83	0.0201588	62.0163	384.439
3	33	13	23	6.246	-9.85	0.0201563	60.6959	379.106
4	34	14	24	6.447	-9.74	0.0201517	60.0513	387.151
5	35	15	25	6.865	-8.45	0.0201437	59.5866	409.062
6	36	16	26	7.116	-7.68	0.0201391	60.4268	429.997
7	37	17	27	7.319	-8.96	0.0201358	61.4822	449.988
8	38	18	28	7.931	-7.6	0.020126	61.9011	490.937
9	39	19	29	8.384	-7.5	0.0201184	62.5071	524.059
10	40	20	30	9.027	-8.45	0.0201091	62.566	564.784
11	41	21	31	9.556	-8.07	0.0201029	61.7743	590.315
12	42	22	32	9.832	-9.29	0.0200995	62.6164	615.645
13	43	23	33	10.038	-8.6	0.0200971	64.4896	647.347
14	44	24	34	10.474	-7.7	0.0200935	65.414	685.146
15	45	25	35	10.617	-8.55	0.0200919	66.1485	702.299
16	46	26	36	10.679	-10.04	0.0200916	65.8854	703.59
17	47	27	37	10.78	-10.19	0.0200906	65.1271	702.07
18	48	28	38	10.598	-7.55	0.0200916	64.8871	687.673
19	49	29	39	10.49	-8.79	0.020093	64.8831	680.623
20	50	30	40	10.128	-8.58	0.0200971	65.4241	662.616
1	34	12	23	5.594	-8.45	0.020177	65.807	368.124
2	35	13	24	5.712	-9.56	0.020171	65.2842	372.903
3	36	14	25	5.969	-9.34	0.0201651	65.7637	392.543
4	37	15	26	6.41	-8.16	0.0201549	66.4294	425.813
5	38	16	27	6.807	-6.5	0.0201469	67.2219	457.579
6	39	17	28	7.328	-7.86	0.0201362	67.6037	495.4
7	40	18	29	7.695	-8.56	0.0201298	68.3585	526.019
8	41	19	30	8.299	-7.63	0.0201193	69.463	576.474
9	42	20	31	8.906	-7.46	0.0201109	69.4117	618.181
10	43	21	32	9.336	-8.88	0.0201056	69.3217	647.187
11	44	22	33	9.528	-8.3	0.0201024	69.7737	664.804
12	45	23	34	9.969	-8.44	0.0200976	71.3648	711.436
13	46	24	35	10.102	-8.93	0.0200959	73.1446	738.906
14	47	25	36	10.296	-11.98	0.0200952	73.0836	752.469
15	48	26	37	10.359	-8.95	0.0200942	72.2585	748.526
16	49	27	38	10.388	-6.87	0.0200935	71.6942	744.76
17	50	28	39	10.231	-8.82	0.0200952	72.1634	738.304
1	37	13	25	5.386	-9.74	0.0201819	70.8335	381.509
2	38	14	26	5.753	-10.18	0.0201728	72.4737	416.941
3	39	15	27	6.131	-8.65	0.0201631	73.3444	449.674
4	40	16	28	6.63	-8.01	0.0201511	73.7989	489.287
5	41	17	29	7.279	-6.91	0.0201376	74.0661	539.127
6	42	18	30	7.88	-5.87	0.0201256	75.1726	592.36
7	43	19	31	8.289	-7.38	0.0201196	76.3316	632.713
8	44	20	32	8.81	-8.53	0.0201132	76.817	676.758
9	45	21	33	9.14	-7.87	0.0201076	76.5473	699.642
10	46	22	34	9.457	-8.14	0.0201033	76.978	727.981
11	47	23	35	9.699	-10.66	0.0201002	78.6061	762.4
12	48	24	36	9.894	-9.75	0.0200983	79.7662	789.207
13	49	25	37	9.937	-8.61	0.0200974	79.9184	794.149
14	50	26	38	9.859	-10	0.0200984	79.553	784.313
1	40	14	27	5.604	-9.67	0.0201778	78.5812	440.369
2	41	15	28	6.165	-7.77	0.0201625	79.3862	489.416
3	42	16	29	6.7	-6.24	0.0201494	80.5104	539.42
4	43	17	30	7.341	-7.44	0.0201356	81.4727	598.091
5	44	18	31	7.952	-7.28	0.0201253	81.9555	651.71
6	45	19	32	8.381	-6.57	0.0201185	83.5033	699.841
7	46	20	33	8.611	-7.3	0.0201146	84.4397	727.111
8	47	21	34	9.048	-11.47	0.0201093	83.6869	757.199
9	48	22	35	9.232	-8.25	0.0201055	83.9536	775.06
10	49	23	36	9.503	-7.08	0.0201028	85.6294	813.736
11	50	24	37	9.573	-9.55	0.0201016	86.9052	831.944
1	43	15	29	6.34	-8.24	0.0201573	85.4045	541.465
2	44	16	30	6.908	-7.86	0.0201442	87.2706	602.865
3	45	17	31	7.489	-7.53	0.0201334	88.3975	662.009
4	46	18	32	7.863	-8.87	0.0201265	90.0988	708.447
5	47	19	33	8.202	-9.27	0.020121	91.1891	747.933
6	48	20	34	8.607	-3.04	0.0201145	91.0288	783.485
7	49	21	35	8.817	-7.98	0.020111	91.066	802.929
8	50	22	36	8.962	-10.31	0.0201096	91.6434	821.308
1	46	16	31	7.086	-7.63	0.0201408	93.836	664.922
2	47	17	32	7.455	-9.77	0.0201346	95.9855	715.572
3	48	18	33	7.72	-8.49	0.0201282	97.6183	753.614
4	49	19	34	8.078	-8.16	0.0201221	98.8503	798.513
5	50	20	35	8.355	-5.47	0.0201176	99.2567	829.289
1	49	17	33	7.367	-8.66	0.0201348	103.16	759.979
2	50	18	34	7.623	-10.9	0.0201299	105.482	804.087
