50# Number of sensors
#x	y	z
0	0	541.493
0.9871	0	541.333
1.9648	0	541.123
2.9476	0	540.938
3.9377	0	540.798
4.9359	0	540.738
5.9274	0	540.608
6.912	0	540.433
7.8999	0	540.278
8.8862	0	540.113
9.8708	0	539.938
10.8571	0	539.773
11.8302	0	539.543
12.8139	0	539.363
13.8026	0	539.213
14.7853	0	539.028
15.7829	0	538.958
16.7692	0	538.793
17.7689	0	538.768
18.7664	0	538.698
19.7531	0	538.535
20.6841	0	538.17
21.6596	0	537.95
22.6498	0	537.81
23.6483	0	537.755
24.6377	0	537.61
25.6248	0	537.45
26.6056	0	537.255
27.6024	0	537.175
28.5911	0	537.025
29.5826	0	536.895
30.5741	0	536.765
31.5384	0	536.5
32.5092	0	536.26
33.472	0	535.99
34.4194	0	535.67
35.3794	0	535.39
36.349	0	535.145
37.3233	0	534.92
38.301	0	534.71
39.2742	0	534.48
40.2508	0	534.265
41.2326	0	534.075
42.2103	0	533.865
43.1835	0	533.635
44.1623	0	533.43
45.1538	0	533.3
46.1194	0	533.04
47.1012	0	532.85
48.0719	0	532.61
784# Number of data
#a	b	m	n	R	ip	err	k	rhoa
1	2	4	3	112.78	-5.4	0.0200101	19.4897	2198.05
2	3	5	4	114.67	-4.84	0.0200093	19.5546	2242.32
3	4	6	5	95.565	-5.19	0.0200111	19.7817	1890.44
4	5	7	6	56.155	-12.54	0.0200174	18.8222	1056.96
5	6	8	7	42.09	-9.78	0.0200222	17.7253	746.056
6	7	9	8	34.721	-5.96	0.0200283	19.572	679.558
7	8	10	9	108.61	-7.82	0.020011	19.2949	2095.62
8	9	11	10	97.737	-5.04	0.0200117	18.988	1855.83
9	10	12	11	99.534	-8.43	0.0200114	19.1462	1905.7
10	11	13	12	99.885	-5.78	0.0200118	18.7237	1870.22
11	12	14	13	125.47	-5.63	0.0200094	18.8301	2362.61
12	13	15	14	81.656	-5.47	0.0200121	20.0586	1637.9
13	14	16	15	108.23	-7.42	0.0200093	18.2025	1970.05
14	15	17	16	104.46	-7.78	0.0200117	19.6545	2053.11
15	16	18	17	113.98	-8	0.0200084	18.3828	2095.27
16	17	19	18	128.597	-6.8	0.0200091	18.8286	2421.31
17	18	20	19	115.327	-6.46	0.0200097	20.2701	2337.69
18	19	21	20	107.73	-7.34	0.0200107	18.3173	1973.33
19	20	22	21	104.89	-8.13	0.0200096	17.2824	1812.75
20	21	23	22	67.394	-7.17	0.020015	18.9626	1277.97
21	22	24	23	97.96	-7.45	0.0200114	21.2428	2080.94
22	23	25	24	75.721	-6.58	0.020015	19.6516	1488.04
23	24	26	25	114.897	-7.72	0.0200103	18.6559	2143.5
24	25	27	26	105.957	-5.9	0.0200113	18.4255	1952.31
25	26	28	27	156.327	-9.6	0.0200085	18.8423	2945.57
26	27	29	28	128.147	-6.67	0.0200107	19.9828	2560.74
27	28	30	29	139.223	-10.57	0.0200098	19.3933	2700
28	29	31	30	111.807	-7.52	0.0200109	18.3405	2050.6
29	30	32	31	92.592	-7.2	0.0200119	19.9388	1846.18
30	31	33	32	81.122	-5.82	0.020013	18.0592	1465
31	32	34	33	67.449	-5.8	0.0200147	18.8302	1270.07
32	33	35	34	56.424	-4.94	0.0200171	20.0747	1132.7
33	34	36	35	81.67	-8.07	0.0200121	18.3368	1497.57
34	35	37	36	82.666	-7.41	0.0200134	19.1405	1582.27
35	36	38	37	59.236	-9.36	0.020021	19.8855	1177.94
36	37	39	38	62.067	-4.54	0.0200187	19.2432	1194.37
37	38	40	39	68.044	-8.5	0.0200164	19.4282	1321.97
38	39	41	40	57.694	-5.4	0.0200184	19.0734	1100.42
39	40	42	41	53.018	-7.93	0.0200203	18.9059	1002.36
40	41	43	42	46.244	-5.66	0.0200201	19.6492	908.658
41	42	44	43	39.986	-6.41	0.0200262	19.3419	773.404
42	43	45	44	40.075	-4.77	0.0200256	18.8629	755.93
43	44	46	45	39.979	-6.78	0.0200256	18.9774	758.697
44	45	47	46	34.125	-5.55	0.0200258	20.4911	699.26
45	46	48	47	29.18	-2.49	0.0200328	18.4756	539.119
46	47	49	48	33.799	-5.33	0.0200284	18.8189	636.058
47	48	50	49	39.737	-6.97	0.0200231	19.4429	772.604
1	3	7	5	30.573	-6.43	0.0200302	41.2338	1260.64
2	4	8	6	28.475	-11.33	0.020034	39.6893	1130.15
3	5	9	7	43.858	-6.09	0.0200232	35.2313	1545.17
4	6	10	8	46.197	-3.09	0.0200213	35.295	1630.52
5	7	11	9	29.531	-7.11	0.0200316	38.1621	1126.97
6	8	12	10	40.727	-9.26	0.0200244	38.2234	1556.72
7	9	13	11	48.342	-6.87	0.0200201	37.8021	1827.43
8	10	14	12	45.008	-6.97	0.0200215	37.0855	1669.14
9	11	15	13	42.559	-7.26	0.0200232	36.7558	1564.29
10	12	16	14	40.256	-7.33	0.0200244	38.5365	1551.32
11	13	17	15	32.027	-7.3	0.0200277	38.0366	1218.2
12	14	18	16	34.362	-7.96	0.0200273	36.8378	1265.82
13	15	19	17	33.305	-7.7	0.020026	38.1369	1270.15
14	16	20	18	38.912	-7.34	0.0200223	38.0523	1480.69
15	17	21	19	31.045	-6.6	0.0200309	41.3243	1282.91
16	18	22	20	30.133	-7.84	0.0200284	38.4701	1159.22
17	19	23	21	30.766	-7.19	0.0200308	31.689	974.945
18	20	24	22	22.548	-7.57	0.0200411	32.247	727.106
19	21	25	23	25.654	-7.79	0.0200383	41.8975	1074.84
20	22	26	24	28.203	-8.06	0.020034	45.4705	1282.4
21	23	27	25	24.523	-8.25	0.0200364	40.1251	983.988
22	24	28	26	32.131	-8.44	0.0200307	35.2891	1133.87
23	25	29	27	43.376	-9.42	0.0200255	35.268	1529.78
24	26	30	28	46.2	-8.94	0.0200243	39.0676	1804.92
25	27	31	29	41.813	-7.43	0.0200233	41.0141	1714.92
26	28	32	30	38.286	-8.6	0.0200265	38.2639	1464.97
27	29	33	31	35.548	-9.43	0.0200273	37.9982	1350.76
28	30	34	32	31.862	-9.57	0.0200283	37.107	1182.3
29	31	35	33	25.977	-7.71	0.0200344	35.1079	911.999
30	32	36	34	21.299	-6.43	0.0200447	37.7517	804.073
31	33	37	35	25.182	-7.71	0.0200387	37.741	950.393
32	34	38	36	27.436	-9.68	0.0200333	36.6457	1005.41
33	35	39	37	21.261	-9.6	0.0200422	39.1332	832.01
34	36	40	38	17.662	-9.61	0.0200505	40.1907	709.849
35	37	41	39	14.476	-9.11	0.0200576	38.9924	564.453
36	38	42	40	11.936	-8.6	0.0200666	37.6275	449.122
37	39	43	41	10.675	-7.79	0.0200773	36.8525	393.4
38	40	44	42	10.143	-6.85	0.0200735	38.3305	388.787
39	41	45	43	9.038	-5.68	0.0200932	38.8612	351.228
40	42	46	44	9.579	-5.65	0.0200944	36.9847	354.276
41	43	47	45	10.026	-5.7	0.020084	36.7617	368.573
42	44	48	46	7.995	-5.57	0.0201032	39.729	317.633
43	45	49	47	7.142	-4.86	0.0201252	38.079	271.96
44	46	50	48	9.004	-1.42	0.0201085	34.5299	310.907
1	4	10	7	26.201	-7.86	0.0200371	57.7962	1514.32
2	5	11	8	35.068	-4.96	0.0200281	53.8762	1889.33
3	6	12	9	30.851	-6.18	0.0200304	53.9967	1665.85
4	7	13	10	19.392	-7.96	0.020045	56.3676	1093.08
5	8	14	11	22.423	-9.56	0.0200401	56.9222	1276.37
6	9	15	12	21.417	-7.38	0.020041	56.1564	1202.7
7	10	16	13	21.328	-7.7	0.0200413	55.0871	1174.9
8	11	17	14	17.768	-8.37	0.0200506	56.3143	1000.59
9	12	18	15	17.25	-8.84	0.0200523	57.0185	983.569
10	13	19	16	13.632	-7.76	0.0200652	58.2143	793.577
11	14	20	17	13.187	-7.68	0.0200605	58.0274	765.207
12	15	21	18	12.602	-7.14	0.0200668	60.4744	762.098
13	16	22	19	11.362	-6.62	0.0200714	61.0698	693.875
14	17	23	20	9.992	-7.05	0.0200816	56.9715	569.259
15	18	24	21	10.146	-7.11	0.020078	49.6	503.241
16	19	25	22	8.731	-6.31	0.0201045	46.861	409.143
17	20	26	23	9.432	-6.93	0.020099	54.564	514.648
18	21	27	24	8.593	-7.23	0.0201048	65.391	561.905
19	22	28	25	9.729	-8.22	0.0200868	67.141	653.214
20	23	29	26	9.129	-7.83	0.0200926	58.6019	534.977
21	24	30	27	13.695	-9.95	0.0200687	53.5354	733.167
22	25	31	28	15.12	-8.53	0.0200646	55.1082	833.236
23	26	32	29	15.767	-7.57	0.0200556	59.7876	942.671
24	27	33	30	13.406	-5.4	0.0200617	60.6365	812.892
25	28	34	31	13.819	-8.58	0.0200624	58.768	812.116
26	29	35	32	14.031	-8.35	0.0200625	55.0542	772.466
27	30	36	33	13.553	-7.92	0.0200645	53.5402	725.63
28	31	37	34	11.956	-7.25	0.0200789	53.0561	634.339
29	32	38	35	11.543	-7.58	0.0200839	54.3529	627.396
30	33	39	36	10.602	-7.45	0.0200891	55.8306	591.916
31	34	40	37	9.368	-8.5	0.0200915	57.8556	541.991
32	35	41	38	8.297	-7.88	0.0200966	60.4598	501.635
33	36	42	39	6.541	-7.19	0.0201229	60.6308	396.586
34	37	43	40	4.978	-8.26	0.0201587	58.4853	291.14
35	38	44	41	4.403	-7.98	0.0201882	56.8277	250.212
36	39	45	42	4.091	-6.87	0.0201945	56.9204	232.861
37	40	46	43	4.034	-7.35	0.0202146	56.966	229.801
38	41	47	44	4.264	-5.99	0.0202107	56.6627	241.61
39	42	48	45	4.453	-6.8	0.0202044	56.0763	249.708
40	43	49	46	4.34	-6.26	0.0202035	57.6134	250.042
41	44	50	47	4.464	-6.18	0.0202136	56.3017	251.331
1	5	13	9	21.466	-8.47	0.0200436	73.8986	1586.31
2	6	14	10	17.694	-8.86	0.0200499	72.1833	1277.21
3	7	15	11	12.786	-9.19	0.0200669	74.3204	950.261
4	8	16	12	12.239	-10.32	0.0200699	73.7078	902.11
5	9	17	13	11.43	-8.89	0.0200743	73.5541	840.723
6	10	18	14	10.062	-10.61	0.0200855	75.4482	759.16
7	11	19	15	9.3	-9.62	0.0200942	75.1184	698.601
8	12	20	16	8.567	-9.79	0.0201084	78.7812	674.919
9	13	21	17	6.689	-8.87	0.0201242	81.5985	545.812
10	14	22	18	6.471	-8.72	0.0201308	80.8826	523.391
11	15	23	19	5.207	-7.84	0.0201645	81.7902	425.882
12	16	24	20	4.969	-8.09	0.0201574	75.0927	373.135
13	17	25	21	4.873	-7.4	0.0201726	68.3166	332.907
14	18	26	22	4.364	-7.3	0.0201952	65.6202	286.367
15	19	27	23	4.913	-6.95	0.0201935	69.1392	339.681
16	20	28	24	4.678	-7.74	0.0202012	77.1256	360.794
17	21	29	25	4.682	-8.68	0.0201914	85.0274	398.098
18	22	30	26	5.356	-8.9	0.0201665	84.7281	453.804
19	23	31	27	5.843	-9.99	0.0201525	78.125	456.484
20	24	32	28	6.87	-9.58	0.0201326	75.9829	522.003
21	25	33	29	7.319	-9.22	0.0201177	76.8966	562.806
22	26	34	30	7.047	-7.58	0.0201178	77.2532	544.404
23	27	35	31	6.78	-7.05	0.0201196	79.2451	537.282
24	28	36	32	7.533	-9.65	0.0201138	74.6808	562.57
25	29	37	33	8.102	-8.44	0.0201121	70.5189	571.345
26	30	38	34	8.172	-7.77	0.0201171	70.6124	577.044
27	31	39	35	8.208	-8	0.0201207	68.644	563.43
28	32	40	36	7.072	-9.16	0.020139	72.0684	509.667
29	33	41	37	6.022	-7.86	0.0201568	76.7449	462.158
30	34	42	38	5.442	-7.64	0.0201585	78.539	427.409
31	35	43	39	4.502	-7.46	0.0201851	81.7644	368.103
32	36	44	40	3.641	-6.82	0.020235	81.0234	295.006
33	37	45	41	3.151	-6.82	0.02028	78.2501	246.566
34	38	46	42	2.934	-6.33	0.0203032	77.2606	226.683
35	39	47	43	2.808	-5.85	0.0203336	75.9677	213.317
36	40	48	44	2.921	-6.28	0.0203228	75.1232	219.435
37	41	49	45	3.105	-5.74	0.0203077	74.9336	232.669
38	42	50	46	3.258	-6.43	0.0202976	75.6545	246.482
1	6	16	11	11.042	-9.13	0.0200786	90.9501	1004.27
2	7	17	12	7.616	-8.8	0.020111	91.3193	695.488
3	8	18	13	7.363	-10.07	0.0201167	90.9858	669.928
4	9	19	14	6.502	-9.1	0.0201322	92.9138	604.126
5	10	20	15	5.961	-9.85	0.0201462	95.1741	567.333
6	11	21	16	5.135	-9.79	0.0201796	99.3029	509.92
7	12	22	17	4.823	-8.8	0.0201845	102.106	492.455
8	13	23	18	4.094	-7.76	0.0202211	102.067	417.863
9	14	24	19	3.55	-7.66	0.0202541	100.554	356.965
10	15	25	20	3.233	-7.62	0.0202725	96.4365	311.779
11	16	26	21	3.354	-7.04	0.0202573	87.8534	294.66
12	17	27	22	3.076	-6.62	0.0203008	84.6929	260.515
13	18	28	23	3.357	-6.75	0.0202779	87.7199	294.476
14	19	29	24	3.537	-7.19	0.0202782	91.2105	322.611
15	20	30	25	3.655	-8.03	0.0202655	96.862	354.031
16	21	31	26	3.7	-8.66	0.0202608	102.703	380.001
17	22	32	27	4.376	-8.83	0.0202169	103.597	453.338
18	23	33	28	4.341	-8.66	0.0202141	100.241	435.145
19	24	34	29	4.679	-9.25	0.020189	97.8299	457.746
20	25	35	30	4.693	-8.3	0.0201877	95.8382	449.769
21	26	36	31	4.851	-8.2	0.0201787	95.9768	465.584
22	27	37	32	4.907	-7.27	0.0201763	92.2896	452.865
23	28	38	33	5.583	-9.04	0.0201646	87.7721	490.031
24	29	39	34	6.064	-7.09	0.0201632	86.655	525.476
25	30	40	35	6.402	-7.45	0.0201557	86.3045	552.521
26	31	41	36	5.917	-7.41	0.02017	86.2267	510.203
27	32	42	37	5.212	-7.15	0.0201912	91.522	477.013
28	33	43	38	4.613	-8.39	0.0202076	96.7846	446.468
29	34	44	39	3.893	-7.13	0.0202331	99.467	387.225
30	35	45	40	3.194	-6.27	0.0202813	101.543	324.327
31	36	46	41	2.846	-6.05	0.0203268	100.96	287.334
32	37	47	42	2.596	-5.6	0.0203535	99.18	257.471
33	38	48	43	2.45	-5.41	0.0203915	97.0582	237.793
34	39	49	44	2.518	-5.8	0.0203874	94.2798	237.397
35	40	50	45	2.7	-5.68	0.020364	92.6496	250.154
1	7	19	13	4.906	-8.46	0.0201758	109.803	538.693
2	8	20	14	4.52	-9.91	0.020196	112.174	507.027
3	9	21	15	4.21	-8.72	0.0202104	114.14	480.529
4	10	22	16	3.815	-8.78	0.0202429	118.388	451.648
5	11	23	17	3.297	-8.21	0.020273	119.94	395.441
6	12	24	18	3.214	-8.34	0.0202992	121.523	390.574
7	13	25	19	2.799	-5.91	0.0203455	122.506	342.894
8	14	26	20	2.718	-7.51	0.0203431	116.378	316.314
9	15	27	21	2.677	-7.62	0.020354	109.3	292.595
10	16	28	22	2.706	-7.11	0.0203536	103.913	281.188
11	17	29	23	2.946	-6.76	0.0203409	107.319	316.163
12	18	30	24	2.991	-7.93	0.0203234	110.583	330.752
13	19	31	25	3.205	-7.95	0.0203077	111.06	355.947
14	20	32	26	3.26	-8.17	0.0203084	114.94	374.705
15	21	33	27	3.478	-9.56	0.0202855	121.677	423.192
16	22	34	28	3.696	-8.72	0.020262	125.192	462.711
17	23	35	29	3.605	-8.18	0.0202546	120.756	435.324
18	24	36	30	3.746	-8.39	0.0202465	114.963	430.652
19	25	37	31	3.828	-8.53	0.0202407	113.869	435.89
20	26	38	32	4.015	-8.61	0.0202293	110.363	443.107
21	27	39	33	4.205	-7.46	0.0202197	105.86	445.143
22	28	40	34	4.663	-9.65	0.0202098	102.687	478.828
23	29	41	35	5.083	-7.55	0.020201	100.997	513.367
24	30	42	36	4.995	-7.16	0.0202038	103.048	514.724
25	31	43	37	4.676	-6.56	0.0202148	105.801	494.727
26	32	44	38	4.242	-6.21	0.0202328	111.604	473.425
27	33	45	39	3.704	-6.61	0.020266	116.483	431.454
28	34	46	40	3.183	-7.9	0.0203002	118.043	375.732
29	35	47	41	2.808	-5.38	0.0203353	120.973	339.693
30	36	48	42	2.568	-5.53	0.0203675	121.89	313.012
31	37	49	43	2.401	-5.32	0.0204026	119.067	285.879
32	38	50	44	2.448	-5.26	0.0204002	114.655	280.675
1	8	22	15	3.098	-9.72	0.0202933	134.704	417.312
2	9	23	16	2.88	-8.4	0.0203261	135.992	391.658
3	10	24	17	2.712	-6.89	0.0203412	137.37	372.548
4	11	25	18	2.583	-7.18	0.0203775	139.067	359.211
5	12	26	19	2.471	-6.6	0.0204026	142.931	353.182
6	13	27	20	2.318	-6.48	0.0204239	139.105	322.446
7	14	28	21	2.499	-7.07	0.0203975	128.68	321.572
8	15	29	22	2.539	-7.1	0.0203992	125.188	317.854
9	16	30	23	2.804	-7.04	0.0203587	127.328	357.027
10	17	31	24	2.867	-6.85	0.020355	130.657	374.595
11	18	32	25	2.885	-7.95	0.0203403	131.539	379.491
12	19	33	26	2.977	-8.6	0.0203344	129.772	386.331
13	20	34	27	3.176	-8.78	0.0203166	133.284	423.309
14	21	35	28	3.142	-8.45	0.0203139	142.718	448.419
15	22	36	29	3.272	-7.71	0.0202907	144.837	473.907
16	23	37	30	3.138	-8.13	0.0203031	136.707	428.988
17	24	38	31	3.26	-8.17	0.0202914	131.396	428.352
18	25	39	32	3.419	-8.61	0.0202817	126.751	433.363
19	26	40	33	3.585	-8.3	0.0202675	124.455	446.17
20	27	41	34	3.665	-8.08	0.0202646	122.761	449.92
21	28	42	35	4.027	-8.92	0.0202492	117.574	473.471
22	29	43	36	4.127	-7.19	0.0202497	116.624	481.305
23	30	44	37	4.113	-6.86	0.0202463	121.494	499.705
24	31	45	38	3.907	-6.51	0.0202566	125.238	489.304
25	32	46	39	3.527	-5.98	0.0202834	130.99	462.001
26	33	47	40	3.148	-5.85	0.0203153	135.116	425.345
27	34	48	41	2.917	-6.17	0.0203352	136.885	399.294
28	35	49	42	2.71	-6.93	0.0203555	140.633	381.116
29	36	50	43	2.607	-5.48	0.0203757	140.095	365.227
1	9	25	17	2.209	-5.8	0.0204241	157.1	347.033
2	10	26	18	2.258	-7.32	0.0204357	158.611	358.143
3	11	27	19	2.153	-6.99	0.0204684	160.594	345.759
4	12	28	20	2.268	-6.94	0.0204484	157.745	357.766
5	13	29	21	2.346	-6.44	0.0204399	150.74	353.637
6	14	30	22	2.449	-8.57	0.0204214	145.697	356.813
7	15	31	23	2.669	-6.93	0.0203883	149.216	398.258
8	16	32	24	2.774	-7.99	0.0203635	151.359	419.871
9	17	33	25	2.795	-8.27	0.0203634	152.243	425.519
10	18	34	26	2.777	-8.43	0.0203595	149.8	415.994
11	19	35	27	2.979	-7.84	0.0203389	148.411	442.118
12	20	36	28	2.942	-8.49	0.0203357	153.909	452.8
13	21	37	29	2.869	-8.73	0.020336	161.031	461.997
14	22	38	30	2.883	-8.17	0.0203369	159.976	461.211
15	23	39	31	2.833	-7.7	0.020339	152.711	432.631
16	24	40	32	2.98	-7.99	0.0203273	144.436	430.419
17	25	41	33	3.08	-9.1	0.0203189	140.025	431.278
18	26	42	34	3.177	-8.64	0.020315	139.751	443.988
19	27	43	35	3.216	-7.79	0.0203076	138	443.807
20	28	44	36	3.361	-9.49	0.0203009	135.418	455.14
21	29	45	37	3.481	-7.37	0.0202949	135.859	472.925
22	30	46	38	3.512	-6.11	0.0202874	139.264	489.097
23	31	47	39	3.326	-6.19	0.020303	143.314	476.661
24	32	48	40	3.059	-5.96	0.020328	149.536	457.431
25	33	49	41	2.92	-5.23	0.0203435	153.712	448.839
26	34	50	42	2.89	-4.96	0.0203396	155.432	449.198
1	10	28	19	1.977	-6.52	0.0205107	180.875	357.591
2	11	29	20	2.108	-7.08	0.0204861	175.971	370.948
3	12	30	21	2.362	-8.55	0.0204468	169.81	401.091
4	13	31	22	2.415	-7.17	0.0204392	167.111	403.574
5	14	32	23	2.556	-6.99	0.02041	170.261	435.188
6	15	33	24	2.582	-7.95	0.0203997	174.609	450.841
7	16	34	25	2.704	-7.9	0.0203724	172.544	466.56
8	17	35	26	2.73	-8.72	0.020375	170.22	464.701
9	18	36	27	2.807	-9.43	0.020356	168.125	471.927
10	19	37	28	2.812	-8.62	0.0203584	167.989	472.384
11	20	38	29	2.728	-8.24	0.0203646	172.25	469.899
12	21	39	30	2.573	-6.85	0.0203798	176.198	453.358
13	22	40	31	2.617	-8.2	0.0203706	175.995	460.58
14	23	41	32	2.583	-8.95	0.0203761	165.811	428.289
15	24	42	33	2.698	-8.82	0.0203666	157.216	424.168
16	25	43	34	2.74	-10.3	0.0203704	155.262	425.418
17	26	44	35	2.795	-9.31	0.0203623	154.31	431.295
18	27	45	36	2.759	-8.37	0.0203676	154.52	426.321
19	28	46	37	2.904	-8.26	0.0203486	154.656	449.121
20	29	47	38	3.028	-7.44	0.0203361	155.79	471.731
21	30	48	39	3.022	-6.02	0.0203351	158.685	479.547
22	31	49	40	2.938	-6.19	0.0203452	160.163	470.559
23	32	50	41	2.926	-8.66	0.0203466	165.661	484.725
1	11	31	21	2.176	-6.68	0.0204764	189.593	412.555
2	12	32	22	2.365	-6.84	0.0204521	187.528	443.503
3	13	33	23	2.493	-7.65	0.0204305	192.342	479.51
4	14	34	24	2.559	-7.96	0.0204065	194.305	497.227
5	15	35	25	2.547	-9.13	0.020401	195.393	497.665
6	16	36	26	2.592	-9.22	0.0203848	190.719	494.345
7	17	37	27	2.737	-6.82	0.0203762	187.584	513.416
8	18	38	28	2.674	-9.32	0.0203765	187.146	500.428
9	19	39	29	2.622	-8.36	0.020382	186.206	488.232
10	20	40	30	2.472	-8.11	0.020407	187.721	464.047
11	21	41	31	2.36	-8.17	0.02042	192.999	455.478
12	22	42	32	2.369	-1.35	0.020411	188.788	447.238
13	23	43	33	2.359	-8.89	0.0204144	178.473	421.018
14	24	44	34	2.416	-9.55	0.0204174	172.763	417.397
15	25	45	35	2.446	-8.62	0.0204198	169.495	414.584
16	26	46	36	2.428	-8.1	0.0204248	170.269	413.414
17	27	47	37	2.42	-7.92	0.0204146	172.962	418.569
18	28	48	38	2.567	-8.54	0.0203917	173.71	445.913
19	29	49	39	2.655	-7.66	0.0203846	175.075	464.823
20	30	50	40	2.754	-6.55	0.0203694	176.717	486.679
1	12	34	23	2.403	-8.85	0.0204472	213.692	513.502
2	13	35	24	2.469	-7.36	0.0204308	217.109	536.041
3	14	36	25	2.52	-8.73	0.020401	214.653	540.926
4	15	37	26	2.517	-8.16	0.0204102	211.559	532.493
5	16	38	27	2.599	-9.46	0.0203931	207.339	538.873
6	17	39	28	2.551	-9.43	0.0204018	207.001	528.06
7	18	40	29	2.48	-8.83	0.0204014	205.543	509.748
8	19	41	30	2.378	-7.94	0.0204241	201.878	480.065
9	20	42	31	2.26	-8.02	0.0204476	204.259	461.626
10	21	43	32	2.174	-8.64	0.02046	205.739	447.276
11	22	44	33	2.199	-8.82	0.0204541	202.234	444.713
12	23	45	34	2.131	-8.31	0.0204695	194.068	413.559
13	24	46	35	2.184	-8.64	0.0204647	186.496	407.307
14	25	47	36	2.15	-9.47	0.0204812	185.594	399.027
15	26	48	37	2.154	-8.67	0.0204735	188.783	406.639
16	27	49	38	2.173	-7.54	0.0204608	191.377	415.862
17	28	50	39	2.315	-9.22	0.0204352	191.099	442.394
1	13	37	25	2.404	-8.32	0.0204415	237.737	571.521
2	14	38	26	2.452	-9.49	0.0204264	231.108	566.676
3	15	39	27	2.51	-8.83	0.0204136	227.978	572.225
4	16	40	28	2.477	-7.58	0.0204105	225.972	559.734
5	17	41	29	2.361	-8.07	0.0204272	225.322	531.985
6	18	42	30	2.198	-8.5	0.0204507	221.427	486.696
7	19	43	31	2.168	-9.57	0.0204653	218.421	473.536
8	20	44	32	2.093	-8.4	0.0204883	217.429	455.078
9	21	45	33	2.021	-8.42	0.0205013	219.063	442.725
10	22	46	34	2.018	-8.35	0.0205061	217.198	438.305
11	23	47	35	1.967	-8.06	0.0205176	208.463	410.047
12	24	48	36	1.943	-8.63	0.0205288	203.133	394.687
13	25	49	37	1.937	-8.5	0.020526	203.533	394.243
14	26	50	38	1.969	-9.5	0.0205147	206.244	406.094
1	14	40	27	2.407	-9.63	0.0204363	248.951	599.225
2	15	41	28	2.358	-7.89	0.020438	247.587	583.809
3	16	42	29	2.28	-7.3	0.0204411	243.914	556.123
4	17	43	30	2.144	-7.94	0.020473	240.204	514.998
5	18	44	31	2.013	-7.33	0.020497	238.065	479.226
6	19	45	32	1.972	-7.5	0.0205152	232.022	457.547
7	20	46	33	1.953	-7.64	0.0205271	230.3	449.776
8	21	47	34	1.883	-8.54	0.0205485	234.131	440.869
9	22	48	35	1.875	-8.9	0.0205513	231.905	434.821
10	23	49	36	1.791	-8.44	0.0205814	224.553	402.175
11	24	50	37	1.805	-9.52	0.0205675	220.749	398.451
1	15	43	29	2.149	-8.89	0.0204737	266.703	573.145
2	16	44	30	2.055	-7.79	0.0204907	259.916	534.128
3	17	45	31	1.963	-7.87	0.0205184	256.644	503.791
4	18	46	32	1.89	-8.3	0.0205336	250.148	472.779
5	19	47	33	1.854	-7.83	0.020554	244.885	454.017
6	20	48	34	1.793	-7.89	0.0205828	246.276	441.573
7	21	49	35	1.761	-7.16	0.0205931	248.223	437.121
8	22	50	36	1.747	-8.76	0.0206075	246.983	431.48
1	16	46	31	1.879	-7.87	0.0205376	276.929	520.349
2	17	47	32	1.837	-8.43	0.0205568	269.624	495.299
3	18	48	33	1.779	-9.26	0.0205747	263.331	468.466
4	19	49	34	1.748	-7.49	0.0205942	259.391	453.415
5	20	50	35	1.7	-6.94	0.0206169	259.268	440.756
1	17	49	33	1.726	-8.74	0.0205977	283.287	488.953
2	18	50	34	1.689	-4.87	0.0206083	277.611	468.885
1	4	2	3	296.7	-6.92	0.0200035	6.22047	1845.61
2	5	3	4	280.307	-5.66	0.0200038	6.36444	1784
3	6	4	5	249.51	-6.38	0.020004	6.22273	1552.63
4	7	5	6	204.053	-4.98	0.0200049	6.2405	1273.39
5	8	6	7	133.28	-10.12	0.0200072	6.47375	862.822
6	9	7	8	225.026	-7.85	0.0200047	6.16209	1386.63
7	10	8	9	216.667	-4.54	0.0200048	6.31557	1368.38
8	11	9	10	281.181	-7.24	0.0200039	6.36299	1789.15
9	12	10	11	272.9	-5.42	0.0200041	6.26265	1709.08
10	13	11	12	305.213	-6.34	0.0200036	6.36241	1941.89
11	14	12	13	247.887	-5.28	0.0200042	6.41176	1589.39
12	15	13	14	305.676	-6.04	0.0200035	6.13026	1873.87
13	16	14	15	251.527	-6.27	0.0200042	6.56574	1651.46
14	17	15	16	287.014	-6.96	0.0200033	6.12866	1759.01
15	18	16	17	292.646	-6.71	0.0200039	6.39002	1870.01
16	19	17	18	285.323	-6.63	0.0200035	6.36016	1814.7
17	20	18	19	300.534	-6.18	0.0200036	6.037	1814.32
18	21	19	20	268.66	-6.56	0.0200039	6.27517	1685.89
19	22	20	21	224.663	-6.47	0.0200046	6.49955	1460.21
20	23	21	22	258.627	-7.28	0.020004	6.36039	1644.97
21	24	22	23	184.217	-6.71	0.0200056	6.15538	1133.93
22	25	23	24	268.063	-7.39	0.0200042	6.42789	1723.08
23	26	24	25	246.213	-6.33	0.0200046	6.40438	1576.84
24	27	25	26	334.166	-8.57	0.0200036	6.40509	2140.36
25	28	26	27	296.873	-6.38	0.020004	6.41941	1905.75
26	29	27	28	368.066	-9.73	0.0200034	6.2526	2301.37
27	30	28	29	312.607	-7.48	0.0200039	6.3265	1977.71
28	31	29	30	298.764	-8.89	0.0200039	6.53592	1952.7
29	32	30	31	251.097	-6.9	0.0200044	6.06013	1521.68
30	33	31	32	210.973	-6.48	0.0200049	6.47702	1366.48
31	34	32	33	189.176	-6.16	0.0200052	6.35732	1202.65
32	35	33	34	198.95	-7.48	0.0200048	6.12946	1219.46
33	36	34	35	177.49	-6.51	0.0200057	6.52476	1158.08
34	37	35	36	180.607	-8.03	0.0200058	6.37449	1151.28
35	38	36	37	184.54	-7.64	0.0200058	6.31329	1165.05
36	39	37	38	159.107	-8.44	0.0200069	6.46837	1029.16
37	40	38	39	148.1	-6.73	0.0200071	6.36957	943.333
38	41	39	40	146.571	-7.9	0.0200071	6.41207	939.824
39	42	40	41	125.54	-5.68	0.0200077	6.44217	808.75
40	43	41	42	113.697	-7	0.020009	6.30319	716.654
41	44	42	43	107.177	-5.08	0.0200087	6.37092	682.816
42	45	43	44	97.635	-6.25	0.0200102	6.43922	628.693
43	46	44	45	92.151	-4.69	0.0200103	6.46334	595.603
44	47	45	46	90.144	-4.86	0.0200108	6.12783	552.387
45	48	46	47	86.443	-0.46	0.0200105	6.54819	566.045
46	49	47	48	85.453	-4.6	0.0200108	6.42162	548.747
47	50	48	49	95.81	-0.27	0.0200097	6.37116	610.421
1	7	3	5	114.83	-6.29	0.0200085	11.5819	1329.95
2	8	4	6	106.896	-3.65	0.0200087	12.0774	1291.02
3	9	5	7	75.936	-6.91	0.020012	13.0035	987.438
4	10	6	8	85.527	-9.6	0.0200112	12.9783	1109.99
5	11	7	9	114.707	-6.46	0.0200084	12.3107	1412.12
6	12	8	10	117.997	-4.86	0.0200082	12.2425	1444.58
7	13	9	11	99.403	-6.7	0.0200096	12.4866	1241.2
8	14	10	12	104.68	-7.38	0.0200092	12.7568	1335.39
9	15	11	13	98.943	-6.81	0.0200093	12.7349	1260.03
10	16	12	14	97.537	-6.52	0.0200096	12.3809	1207.6
11	17	13	15	92.541	-6.67	0.0200099	12.4908	1155.91
12	18	14	16	94.326	-6.7	0.0200096	12.6053	1189.01
13	19	15	17	77.343	-6.41	0.0200118	12.7217	983.935
14	20	16	18	77.482	-7.06	0.0200116	12.3311	955.437
15	21	17	19	76.126	-6.51	0.0200118	11.7593	895.192
16	22	18	20	73.211	-6.6	0.0200122	12.1087	886.493
17	23	19	21	66.8	-6.51	0.0200143	14.1624	946.049
18	24	20	22	69.129	-7.1	0.0200129	13.9538	964.612
19	25	21	23	66.267	-6.71	0.0200137	11.8575	785.762
20	26	22	24	66.183	-7.32	0.0200143	11.2	741.252
21	27	23	25	81.939	-7.86	0.0200126	12.4212	1017.78
22	28	24	26	86.809	-7.96	0.0200118	13.5989	1180.5
23	29	25	27	78.27	-6.85	0.0200118	13.5135	1057.71
24	30	26	28	84.035	-6.91	0.0200117	12.4098	1042.86
25	31	27	29	94.197	-8.48	0.0200109	12.1384	1143.4
26	32	28	30	94.104	-8.27	0.0200107	12.557	1181.66
27	33	29	31	83.727	-6.5	0.0200112	12.5457	1050.42
28	34	30	32	73.791	-6.58	0.0200132	12.7424	940.272
29	35	31	33	73.409	-7.47	0.020013	12.9199	948.44
30	36	32	34	72.188	-8.57	0.0200124	12.5295	904.477
31	37	33	35	59.795	-7.51	0.0200148	12.4947	747.119
32	38	34	36	51.181	-6.88	0.0200181	12.9045	660.464
33	39	35	37	51.767	-6.52	0.0200179	12.547	649.522
34	40	36	38	50.389	-8.09	0.0200177	12.2802	618.786
35	41	37	39	42.384	-8.07	0.0200211	12.5535	532.067
36	42	38	40	38.304	-7.7	0.0200223	12.9058	494.345
37	43	39	41	33.255	-7.53	0.0200259	12.9418	430.38
38	44	40	42	30.45	-6.95	0.0200286	12.5819	383.12
39	45	41	43	29.612	-6.43	0.0200293	12.4052	367.344
40	46	42	44	27.087	-6.16	0.0200307	12.9353	350.378
41	47	43	45	25.455	-6.15	0.0200358	12.8271	326.515
42	48	44	46	29.104	-4.84	0.0200332	12.1253	352.895
43	49	45	47	30.03	-5.55	0.0200304	12.4949	375.221
44	50	46	48	26.6	-5.76	0.0200339	13.3814	355.946
1	10	4	7	43.19	-7.66	0.0200202	18.2539	788.384
2	11	5	8	43.484	-8.91	0.0200204	19.2813	838.426
3	12	6	9	44.539	-8.98	0.02002	19.3421	861.478
4	13	7	10	56.896	-7.95	0.0200164	18.8392	1071.88
5	14	8	11	62.849	-6.4	0.0200151	18.6299	1170.87
6	15	9	12	58.783	-7.36	0.0200158	18.8111	1105.77
7	16	10	13	43.264	-7.94	0.0200205	19.1915	830.301
8	17	11	14	46.045	-8.75	0.0200188	18.9689	873.424
9	18	12	15	43.082	-7.27	0.0200202	18.898	814.165
10	19	13	16	40.528	-7.76	0.0200213	18.6667	756.522
11	20	14	17	35.376	-7.81	0.0200249	18.574	657.072
12	21	15	18	34.745	-7.92	0.0200251	17.8522	620.275
13	22	16	19	29.542	-6.99	0.0200309	17.7061	523.073
14	23	17	20	29.376	-7.32	0.0200297	18.9474	556.599
15	24	18	21	27.967	-7.07	0.0200319	20.888	584.176
16	25	19	22	27.659	-7.56	0.0200309	21.3644	590.917
17	26	20	23	25.545	-7.44	0.0200332	19.3893	495.3
18	27	21	24	30.725	-8.65	0.0200288	17.3717	533.745
19	28	22	25	30.932	-8.17	0.0200308	17.0003	525.854
20	29	23	26	32.963	-7.58	0.0200277	18.6486	614.715
21	30	24	27	29.836	-6.09	0.0200294	20.0685	598.763
22	31	25	28	32.295	-7.82	0.0200274	19.9288	643.6
23	32	26	29	32.725	-7.66	0.0200277	18.6182	609.281
24	33	27	30	37.543	-8.37	0.0200249	18.0841	678.93
25	34	28	31	37.116	-7.33	0.0200262	18.3878	682.483
26	35	29	32	36.506	-7.3	0.0200254	19.2589	703.066
27	36	30	33	32.375	-6.89	0.0200276	19.5854	634.077
28	37	31	34	31.039	-8.86	0.0200283	19.6619	610.286
29	38	32	35	30.008	-8.21	0.0200289	19.4398	583.35
30	39	33	36	27.959	-7.39	0.0200313	19.0925	533.806
31	40	34	37	25.111	-6.84	0.0200366	18.5886	466.777
32	41	35	38	24.492	-6.41	0.0200391	18.3159	448.593
33	42	36	39	23.264	-6.34	0.0200404	18.4331	428.828
34	43	37	40	21.886	-7.02	0.0200419	18.7986	411.426
35	44	38	41	20.895	-6.23	0.0200429	19.1938	401.055
36	45	39	42	19.11	-6.23	0.0200477	19.218	367.256
37	46	40	43	17.377	-5.6	0.0200519	19.2438	334.399
38	47	41	44	16.778	-6.54	0.020056	19.0855	320.217
39	48	42	45	17.447	-5.71	0.0200541	18.9906	331.329
40	49	43	46	18.804	-6.42	0.0200525	18.8276	354.034
41	50	44	47	19.616	-4.52	0.0200503	19.2942	378.476
1	13	5	9	24.35	-8.01	0.0200362	24.9143	606.664
2	14	6	10	24.239	-9.32	0.0200369	25.7565	624.311
3	15	7	11	29.249	-8.32	0.0200312	25.4908	745.58
4	16	8	12	34.229	-7.34	0.0200277	25.6427	877.723
5	17	9	13	34.213	-7.5	0.0200269	25.4783	871.69
6	18	10	14	30.02	-7.26	0.0200295	25.063	752.39
7	19	11	15	23.981	-7.71	0.0200365	25.4787	611.005
8	20	12	16	23.066	-7.97	0.0200371	24.5772	566.898
9	21	13	17	22.24	-7.4	0.0200393	23.6952	526.982
10	22	14	18	19.982	-7.4	0.0200442	23.5874	471.323
11	23	15	19	19.545	-7.23	0.0200471	24.0175	469.422
12	24	16	20	18.42	-7.45	0.0200518	25.7448	474.22
13	25	17	21	16.345	-7.28	0.0200544	27.4209	448.194
14	26	18	22	16.991	-7.22	0.020053	27.4636	466.635
15	27	19	23	16.017	-7.53	0.0200564	26.5787	425.711
16	28	20	24	17.229	-8.17	0.0200516	25.0804	432.11
17	29	21	25	18.05	-6.71	0.0200496	23.913	431.629
18	30	22	26	17.605	-6.23	0.0200506	23.5045	413.797
19	31	23	27	18.258	-5.65	0.0200499	24.3777	445.088
20	32	24	28	19.382	-6.65	0.0200481	24.9148	482.899
21	33	25	29	20.5	-6.6	0.0200463	25.2433	517.489
22	34	26	30	21.666	-6.71	0.0200446	25.3017	548.187
23	35	27	31	22.502	-6.81	0.0200436	24.4728	550.687
24	36	28	32	21.965	-7.39	0.0200444	25.1005	551.333
25	37	29	33	20.749	-7.01	0.020045	26.157	542.731
26	38	30	34	19.454	-6.65	0.0200457	26.4266	514.102
27	39	31	35	17.882	-6.38	0.0200486	26.9916	482.664
28	40	32	36	17.918	-7.02	0.0200502	26.0094	466.037
29	41	33	37	18.131	-6.39	0.0200512	24.8582	450.705
30	42	34	38	18.035	-5.92	0.0200535	24.6532	444.62
31	43	35	39	18.117	-6.01	0.0200549	24.0582	435.862
32	44	36	40	17.295	-5.83	0.0200589	24.2718	419.782
33	45	37	41	16.552	-5.4	0.0200591	24.8858	411.909
34	46	38	42	16.208	-5.6	0.0200592	25.3397	410.705
35	47	39	43	15.614	-6.22	0.0200612	25.6482	400.471
36	48	40	44	15.048	-6.05	0.0200649	25.668	386.252
37	49	41	45	15.271	-6.55	0.020065	25.6413	391.568
38	50	42	46	16.136	-5.87	0.0200622	25.7013	414.717
1	16	6	11	15.146	-8.75	0.0200621	31.8257	482.032
2	17	7	12	17.793	-7.92	0.020052	32.2802	574.361
3	18	8	13	19.657	-7.13	0.0200471	32.3539	635.98
4	19	9	14	20.55	-7.87	0.0200455	31.9312	656.187
5	20	10	15	19.947	-7.4	0.0200457	31.0627	619.607
6	21	11	16	18.797	-6.92	0.0200473	29.8741	561.543
7	22	12	17	14.966	-6.52	0.0200601	29.5086	441.626
8	23	13	18	14.933	-7.52	0.0200607	29.8282	445.424
9	24	14	19	14.261	-6.89	0.020065	30.4956	434.898
10	25	15	20	13.835	-7.25	0.0200676	31.5327	436.255
11	26	16	21	12.891	-6.96	0.0200745	33.1552	427.403
12	27	17	22	13.256	-7.52	0.0200708	33.7221	447.02
13	28	18	23	12.606	-7.48	0.0200748	33.0233	416.291
14	29	19	24	12.692	-6.82	0.0200734	32.3921	411.12
15	30	20	25	12.786	-6.37	0.0200727	31.449	402.107
16	31	21	26	13.488	-6.8	0.0200682	30.2291	407.729
17	32	22	27	13.484	-5.2	0.0200693	29.4892	397.633
18	33	23	28	15.143	-6.15	0.0200638	29.5861	448.022
19	34	24	29	16.262	-6.14	0.0200621	30.0454	488.599
20	35	25	30	17.1	-6.36	0.0200589	30.7765	526.279
21	36	26	31	16.891	-6.34	0.0200595	31.2895	528.512
22	37	27	32	17.054	-5.88	0.020059	32.2879	550.637
23	38	28	33	16.111	-6.79	0.0200608	32.8967	529.999
24	39	29	34	15.433	-6.55	0.0200607	33.0411	509.924
25	40	30	35	14.348	-5.96	0.0200648	33.1642	475.84
26	41	31	36	13.982	-5.81	0.0200668	33.2699	465.179
27	42	32	37	13.803	-5.6	0.0200673	32.2554	445.221
28	43	33	38	14.364	-6.89	0.020067	31.0026	445.321
29	44	34	39	15.002	-5.91	0.0200667	30.3483	455.286
30	45	35	40	15.577	-5.95	0.0200649	30.0344	467.846
31	46	36	41	15.123	-6	0.0200669	30.2085	456.844
32	47	37	42	14.724	-6.39	0.0200694	30.7298	452.466
33	48	38	43	14.841	-5.48	0.0200675	31.2494	463.772
34	49	39	44	14.472	-6.67	0.0200687	31.9354	462.169
35	50	40	45	14.295	-5.65	0.0200701	32.6474	466.695
1	19	7	13	12.241	-7.26	0.0200785	38.2557	468.288
2	20	8	14	13.169	-6.78	0.0200713	37.8107	497.929
3	21	9	15	13.75	-7.28	0.0200681	37.0467	509.393
4	22	10	16	13.866	-7.26	0.0200673	35.9969	499.134
5	23	11	17	14.351	-7.05	0.0200654	36.0252	516.998
6	24	12	18	12.841	-6.31	0.0200715	36.0997	463.557
7	25	13	19	11.43	-6.51	0.0200821	36.2839	414.725
8	26	14	20	11.045	-7.41	0.0200867	37.3334	412.347
9	27	15	21	10.988	-7.34	0.020087	38.6372	424.545
10	28	16	22	10.979	-7.72	0.0200886	39.6939	435.8
11	29	17	23	10.482	-6.77	0.0200901	39.0496	409.318
12	30	18	24	10.835	-6.46	0.0200896	38.3956	416.016
13	31	19	25	10.693	-6.66	0.020091	38.5339	412.043
14	32	20	26	11.165	-6.61	0.0200861	37.4793	418.456
15	33	21	27	11.644	-5.71	0.0200827	35.9694	418.828
16	34	22	28	12.663	-5.74	0.0200782	34.8899	441.811
17	35	23	29	13.997	-5.78	0.0200735	35.3395	494.647
18	36	24	30	14.472	-5.99	0.0200703	36.3515	526.078
19	37	25	31	14.623	-6.92	0.0200695	36.8851	539.371
20	38	26	32	14.38	-6.04	0.0200707	38.132	548.338
21	39	27	33	14.163	-6.93	0.0200715	39.6182	561.112
22	40	28	34	13.683	-6.36	0.020072	40.3656	552.323
23	41	29	35	12.932	-5.99	0.0200741	40.3917	522.346
24	42	30	36	12.569	-6.03	0.020077	39.6893	498.855
25	43	31	37	12.294	-5.7	0.0200788	39.1094	480.811
26	44	32	38	12.401	-6.05	0.0200785	38.0376	471.704
27	45	33	39	12.688	-5.77	0.0200769	37.084	470.522
28	46	34	40	13.237	-6.28	0.0200759	36.7365	486.281
29	47	35	41	13.806	-6.35	0.0200747	36.0707	497.992
30	48	36	42	14.014	-6.38	0.0200737	35.9439	503.718
31	49	37	43	14.095	-6.64	0.0200727	36.554	515.228
32	50	38	44	13.868	-5.32	0.0200735	37.9189	525.86
1	22	8	15	10.265	-6.39	0.0200949	42.2544	433.742
2	23	9	16	10.561	-6.47	0.0200906	42.7553	451.539
3	24	10	17	10.556	-6.98	0.0200907	43.0299	454.223
4	25	11	18	10.796	-7.69	0.0200882	42.7962	462.028
5	26	12	19	10.613	-6.53	0.02009	41.9883	445.622
6	27	13	20	10.28	-6.6	0.0200939	42.5658	437.576
7	28	14	21	9.162	-6.93	0.0201062	44.6774	409.335
8	29	15	22	9.313	-7.4	0.0201036	45.2912	421.797
9	30	16	23	9.017	-6.54	0.020108	44.6343	402.467
10	31	17	24	9.233	-7.04	0.020105	44.1302	407.454
11	32	18	25	9.574	-6.45	0.0201039	43.8439	419.762
12	33	19	26	9.952	-5.66	0.0201001	44.1165	439.048
13	34	20	27	10.209	-5.81	0.0200971	43.4352	443.43
14	35	21	28	11.312	-5.89	0.0200892	41.4434	468.807
15	36	22	29	11.995	-5.72	0.0200858	40.9126	490.747
16	37	23	30	12.884	-6.29	0.0200797	42.1424	542.963
17	38	24	31	13.11	-5.94	0.0200782	43.3125	567.828
18	39	25	32	12.879	-6.79	0.0200788	44.4798	572.855
19	40	26	33	12.674	-5.74	0.0200806	44.9172	569.28
20	41	27	34	12.773	-6.53	0.0200795	45.585	582.257
21	42	28	35	12.344	-6.05	0.0200807	47.3351	584.305
22	43	29	36	12.117	-5.99	0.0200817	47.6715	577.636
23	44	30	37	11.619	-4.97	0.0200845	46.0702	535.289
24	45	31	38	11.527	-6.08	0.0200858	45.0324	519.089
25	46	32	39	11.631	-6.06	0.0200854	44.0936	512.852
26	47	33	40	11.943	-7.01	0.0200839	43.3088	517.237
27	48	34	41	12.163	-6.38	0.0200835	42.9308	522.167
28	49	35	42	12.712	-7.32	0.0200815	42.2752	537.402
29	50	36	43	12.983	-6.51	0.0200797	42.5304	552.172
1	25	9	17	8.761	-7	0.020113	48.6803	426.488
2	26	10	18	8.518	-6.37	0.020114	48.7379	415.15
3	27	11	19	8.856	-7.02	0.0201104	48.5678	430.117
4	28	12	20	8.652	-6.71	0.0201135	49.1329	425.098
5	29	13	21	8.583	-6.23	0.0201135	50.0937	429.954
6	30	14	22	8.346	-6.9	0.020117	50.6271	422.534
7	31	15	23	7.869	-6.48	0.0201239	50.0054	393.493
8	32	16	24	8.136	-6.46	0.0201222	49.3908	401.844
9	33	17	25	8.471	-6.15	0.020117	49.1688	416.509
10	34	18	26	8.957	-4.89	0.0201128	49.6388	444.615
11	35	19	27	9.178	-6.23	0.0201098	49.8429	457.458
12	36	20	28	10.006	-6.41	0.0201016	48.9863	490.157
13	37	21	29	10.831	-5.94	0.0200956	48.0007	519.896
14	38	22	30	11.467	-6.2	0.0200898	48.0048	550.472
15	39	23	31	11.878	-5.16	0.0200869	49.3035	585.627
16	40	24	32	11.897	-5.68	0.020086	50.8299	604.723
17	41	25	33	11.84	-5.79	0.0200864	51.8035	613.354
18	42	26	34	11.808	-5.43	0.0200854	51.883	612.634
19	43	27	35	12.013	-5.92	0.0200845	52.1588	626.584
20	44	28	36	11.883	-6.47	0.0200856	52.9642	629.373
21	45	29	37	11.518	-4.91	0.0200865	53.4691	615.857
22	46	30	38	11.182	-5.15	0.0200893	53.0617	593.336
23	47	31	39	10.997	-5.74	0.020091	51.7789	569.412
24	48	32	40	11.19	-1.57	0.0200898	50.2232	561.998
25	49	33	41	11.38	-6.92	0.020089	49.5448	563.82
26	50	34	42	11.515	-6.11	0.0200895	49.6658	571.902
1	28	10	19	7.467	-6.98	0.0201338	54.1066	404.014
2	29	11	20	7.358	-7.37	0.0201348	55.4458	407.97
3	30	12	21	7.067	-5.68	0.0201392	56.425	398.755
4	31	13	22	7.279	-6.42	0.0201361	56.4461	410.871
5	32	14	23	7.304	-5.88	0.0201356	55.1501	402.816
6	33	15	24	7.582	-6.72	0.0201313	54.1025	410.205
7	34	16	25	7.59	-5.64	0.020134	54.6529	414.815
8	35	17	26	7.965	-5.54	0.0201268	55.0805	438.716
9	36	18	27	8.27	-5.63	0.0201223	55.5206	459.155
10	37	19	28	8.946	-5.65	0.0201141	55.9118	500.187
11	38	20	29	9.713	-5.79	0.0201062	55.5331	539.393
12	39	21	30	10.471	-5.99	0.0200988	55.1264	577.229
13	40	22	31	10.765	-4.95	0.0200961	55.0862	593.003
14	41	23	32	11.159	-4.77	0.0200925	56.7367	633.125
15	42	24	33	11.242	-5.57	0.0200915	58.5322	658.019
16	43	25	34	11.333	-5.7	0.0200896	58.8433	666.871
17	44	26	35	11.399	-6.76	0.0200889	58.9174	671.599
18	45	27	36	11.637	-5.58	0.0200877	58.7149	683.265
19	46	28	37	11.478	-5.99	0.0200883	58.7802	674.679
20	47	29	38	11.154	-6.34	0.0200908	58.9514	657.543
21	48	30	39	10.842	-5.8	0.0200932	58.933	638.952
22	49	31	40	10.751	-7.65	0.0200939	59.0163	634.484
23	50	32	41	10.645	-6.2	0.0200951	57.8991	616.336
1	31	11	21	6.3	-7.21	0.0201594	61.8164	389.443
2	32	12	22	6.291	-4.69	0.0201588	62.0163	390.145
3	33	13	23	6.401	-5.56	0.0201563	60.6959	388.514
4	34	14	24	6.715	-6.92	0.0201517	60.0513	403.245
5	35	15	25	7.109	-5.37	0.0201437	59.5866	423.601
6	36	16	26	7.349	-6.29	0.0201391	60.4268	444.076
7	37	17	27	7.424	-4.68	0.0201358	61.4822	456.444
8	38	18	28	8.104	-4.56	0.020126	61.9011	501.646
9	39	19	29	8.732	-6.14	0.0201184	62.5071	545.812
10	40	20	30	9.442	-6.25	0.0201091	62.566	590.749
11	41	21	31	10.033	-4.97	0.0201029	61.7743	619.781
12	42	22	32	10.418	-6.59	0.0200995	62.6164	652.338
13	43	23	33	10.732	-5.13	0.0200971	64.4896	692.103
14	44	24	34	10.939	-6.1	0.0200935	65.414	715.564
15	45	25	35	11.016	-4.87	0.0200919	66.1485	728.692
16	46	26	36	11.138	-5.72	0.0200916	65.8854	733.831
17	47	27	37	11.309	-9.01	0.0200906	65.1271	736.522
18	48	28	38	11.117	-6.1	0.0200916	64.8871	721.349
19	49	29	39	10.885	-5.95	0.020093	64.8831	706.252
20	50	30	40	10.498	-5.61	0.0200971	65.4241	686.822
1	34	12	23	5.752	-4.43	0.020177	65.807	378.522
2	35	13	24	6.02	-5.4	0.020171	65.2842	393.011
3	36	14	25	6.246	-5.32	0.0201651	65.7637	410.76
4	37	15	26	6.619	-5.68	0.0201549	66.4294	439.696
5	38	16	27	6.932	-7.21	0.0201469	67.2219	465.982
6	39	17	28	7.486	-5.34	0.0201362	67.6037	506.082
7	40	18	29	8.017	-5.43	0.0201298	68.3585	548.03
8	41	19	30	8.651	-4.61	0.0201193	69.463	600.925
9	42	20	31	9.268	-5.93	0.0201109	69.4117	643.308
10	43	21	32	9.798	-6.29	0.0201056	69.3217	679.214
11	44	22	33	10.103	-4.78	0.0201024	69.7737	704.924
12	45	23	34	10.55	-4.74	0.0200976	71.3648	752.899
13	46	24	35	10.665	-5.34	0.0200959	73.1446	780.087
14	47	25	36	10.817	-7.4	0.0200952	73.0836	790.545
15	48	26	37	10.872	-6.77	0.0200942	72.2585	785.595
16	49	27	38	10.977	-7.02	0.0200935	71.6942	786.988
17	50	28	39	10.766	-6.66	0.0200952	72.1634	776.911
1	37	13	25	5.732	-4.77	0.0201819	70.8335	406.017
2	38	14	26	5.983	-5.4	0.0201728	72.4737	433.61
3	39	15	27	6.255	-3.7	0.0201631	73.3444	458.769
4	40	16	28	6.821	-4.64	0.0201511	73.7989	503.383
5	41	17	29	7.533	-3.09	0.0201376	74.0661	557.94
6	42	18	30	8.238	-5.3	0.0201256	75.1726	619.272
7	43	19	31	8.65	-4.58	0.0201196	76.3316	660.268
8	44	20	32	9.118	-5.32	0.0201132	76.817	700.417
9	45	21	33	9.569	-5.92	0.0201076	76.5473	732.481
10	46	22	34	9.903	-5.23	0.0201033	76.978	762.313
11	47	23	35	10.246	-7.35	0.0201002	78.6061	805.398
12	48	24	36	10.526	-6.13	0.0200983	79.7662	839.619
13	49	25	37	10.543	-5.37	0.0200974	79.9184	842.58
14	50	26	38	10.487	-7.29	0.0200984	79.553	834.272
1	40	14	27	5.788	-5.49	0.0201778	78.5812	454.828
2	41	15	28	6.359	-5.07	0.0201625	79.3862	504.817
3	42	16	29	6.997	-3.47	0.0201494	80.5104	563.331
4	43	17	30	7.658	-5.43	0.0201356	81.4727	623.918
5	44	18	31	8.273	-5.01	0.0201253	81.9555	678.018
6	45	19	32	8.719	-4.46	0.0201185	83.5033	728.065
7	46	20	33	8.974	-4.81	0.0201146	84.4397	757.762
8	47	21	34	9.372	-5.11	0.0201093	83.6869	784.313
9	48	22	35	9.679	-6.84	0.0201055	83.9536	812.587
10	49	23	36	10.034	-6.1	0.0201028	85.6294	859.206
11	50	24	37	10.116	-6.19	0.0201016	86.9052	879.133
1	43	15	29	6.65	-5.06	0.0201573	85.4045	567.94
2	44	16	30	7.248	-6.38	0.0201442	87.2706	632.537
3	45	17	31	7.767	-5.35	0.0201334	88.3975	686.584
4	46	18	32	8.191	-4.32	0.0201265	90.0988	737.999
5	47	19	33	8.562	-5.66	0.020121	91.1891	780.761
6	48	20	34	8.953	-7.07	0.0201145	91.0288	814.981
7	49	21	35	9.192	-6.97	0.020111	91.066	837.079
8	50	22	36	9.388	-7.06	0.0201096	91.6434	860.348
1	46	16	31	7.406	-6.42	0.0201408	93.836	694.949
2	47	17	32	7.749	-7.79	0.0201346	95.9855	743.792
3	48	18	33	8.094	-5.25	0.0201282	97.6183	790.123
4	49	19	34	8.404	-6.22	0.0201221	98.8503	830.738
5	50	20	35	8.675	-5.46	0.0201176	99.2567	861.052
1	49	17	33	7.69	-7.08	0.0201348	103.16	793.299
2	50	18	34	7.92	-5.11	0.0201299	105.482	835.415
