50# Number of sensors
#x	y	z
0	0	541.493
0.9871	0	541.333
1.9648	0	541.123
2.9476	0	540.938
3.9377	0	540.798
4.9359	0	540.738
5.9274	0	540.608
6.912	0	540.433
7.8999	0	540.278
8.8862	0	540.113
9.8708	0	539.938
10.8571	0	539.773
11.8302	0	539.543
12.8139	0	539.363
13.8026	0	539.213
14.7853	0	539.028
15.7829	0	538.958
16.7692	0	538.793
17.7689	0	538.768
18.7664	0	538.698
19.7531	0	538.535
20.6841	0	538.17
21.6596	0	537.95
22.6498	0	537.81
23.6483	0	537.755
24.6377	0	537.61
25.6248	0	537.45
26.6056	0	537.255
27.6024	0	537.175
28.5911	0	537.025
29.5826	0	536.895
30.5741	0	536.765
31.5384	0	536.5
32.5092	0	536.26
33.472	0	535.99
34.4194	0	535.67
35.3794	0	535.39
36.349	0	535.145
37.3233	0	534.92
38.301	0	534.71
39.2742	0	534.48
40.2508	0	534.265
41.2326	0	534.075
42.2103	0	533.865
43.1835	0	533.635
44.1623	0	533.43
45.1538	0	533.3
46.1194	0	533.04
47.1012	0	532.85
48.0719	0	532.61
784# Number of data
#a	b	m	n	R	ip	err	k	rhoa
1	2	4	3	70.613	-8.73	0.0200101	19.4897	1376.23
2	3	5	4	75.043	-7.17	0.0200093	19.5546	1467.44
3	4	6	5	60.839	-6.35	0.0200111	19.7817	1203.5
4	5	7	6	43.126	-14.49	0.0200174	18.8222	811.725
5	6	8	7	35.406	-13.69	0.0200222	17.7253	627.58
6	7	9	8	29.263	-9.51	0.0200283	19.572	572.734
7	8	10	9	63.606	-9.88	0.020011	19.2949	1227.27
8	9	11	10	62.421	-6.92	0.0200117	18.988	1185.25
9	10	12	11	62.587	-9.73	0.0200114	19.1462	1198.3
10	11	13	12	59.529	-8.1	0.0200118	18.7237	1114.6
11	12	14	13	68.251	-6.66	0.0200094	18.8301	1285.17
12	13	15	14	56.001	-6.37	0.0200121	20.0586	1123.3
13	14	16	15	70.513	-8.18	0.0200093	18.2025	1283.51
14	15	17	16	60.14	-7.83	0.0200117	19.6545	1182.02
15	16	18	17	78.071	-9.15	0.0200084	18.3828	1435.16
16	17	19	18	80.2	-8.5	0.0200091	18.8286	1510.06
17	18	20	19	73.826	-7.82	0.0200097	20.2701	1496.46
18	19	21	20	69.267	-8.4	0.0200107	18.3173	1268.79
19	20	22	21	76.148	-9.58	0.0200096	17.2824	1316.02
20	21	23	22	52.067	-9.04	0.020015	18.9626	987.328
21	22	24	23	63.151	-9.92	0.0200114	21.2428	1341.5
22	23	25	24	47.601	-8.99	0.020015	19.6516	935.437
23	24	26	25	60.46	-9.42	0.0200103	18.6559	1127.93
24	25	27	26	58.746	-9.08	0.0200113	18.4255	1082.42
25	26	28	27	71.709	-10.55	0.0200085	18.8423	1351.17
26	27	29	28	57.649	-9.84	0.0200107	19.9828	1151.99
27	28	30	29	64.731	-11.17	0.0200098	19.3933	1255.35
28	29	31	30	60.861	-10.77	0.0200109	18.3405	1116.22
29	30	32	31	56.037	-9.68	0.0200119	19.9388	1117.31
30	31	33	32	51.479	-8.71	0.020013	18.0592	929.67
31	32	34	33	46.441	-9.21	0.0200147	18.8302	874.491
32	33	35	34	42.009	-8.37	0.0200171	20.0747	843.32
33	34	36	35	56.212	-10.35	0.0200121	18.3368	1030.75
34	35	37	36	51.31	-10.66	0.0200134	19.1405	982.101
35	36	38	37	38.19	-10.26	0.020021	19.8855	759.428
36	37	39	38	38.328	-11	0.0200187	19.2432	737.552
37	38	40	39	38.817	-9.86	0.0200164	19.4282	754.145
38	39	41	40	36.046	-9.37	0.0200184	19.0734	687.518
39	40	42	41	33.59	-10.3	0.0200203	18.9059	635.051
40	41	43	42	31.219	-8.92	0.0200201	19.6492	613.429
41	42	44	43	27.925	-9.12	0.0200262	19.3419	540.122
42	43	45	44	27.475	-8.84	0.0200256	18.8629	518.258
43	44	46	45	29.46	-9.15	0.0200256	18.9774	559.074
44	45	47	46	25.914	-8.91	0.0200258	20.4911	531.008
45	46	48	47	23.447	-6.96	0.0200328	18.4756	433.198
46	47	49	48	21.922	-2.95	0.0200284	18.8189	412.547
47	48	50	49	29.537	-9.27	0.0200231	19.4429	574.286
1	3	7	5	25.086	-8.3	0.0200302	41.2338	1034.39
2	4	8	6	22.609	-12.4	0.020034	39.6893	897.336
3	5	9	7	32.714	-7.44	0.0200232	35.2313	1152.56
4	6	10	8	34.801	-4.08	0.0200213	35.295	1228.3
5	7	11	9	24.067	-9.24	0.0200316	38.1621	918.448
6	8	12	10	30.271	-9.63	0.0200244	38.2234	1157.06
7	9	13	11	37.691	-7.24	0.0200201	37.8021	1424.8
8	10	14	12	33.847	-8.48	0.0200215	37.0855	1255.23
9	11	15	13	30.175	-9.47	0.0200232	36.7558	1109.11
10	12	16	14	28.831	-9.02	0.0200244	38.5365	1111.05
11	13	17	15	26.456	-8.62	0.0200277	38.0366	1006.3
12	14	18	16	25.587	-8.41	0.0200273	36.8378	942.57
13	15	19	17	26.812	-7.72	0.020026	38.1369	1022.53
14	16	20	18	31.07	-7.62	0.0200223	38.0523	1182.28
15	17	21	19	25.192	-7.58	0.0200309	41.3243	1041.04
16	18	22	20	25.215	-7.52	0.0200284	38.4701	970.024
17	19	23	21	24.102	-6.83	0.0200308	31.689	763.769
18	20	24	22	18.627	-8.49	0.0200411	32.247	600.666
19	21	25	23	18.252	-8.78	0.0200383	41.8975	764.713
20	22	26	24	18.374	-8.56	0.020034	45.4705	835.474
21	23	27	25	17.527	-8.18	0.0200364	40.1251	703.273
22	24	28	26	20.309	-8.74	0.0200307	35.2891	716.686
23	25	29	27	22.998	-8.84	0.0200255	35.268	811.093
24	26	30	28	23.942	-9.39	0.0200243	39.0676	935.355
25	27	31	29	23.471	-8.97	0.0200233	41.0141	962.642
26	28	32	30	24.418	-8.9	0.0200265	38.2639	934.327
27	29	33	31	25.043	-9.71	0.0200273	37.9982	951.588
28	30	34	32	23.779	-9.3	0.0200283	37.107	882.366
29	31	35	33	21.819	-8.39	0.0200344	35.1079	766.02
30	32	36	34	19.37	-7.88	0.0200447	37.7517	731.25
31	33	37	35	20.345	-8.57	0.0200387	37.741	767.84
32	34	38	36	20.212	-9.35	0.0200333	36.6457	740.683
33	35	39	37	16.249	-9.72	0.0200422	39.1332	635.875
34	36	40	38	13.744	-9.51	0.0200505	40.1907	552.382
35	37	41	39	11.593	-9.2	0.0200576	38.9924	452.038
36	38	42	40	9.757	-9.93	0.0200666	37.6275	367.131
37	39	43	41	9.017	-9.65	0.0200773	36.8525	332.299
38	40	44	42	9.135	-9.6	0.0200735	38.3305	350.149
39	41	45	43	8.583	-9.03	0.0200932	38.8612	333.546
40	42	46	44	8.263	-8.48	0.0200944	36.9847	305.604
41	43	47	45	8.103	-8.07	0.020084	36.7617	297.88
42	44	48	46	7.485	-8.4	0.0201032	39.729	297.371
43	45	49	47	7.39	-8	0.0201252	38.079	281.404
44	46	50	48	8.303	-3.98	0.0201085	34.5299	286.702
1	4	10	7	21.019	-10.3	0.0200371	57.7962	1214.82
2	5	11	8	27.026	-7.29	0.0200281	53.8762	1456.06
3	6	12	9	24.718	-8.36	0.0200304	53.9967	1334.69
4	7	13	10	17.895	-9.43	0.020045	56.3676	1008.7
5	8	14	11	19.639	-10.53	0.0200401	56.9222	1117.9
6	9	15	12	19.212	-9.77	0.020041	56.1564	1078.88
7	10	16	13	18.399	-10.73	0.0200413	55.0871	1013.55
8	11	17	14	15.383	-12.2	0.0200506	56.3143	866.282
9	12	18	15	14.767	-12.04	0.0200523	57.0185	841.992
10	13	19	16	12.168	-10.64	0.0200652	58.2143	708.351
11	14	20	17	12.343	-9.55	0.0200605	58.0274	716.232
12	15	21	18	11.58	-8.12	0.0200668	60.4744	700.293
13	16	22	19	10.986	-7.99	0.0200714	61.0698	670.913
14	17	23	20	9.904	-7.96	0.0200816	56.9715	564.246
15	18	24	21	9.852	-7.66	0.020078	49.6	488.659
16	19	25	22	7.887	-7.14	0.0201045	46.861	369.592
17	20	26	23	7.659	-8.43	0.020099	54.564	417.906
18	21	27	24	6.763	-8.68	0.0201048	65.391	442.24
19	22	28	25	7.675	-8.94	0.0200868	67.141	515.307
20	23	29	26	7.725	-9.34	0.0200926	58.6019	452.7
21	24	30	27	9.558	-9.76	0.0200687	53.5354	511.691
22	25	31	28	9.919	-9.93	0.0200646	55.1082	546.618
23	26	32	29	10.892	-9.48	0.0200556	59.7876	651.207
24	27	33	30	10.529	-8.5	0.0200617	60.6365	638.441
25	28	34	31	11.469	-9.51	0.0200624	58.768	674.011
26	29	35	32	12.133	-9.49	0.0200625	55.0542	667.973
27	30	36	33	12.484	-8.88	0.0200645	53.5402	668.396
28	31	37	34	11.603	-9.36	0.0200789	53.0561	615.61
29	32	38	35	10.786	-8.88	0.0200839	54.3529	586.251
30	33	39	36	9.309	-8.81	0.0200891	55.8306	519.727
31	34	40	37	8.277	-9.59	0.0200915	57.8556	478.871
32	35	41	38	7.479	-8.95	0.0200966	60.4598	452.179
33	36	42	39	6.187	-8.15	0.0201229	60.6308	375.123
34	37	43	40	4.971	-8.32	0.0201587	58.4853	290.731
35	38	44	41	4.349	-7.79	0.0201882	56.8277	247.144
36	39	45	42	4.216	-7.47	0.0201945	56.9204	239.976
37	40	46	43	4.225	-7.77	0.0202146	56.966	240.682
38	41	47	44	4.237	-6.93	0.0202107	56.6627	240.08
39	42	48	45	4.231	-7.33	0.0202044	56.0763	237.259
40	43	49	46	4.144	-6.99	0.0202035	57.6134	238.75
41	44	50	47	4.577	-7.48	0.0202136	56.3017	257.693
1	5	13	9	18.081	-9.44	0.0200436	73.8986	1336.16
2	6	14	10	16.161	-8.96	0.0200499	72.1833	1166.55
3	7	15	11	12.663	-9.75	0.0200669	74.3204	941.12
4	8	16	12	11.918	-11.12	0.0200699	73.7078	878.45
5	9	17	13	11.171	-10.57	0.0200743	73.5541	821.673
6	10	18	14	9.762	-12.64	0.0200855	75.4482	736.525
7	11	19	15	8.923	-12.58	0.0200942	75.1184	670.282
8	12	20	16	7.751	-11.82	0.0201084	78.7812	610.633
9	13	21	17	6.737	-10.45	0.0201242	81.5985	549.729
10	14	22	18	6.356	-9.2	0.0201308	80.8826	514.09
11	15	23	19	5.315	-7.76	0.0201645	81.7902	434.715
12	16	24	20	5.341	-7.04	0.0201574	75.0927	401.07
13	17	25	21	5.05	-6	0.0201726	68.3166	344.999
14	18	26	22	4.465	-6.31	0.0201952	65.6202	292.994
15	19	27	23	4.425	-6.2	0.0201935	69.1392	305.941
16	20	28	24	4.128	-7.49	0.0202012	77.1256	318.375
17	21	29	25	4.248	-8.58	0.0201914	85.0274	361.196
18	22	30	26	4.811	-9.3	0.0201665	84.7281	407.627
19	23	31	27	5.296	-9.21	0.0201525	78.125	413.75
20	24	32	28	5.892	-10.11	0.0201326	75.9829	447.691
21	25	33	29	6.205	-9.94	0.0201177	76.8966	477.143
22	26	34	30	6.434	-9.14	0.0201178	77.2532	497.047
23	27	35	31	6.503	-8.37	0.0201196	79.2451	515.331
24	28	36	32	7.25	-8.41	0.0201138	74.6808	541.436
25	29	37	33	7.959	-8.27	0.0201121	70.5189	561.26
26	30	38	34	8.063	-7.86	0.0201171	70.6124	569.348
27	31	39	35	7.913	-7.97	0.0201207	68.644	543.18
28	32	40	36	6.733	-8.47	0.020139	72.0684	485.236
29	33	41	37	5.748	-7.77	0.0201568	76.7449	441.13
30	34	42	38	5.236	-7.98	0.0201585	78.539	411.23
31	35	43	39	4.466	-7.42	0.0201851	81.7644	365.16
32	36	44	40	3.753	-6.81	0.020235	81.0234	304.081
33	37	45	41	3.291	-6.82	0.02028	78.2501	257.521
34	38	46	42	3.06	-6.49	0.0203032	77.2606	236.418
35	39	47	43	2.943	-6.22	0.0203336	75.9677	223.573
36	40	48	44	2.974	-6.44	0.0203228	75.1232	223.417
37	41	49	45	3.085	-6.33	0.0203077	74.9336	231.17
38	42	50	46	3.216	-6.35	0.0202976	75.6545	243.305
1	6	16	11	10.841	-9.53	0.0200786	90.9501	985.99
2	7	17	12	7.963	-10.39	0.020111	91.3193	727.176
3	8	18	13	7.425	-12.05	0.0201167	90.9858	675.569
4	9	19	14	6.758	-11.24	0.0201322	92.9138	627.912
5	10	20	15	6.06	-12.11	0.0201462	95.1741	576.755
6	11	21	16	4.969	-12.74	0.0201796	99.3029	493.436
7	12	22	17	4.744	-11.24	0.0201845	102.106	484.389
8	13	23	18	4.099	-10.03	0.0202211	102.067	418.373
9	14	24	19	3.582	-8.85	0.0202541	100.554	360.183
10	15	25	20	3.34	-7.05	0.0202725	96.4365	322.098
11	16	26	21	3.492	-5.64	0.0202573	87.8534	306.784
12	17	27	22	3.145	-5.14	0.0203008	84.6929	266.359
13	18	28	23	3.262	-5.47	0.0202779	87.7199	286.142
14	19	29	24	3.282	-6.32	0.0202782	91.2105	299.353
15	20	30	25	3.419	-8.43	0.0202655	96.862	331.171
16	21	31	26	3.502	-9.15	0.0202608	102.703	359.666
17	22	32	27	4.062	-9.39	0.0202169	103.597	420.809
18	23	33	28	4.217	-9.75	0.0202141	100.241	422.715
19	24	34	29	4.54	-9.72	0.020189	97.8299	444.148
20	25	35	30	4.645	-10.1	0.0201877	95.8382	445.169
21	26	36	31	4.887	-9.47	0.0201787	95.9768	469.039
22	27	37	32	5.02	-8.28	0.0201763	92.2896	463.294
23	28	38	33	5.634	-8.4	0.0201646	87.7721	494.508
24	29	39	34	6.053	-7.77	0.0201632	86.655	524.523
25	30	40	35	6.205	-7.53	0.0201557	86.3045	535.519
26	31	41	36	5.675	-7.36	0.02017	86.2267	489.337
27	32	42	37	5.054	-7	0.0201912	91.522	462.552
28	33	43	38	4.468	-7.46	0.0202076	96.7846	432.434
29	34	44	39	3.848	-7.28	0.0202331	99.467	382.749
30	35	45	40	3.274	-6.42	0.0202813	101.543	332.45
31	36	46	41	2.926	-6.46	0.0203268	100.96	295.41
32	37	47	42	2.7	-5.99	0.0203535	99.18	267.786
33	38	48	43	2.571	-6.14	0.0203915	97.0582	249.537
34	39	49	44	2.568	-5.73	0.0203874	94.2798	242.111
35	40	50	45	2.694	-6	0.020364	92.6496	249.598
1	7	19	13	5.159	-11.69	0.0201758	109.803	566.473
2	8	20	14	4.703	-12.31	0.020196	112.174	527.555
3	9	21	15	4.424	-10.93	0.0202104	114.14	504.955
4	10	22	16	3.808	-11.27	0.0202429	118.388	450.82
5	11	23	17	3.348	-10.96	0.020273	119.94	401.558
6	12	24	18	3.115	-11.22	0.0202992	121.523	378.544
7	13	25	19	2.758	-9.77	0.0203455	122.506	337.871
8	14	26	20	2.708	-7.95	0.0203431	116.378	315.15
9	15	27	21	2.652	-6.74	0.020354	109.3	289.863
10	16	28	22	2.688	-6.71	0.0203536	103.913	279.317
11	17	29	23	2.798	-6.51	0.0203409	107.319	300.28
12	18	30	24	2.881	-5.64	0.0203234	110.583	318.588
13	19	31	25	3.059	-6.6	0.0203077	111.06	339.732
14	20	32	26	3.108	-8.71	0.0203084	114.94	357.234
15	21	33	27	3.293	-9.36	0.0202855	121.677	400.682
16	22	34	28	3.548	-9.43	0.020262	125.192	444.183
17	23	35	29	3.656	-9.12	0.0202546	120.756	441.483
18	24	36	30	3.847	-9.59	0.0202465	114.963	442.264
19	25	37	31	3.88	-9.93	0.0202407	113.869	441.811
20	26	38	32	4.087	-10.01	0.0202293	110.363	451.053
21	27	39	33	4.344	-9.11	0.0202197	105.86	459.857
22	28	40	34	4.706	-9	0.0202098	102.687	483.243
23	29	41	35	4.956	-8.11	0.020201	100.997	500.541
24	30	42	36	4.758	-7.8	0.0202038	103.048	490.301
25	31	43	37	4.527	-7.49	0.0202148	105.801	478.963
26	32	44	38	4.14	-6.69	0.0202328	111.604	462.042
27	33	45	39	3.607	-6.16	0.020266	116.483	420.155
28	34	46	40	3.159	-6.88	0.0203002	118.043	372.899
29	35	47	41	2.833	-5.92	0.0203353	120.973	342.718
30	36	48	42	2.641	-5.22	0.0203675	121.89	321.91
31	37	49	43	2.493	-5.76	0.0204026	119.067	296.833
32	38	50	44	2.483	-5.71	0.0204002	114.655	284.688
1	8	22	15	3.236	-11.12	0.0202933	134.704	435.901
2	9	23	16	2.947	-10.57	0.0203261	135.992	400.77
3	10	24	17	2.762	-9.9	0.0203412	137.37	379.416
4	11	25	18	2.53	-10.51	0.0203775	139.067	351.84
5	12	26	19	2.359	-10.28	0.0204026	142.931	337.174
6	13	27	20	2.257	-10.64	0.0204239	139.105	313.961
7	14	28	21	2.402	-8.18	0.0203975	128.68	309.09
8	15	29	22	2.417	-7.38	0.0203992	125.188	302.581
9	16	30	23	2.625	-8.25	0.0203587	127.328	334.235
10	17	31	24	2.676	-7.41	0.020355	130.657	349.639
11	18	32	25	2.778	-8.07	0.0203403	131.539	365.416
12	19	33	26	2.862	-7.46	0.0203344	129.772	371.408
13	20	34	27	3.013	-8.79	0.0203166	133.284	401.584
14	21	35	28	3.048	-9.15	0.0203139	142.718	435.003
15	22	36	29	3.241	-9.11	0.0202907	144.837	469.417
16	23	37	30	3.224	-9.18	0.0203031	136.707	440.744
17	24	38	31	3.334	-9.75	0.0202914	131.396	438.076
18	25	39	32	3.435	-10.75	0.0202817	126.751	435.391
19	26	40	33	3.634	-9.92	0.0202675	124.455	452.268
20	27	41	34	3.744	-9.18	0.0202646	122.761	459.618
21	28	42	35	3.975	-8.92	0.0202492	117.574	467.357
22	29	43	36	3.966	-8.28	0.0202497	116.624	462.529
23	30	44	37	3.945	-7.3	0.0202463	121.494	479.294
24	31	45	38	3.786	-7.13	0.0202566	125.238	474.15
25	32	46	39	3.438	-6.13	0.0202834	130.99	450.343
26	33	47	40	3.072	-5.4	0.0203153	135.116	415.076
27	34	48	41	2.874	-5.95	0.0203352	136.885	393.408
28	35	49	42	2.729	-5.46	0.0203555	140.633	383.788
29	36	50	43	2.653	-5.44	0.0203757	140.095	371.672
1	9	25	17	2.27	-10.71	0.0204241	157.1	356.616
2	10	26	18	2.225	-10.43	0.0204357	158.611	352.909
3	11	27	19	2.079	-10.34	0.0204684	160.594	333.875
4	12	28	20	2.136	-10.39	0.0204484	157.745	336.944
5	13	29	21	2.196	-10.61	0.0204399	150.74	331.026
6	14	30	22	2.288	-10.27	0.0204214	145.697	333.356
7	15	31	23	2.459	-8.55	0.0203883	149.216	366.922
8	16	32	24	2.589	-8.11	0.0203635	151.359	391.87
9	17	33	25	2.614	-9.52	0.0203634	152.243	397.963
10	18	34	26	2.653	-9.35	0.0203595	149.8	397.419
11	19	35	27	2.813	-9.16	0.0203389	148.411	417.481
12	20	36	28	2.852	-8.97	0.0203357	153.909	438.948
13	21	37	29	2.826	-9.49	0.020336	161.031	455.073
14	22	38	30	2.883	-9.96	0.0203369	159.976	461.211
15	23	39	31	2.889	-9.71	0.020339	152.711	441.183
16	24	40	32	2.997	-10.84	0.0203273	144.436	432.874
17	25	41	33	3.084	-10.47	0.0203189	140.025	431.838
18	26	42	34	3.168	-10.57	0.020315	139.751	442.73
19	27	43	35	3.201	-9.25	0.0203076	138	441.737
20	28	44	36	3.264	-9.47	0.0203009	135.418	442.004
21	29	45	37	3.378	-8.3	0.0202949	135.859	458.932
22	30	46	38	3.384	-7.63	0.0202874	139.264	471.271
23	31	47	39	3.21	-6.62	0.020303	143.314	460.037
24	32	48	40	2.982	-6.12	0.020328	149.536	445.917
25	33	49	41	2.848	-5.1	0.0203435	153.712	437.772
26	34	50	42	2.851	-5	0.0203396	155.432	443.136
1	10	28	19	1.912	-11.16	0.0205107	180.875	345.834
2	11	29	20	1.989	-11.7	0.0204861	175.971	350.007
3	12	30	21	2.149	-12.57	0.0204468	169.81	364.921
4	13	31	22	2.208	-12.88	0.0204392	167.111	368.982
5	14	32	23	2.334	-11.79	0.02041	170.261	397.39
6	15	33	24	2.381	-12.07	0.0203997	174.609	415.745
7	16	34	25	2.536	-11.56	0.0203724	172.544	437.572
8	17	35	26	2.555	-11.01	0.020375	170.22	434.912
9	18	36	27	2.659	-11.27	0.020356	168.125	447.044
10	19	37	28	2.666	-10.18	0.0203584	167.989	447.858
11	20	38	29	2.62	-10.08	0.0203646	172.25	451.295
12	21	39	30	2.549	-9.41	0.0203798	176.198	449.129
13	22	40	31	2.596	-9.43	0.0203706	175.995	456.884
14	23	41	32	2.601	-10.15	0.0203761	165.811	431.273
15	24	42	33	2.702	-10.93	0.0203666	157.216	424.797
16	25	43	34	2.697	-11.5	0.0203704	155.262	418.741
17	26	44	35	2.733	-11.15	0.0203623	154.31	421.728
18	27	45	36	2.684	-10.5	0.0203676	154.52	414.732
19	28	46	37	2.821	-10.05	0.0203486	154.656	436.285
20	29	47	38	2.923	-8.65	0.0203361	155.79	455.373
21	30	48	39	2.91	-8.19	0.0203351	158.685	461.774
22	31	49	40	2.845	-7.24	0.0203452	160.163	455.664
23	32	50	41	2.836	-6.74	0.0203466	165.661	469.815
1	11	31	21	2.023	-12.81	0.0204764	189.593	383.547
2	12	32	22	2.137	-14.1	0.0204521	187.528	400.747
3	13	33	23	2.24	-13.61	0.0204305	192.342	430.847
4	14	34	24	2.333	-12.84	0.0204065	194.305	453.314
5	15	35	25	2.369	-12.11	0.020401	195.393	462.885
6	16	36	26	2.474	-12.75	0.0203848	190.719	471.84
7	17	37	27	2.544	-11.85	0.0203762	187.584	477.213
8	18	38	28	2.531	-11.41	0.0203765	187.146	473.667
9	19	39	29	2.488	-10.23	0.020382	186.206	463.28
10	20	40	30	2.383	-10.87	0.020407	187.721	447.34
11	21	41	31	2.302	-10.35	0.02042	192.999	444.284
12	22	42	32	2.339	-10.17	0.020411	188.788	441.575
13	23	43	33	2.361	-10.34	0.0204144	178.473	421.375
14	24	44	34	2.393	-11.24	0.0204174	172.763	413.423
15	25	45	35	2.37	-11.57	0.0204198	169.495	401.703
16	26	46	36	2.323	-11.53	0.0204248	170.269	395.535
17	27	47	37	2.363	-10.73	0.0204146	172.962	408.71
18	28	48	38	2.486	-10.4	0.0203917	173.71	431.843
19	29	49	39	2.563	-8.82	0.0203846	175.075	448.716
20	30	50	40	2.648	-8.53	0.0203694	176.717	467.947
1	12	34	23	2.144	-13.92	0.0204472	213.692	458.156
2	13	35	24	2.219	-14.12	0.0204308	217.109	481.764
3	14	36	25	2.359	-13.36	0.020401	214.653	506.367
4	15	37	26	2.34	-12.66	0.0204102	211.559	495.048
5	16	38	27	2.429	-12.19	0.0203931	207.339	503.625
6	17	39	28	2.394	-11.83	0.0204018	207.001	495.561
7	18	40	29	2.362	-11.22	0.0204014	205.543	485.494
8	19	41	30	2.277	-10.28	0.0204241	201.878	459.675
9	20	42	31	2.155	-11.68	0.0204476	204.259	440.179
10	21	43	32	2.096	-11.2	0.02046	205.739	431.229
11	22	44	33	2.139	-10.48	0.0204541	202.234	432.579
12	23	45	34	2.116	-10.2	0.0204695	194.068	410.648
13	24	46	35	2.132	-10.75	0.0204647	186.496	397.609
14	25	47	36	2.042	-11.94	0.0204812	185.594	378.982
15	26	48	37	2.071	-11.84	0.0204735	188.783	390.97
16	27	49	38	2.114	-10.77	0.0204608	191.377	404.571
17	28	50	39	2.237	-10.76	0.0204352	191.099	427.488
1	13	37	25	2.183	-14.38	0.0204415	237.737	518.981
2	14	38	26	2.252	-13.67	0.0204264	231.108	520.455
3	15	39	27	2.318	-12.34	0.0204136	227.978	528.453
4	16	40	28	2.334	-12	0.0204105	225.972	527.42
5	17	41	29	2.232	-11.8	0.0204272	225.322	502.919
6	18	42	30	2.113	-12.06	0.0204507	221.427	467.875
7	19	43	31	2.064	-11.03	0.0204653	218.421	450.82
8	20	44	32	1.991	-11.25	0.0204883	217.429	432.9
9	21	45	33	1.938	-11.57	0.0205013	219.063	424.543
10	22	46	34	1.945	-11.08	0.0205061	217.198	422.449
11	23	47	35	1.91	-11.33	0.0205176	208.463	398.165
12	24	48	36	1.861	-11.28	0.0205288	203.133	378.03
13	25	49	37	1.855	-11.86	0.020526	203.533	377.553
14	26	50	38	1.888	-12.13	0.0205147	206.244	389.388
1	14	40	27	2.205	-13.26	0.0204363	248.951	548.937
2	15	41	28	2.196	-12.36	0.020438	247.587	543.7
3	16	42	29	2.157	-11.38	0.0204411	243.914	526.122
4	17	43	30	2.044	-11.45	0.020473	240.204	490.978
5	18	44	31	1.934	-11.33	0.020497	238.065	460.418
6	19	45	32	1.878	-11.83	0.0205152	232.022	435.737
7	20	46	33	1.851	-11.76	0.0205271	230.3	426.285
8	21	47	34	1.792	-11.21	0.0205485	234.131	419.563
9	22	48	35	1.775	-12.13	0.0205513	231.905	411.631
10	23	49	36	1.696	-11.9	0.0205814	224.553	380.843
11	24	50	37	1.731	-12.83	0.0205675	220.749	382.116
1	15	43	29	2.018	-12.31	0.0204737	266.703	538.207
2	16	44	30	1.964	-10.99	0.0204907	259.916	510.476
3	17	45	31	1.868	-11.65	0.0205184	256.644	479.41
4	18	46	32	1.806	-11.79	0.0205336	250.148	451.767
5	19	47	33	1.758	-11.24	0.020554	244.885	430.508
6	20	48	34	1.692	-12.91	0.0205828	246.276	416.699
7	21	49	35	1.658	-13.02	0.0205931	248.223	411.554
8	22	50	36	1.61	-11.76	0.0206075	246.983	397.643
1	16	46	31	1.791	-10.97	0.0205376	276.929	495.979
2	17	47	32	1.738	-11.65	0.0205568	269.624	468.606
3	18	48	33	1.689	-12.06	0.0205747	263.331	444.766
4	19	49	34	1.653	-11.76	0.0205942	259.391	428.773
5	20	50	35	1.593	-12.54	0.0206169	259.268	413.014
1	17	49	33	1.628	-11.64	0.0205977	283.287	461.19
2	18	50	34	1.597	-11.27	0.0206083	277.611	443.344
1	4	2	3	217.469	-8.07	0.0200035	6.22047	1352.76
2	5	3	4	188.801	-7.53	0.0200038	6.36444	1201.61
3	6	4	5	181.693	-8.55	0.020004	6.22273	1130.63
4	7	5	6	150.454	-7.13	0.0200049	6.2405	938.908
5	8	6	7	108.919	-12.62	0.0200072	6.47375	705.115
6	9	7	8	156.226	-10.26	0.0200047	6.16209	962.678
7	10	8	9	157.767	-6.38	0.0200048	6.31557	996.389
8	11	9	10	182.293	-9.34	0.0200039	6.36299	1159.93
9	12	10	11	177.3	-7.47	0.0200041	6.26265	1110.37
10	13	11	12	192.149	-7.75	0.0200036	6.36241	1222.53
11	14	12	13	169.661	-7.16	0.0200042	6.41176	1087.83
12	15	13	14	192.24	-7.33	0.0200035	6.13026	1178.48
13	16	14	15	166.226	-7.03	0.0200042	6.56574	1091.4
14	17	15	16	202.94	-8.31	0.0200033	6.12866	1243.75
15	18	16	17	186.02	-7.81	0.0200039	6.39002	1188.67
16	19	17	18	198.856	-7.88	0.0200035	6.36016	1264.75
17	20	18	19	199.967	-7.19	0.0200036	6.037	1207.2
18	21	19	20	189.977	-8.13	0.0200039	6.27517	1192.14
19	22	20	21	160.727	-8.09	0.0200046	6.49955	1044.65
20	23	21	22	180.69	-8.76	0.020004	6.36039	1149.26
21	24	22	23	133.206	-8.53	0.0200056	6.15538	819.934
22	25	23	24	161.46	-9.22	0.0200042	6.42789	1037.85
23	26	24	25	144.807	-8.63	0.0200046	6.40438	927.398
24	27	25	26	171.493	-9.42	0.0200036	6.40509	1098.43
25	28	26	27	156.141	-8.74	0.020004	6.41941	1002.33
26	29	27	28	181.513	-10.02	0.0200034	6.2526	1134.93
27	30	28	29	164.38	-9.59	0.0200039	6.3265	1039.95
28	31	29	30	165.026	-9.79	0.0200039	6.53592	1078.6
29	32	30	31	155.184	-9	0.0200044	6.06013	940.436
30	33	31	32	142.923	-8.81	0.0200049	6.47702	925.715
31	34	32	33	133.566	-8.85	0.0200052	6.35732	849.122
32	35	33	34	142.53	-9.04	0.0200048	6.12946	873.632
33	36	34	35	126.874	-9.03	0.0200057	6.52476	827.822
34	37	35	36	127.184	-9.31	0.0200058	6.37449	810.733
35	38	36	37	120.88	-9.86	0.0200058	6.31329	763.15
36	39	37	38	102.641	-9.5	0.0200069	6.46837	663.92
37	40	38	39	97.883	-9.89	0.0200071	6.36957	623.472
38	41	39	40	94.326	-9.66	0.0200071	6.41207	604.825
39	42	40	41	86.518	-8.83	0.0200077	6.44217	557.364
40	43	41	42	79.466	-9.26	0.020009	6.30319	500.89
41	44	42	43	76.802	-8.69	0.0200087	6.37092	489.299
42	45	43	44	74.66	-8.64	0.0200102	6.43922	480.752
43	46	44	45	70.55	-8.49	0.0200103	6.46334	455.989
44	47	45	46	71.293	-7.78	0.0200108	6.12783	436.872
45	48	46	47	64.813	-3.76	0.0200105	6.54819	424.408
46	49	47	48	70.106	-8.3	0.0200108	6.42162	450.194
47	50	48	49	70.983	-4.23	0.0200097	6.37116	452.244
1	7	3	5	93.044	-7.79	0.0200085	11.5819	1077.63
2	8	4	6	88.598	-5.75	0.0200087	12.0774	1070.03
3	9	5	7	65.735	-8.96	0.020012	13.0035	854.788
4	10	6	8	69.473	-11.21	0.0200112	12.9783	901.639
5	11	7	9	92.051	-7.86	0.0200084	12.3107	1133.21
6	12	8	10	92.352	-6.79	0.0200082	12.2425	1130.62
7	13	9	11	77.761	-9.29	0.0200096	12.4866	970.969
8	14	10	12	80.721	-9.16	0.0200092	12.7568	1029.75
9	15	11	13	82.853	-8.02	0.0200093	12.7349	1055.13
10	16	12	14	77.212	-8.5	0.0200096	12.3809	955.956
11	17	13	15	73.34	-8.57	0.0200099	12.4908	916.075
12	18	14	16	75.213	-8.76	0.0200096	12.6053	948.086
13	19	15	17	65.685	-8.41	0.0200118	12.7217	835.626
14	20	16	18	63.064	-8.26	0.0200116	12.3311	777.647
15	21	17	19	62.627	-7.56	0.0200118	11.7593	736.452
16	22	18	20	60.757	-7.8	0.0200122	12.1087	735.691
17	23	19	21	53.346	-7.86	0.0200143	14.1624	755.508
18	24	20	22	54.333	-7.68	0.0200129	13.9538	758.152
19	25	21	23	52.568	-7.5	0.0200137	11.8575	623.326
20	26	22	24	49.849	-8.51	0.0200143	11.2	558.31
21	27	23	25	52.6	-8.61	0.0200126	12.4212	653.356
22	28	24	26	53.714	-8.57	0.0200118	13.5989	730.449
23	29	25	27	52.481	-8.19	0.0200118	13.5135	709.204
24	30	26	28	57.532	-8.32	0.0200117	12.4098	713.96
25	31	27	29	62.349	-9.12	0.0200109	12.1384	756.819
26	32	28	30	62.511	-8.95	0.0200107	12.557	784.951
27	33	29	31	59.865	-8.16	0.0200112	12.5457	751.049
28	34	30	32	57.09	-8.4	0.0200132	12.7424	727.462
29	35	31	33	57.501	-8.87	0.020013	12.9199	742.909
30	36	32	34	56.508	-8.86	0.0200124	12.5295	708.015
31	37	33	35	50.706	-8.53	0.0200148	12.4947	633.555
32	38	34	36	45.467	-7.91	0.0200181	12.9045	586.728
33	39	35	37	43.949	-8.25	0.0200179	12.547	551.429
34	40	36	38	40.747	-8.7	0.0200177	12.2802	500.381
35	41	37	39	35.503	-8.34	0.0200211	12.5535	445.686
36	42	38	40	33.103	-8.09	0.0200223	12.9058	427.222
37	43	39	41	29.709	-7.8	0.0200259	12.9418	384.488
38	44	40	42	26.791	-7.35	0.0200286	12.5819	337.082
39	45	41	43	25.795	-7.18	0.0200293	12.4052	319.993
40	46	42	44	25.569	-7.14	0.0200307	12.9353	330.742
41	47	43	45	25.431	-7.09	0.0200358	12.8271	326.207
42	48	44	46	26.814	-5.31	0.0200332	12.1253	325.128
43	49	45	47	26.785	-5.64	0.0200304	12.4949	334.675
44	50	46	48	25.855	-7.09	0.0200339	13.3814	345.977
1	10	4	7	42.163	-8.68	0.0200202	18.2539	769.638
2	11	5	8	40.942	-9.6	0.0200204	19.2813	789.413
3	12	6	9	42.021	-9.77	0.02002	19.3421	812.775
4	13	7	10	48.918	-9.2	0.0200164	18.8392	921.577
5	14	8	11	52.416	-7.86	0.0200151	18.6299	976.506
6	15	9	12	49.866	-8.45	0.0200158	18.8111	938.032
7	16	10	13	40.13	-8.8	0.0200205	19.1915	770.155
8	17	11	14	42.497	-8.68	0.0200188	18.9689	806.122
9	18	12	15	40.102	-7.89	0.0200202	18.898	757.848
10	19	13	16	37.5	-8.61	0.0200213	18.6667	700
11	20	14	17	32.923	-9.33	0.0200249	18.574	611.51
12	21	15	18	32.113	-8.97	0.0200251	17.8522	573.288
13	22	16	19	27.032	-8.29	0.0200309	17.7061	478.631
14	23	17	20	26.677	-7.91	0.0200297	18.9474	505.46
15	24	18	21	24.87	-7.24	0.0200319	20.888	519.486
16	25	19	22	25.151	-7.44	0.0200309	21.3644	537.335
17	26	20	23	24.25	-7.49	0.0200332	19.3893	470.191
18	27	21	24	26.473	-7.57	0.0200288	17.3717	459.881
19	28	22	25	24.948	-7.45	0.0200308	17.0003	424.124
20	29	23	26	26.159	-7.72	0.0200277	18.6486	487.83
21	30	24	27	25.085	-6.86	0.0200294	20.0685	503.417
22	31	25	28	27.701	-7.51	0.0200274	19.9288	552.047
23	32	26	29	29.022	-7.58	0.0200277	18.6182	540.338
24	33	27	30	31.654	-7.9	0.0200249	18.0841	572.433
25	34	28	31	31.109	-7.84	0.0200262	18.3878	572.027
26	35	29	32	30.679	-7.85	0.0200254	19.2589	590.844
27	36	30	33	28.152	-7.25	0.0200276	19.5854	551.368
28	37	31	34	27.585	-7.85	0.0200283	19.6619	542.374
29	38	32	35	27.44	-7.81	0.0200289	19.4398	533.429
30	39	33	36	26.731	-7.19	0.0200313	19.0925	510.361
31	40	34	37	24.891	-6.96	0.0200366	18.5886	462.688
32	41	35	38	23.54	-6.83	0.0200391	18.3159	431.157
33	42	36	39	21.825	-6.82	0.0200404	18.4331	402.302
34	43	37	40	20.718	-7.06	0.0200419	18.7986	389.47
35	44	38	41	19.813	-6.69	0.0200429	19.1938	380.287
36	45	39	42	18.191	-6.33	0.0200477	19.218	349.594
37	46	40	43	16.769	-6.35	0.0200519	19.2438	322.699
38	47	41	44	16.611	-6.69	0.020056	19.0855	317.03
39	48	42	45	17.44	-5.93	0.0200541	18.9906	331.196
40	49	43	46	18.763	-6.21	0.0200525	18.8276	353.262
41	50	44	47	18.879	-5.48	0.0200503	19.2942	364.256
1	13	5	9	24.796	-9.4	0.0200362	24.9143	617.776
2	14	6	10	24.225	-10.75	0.0200369	25.7565	623.951
3	15	7	11	27.863	-9.71	0.0200312	25.4908	710.25
4	16	8	12	30.363	-8.28	0.0200277	25.6427	778.588
5	17	9	13	30.831	-8.39	0.0200269	25.4783	785.523
6	18	10	14	28.455	-7.66	0.0200295	25.063	713.166
7	19	11	15	24.039	-7.99	0.0200365	25.4787	612.483
8	20	12	16	23.182	-8.62	0.0200371	24.5772	569.749
9	21	13	17	22.058	-8.27	0.0200393	23.6952	522.67
10	22	14	18	19.74	-8.84	0.0200442	23.5874	465.615
11	23	15	19	18.591	-9.19	0.0200471	24.0175	446.509
12	24	16	20	16.878	-8.77	0.0200518	25.7448	434.521
13	25	17	21	15.924	-8.54	0.0200544	27.4209	436.65
14	26	18	22	16.243	-8.03	0.020053	27.4636	446.092
15	27	19	23	15.623	-7.69	0.0200564	26.5787	415.239
16	28	20	24	16.632	-7.78	0.0200516	25.0804	417.137
17	29	21	25	17.019	-7.3	0.0200496	23.913	406.975
18	30	22	26	16.968	-6.85	0.0200506	23.5045	398.824
19	31	23	27	17.29	-6.77	0.0200499	24.3777	421.491
20	32	24	28	18.187	-6.33	0.0200481	24.9148	453.126
21	33	25	29	19.54	-6.91	0.0200463	25.2433	493.255
22	34	26	30	20.539	-7.31	0.0200446	25.3017	519.672
23	35	27	31	21.119	-7.09	0.0200436	24.4728	516.841
24	36	28	32	20.256	-7.46	0.0200444	25.1005	508.436
25	37	29	33	19.045	-7.69	0.020045	26.157	498.159
26	38	30	34	18.513	-7.22	0.0200457	26.4266	489.235
27	39	31	35	17.598	-7.03	0.0200486	26.9916	474.999
28	40	32	36	17.72	-7.2	0.0200502	26.0094	460.887
29	41	33	37	18.143	-6.93	0.0200512	24.8582	451.003
30	42	34	38	18.007	-6.64	0.0200535	24.6532	443.93
31	43	35	39	17.822	-6.39	0.0200549	24.0582	428.764
32	44	36	40	16.745	-6.74	0.0200589	24.2718	406.432
33	45	37	41	15.952	-6.13	0.0200591	24.8858	396.978
34	46	38	42	15.583	-6.17	0.0200592	25.3397	394.868
35	47	39	43	15.079	-6.55	0.0200612	25.6482	386.749
36	48	40	44	14.783	-5.98	0.0200649	25.668	379.45
37	49	41	45	15.083	-6.41	0.020065	25.6413	386.748
38	50	42	46	15.792	-6.21	0.0200622	25.7013	405.875
1	16	6	11	15.325	-10.52	0.0200621	31.8257	487.728
2	17	7	12	17.652	-9.49	0.020052	32.2802	569.81
3	18	8	13	19.138	-8.19	0.0200471	32.3539	619.188
4	19	9	14	19.265	-8.29	0.0200455	31.9312	615.155
5	20	10	15	19.247	-7.67	0.0200457	31.0627	597.863
6	21	11	16	18.749	-7.28	0.0200473	29.8741	560.109
7	22	12	17	15.317	-7.96	0.0200601	29.5086	451.984
8	23	13	18	14.846	-8.82	0.0200607	29.8282	442.829
9	24	14	19	14.138	-8.58	0.020065	30.4956	431.147
10	25	15	20	13.579	-9.18	0.0200676	31.5327	428.182
11	26	16	21	12.403	-9.31	0.0200745	33.1552	411.224
12	27	17	22	12.808	-8.98	0.0200708	33.7221	431.912
13	28	18	23	12.479	-8.99	0.0200748	33.0233	412.098
14	29	19	24	12.566	-8.23	0.0200734	32.3921	407.039
15	30	20	25	12.736	-7.44	0.0200727	31.449	400.534
16	31	21	26	13.481	-7.34	0.0200682	30.2291	407.518
17	32	22	27	13.504	-6.54	0.0200693	29.4892	398.222
18	33	23	28	14.742	-6.29	0.0200638	29.5861	436.158
19	34	24	29	15.584	-6.79	0.0200621	30.0454	468.228
20	35	25	30	16.242	-7.2	0.0200589	30.7765	499.873
21	36	26	31	16.074	-7.4	0.0200595	31.2895	502.948
22	37	27	32	16.094	-6.93	0.020059	32.2879	519.641
23	38	28	33	15.459	-7.59	0.0200608	32.8967	508.55
24	39	29	34	14.962	-7.46	0.0200607	33.0411	494.362
25	40	30	35	14.256	-7.44	0.0200648	33.1642	472.789
26	41	31	36	13.968	-6.93	0.0200668	33.2699	464.713
27	42	32	37	13.943	-7.33	0.0200673	32.2554	449.737
28	43	33	38	14.462	-6.83	0.020067	31.0026	448.359
29	44	34	39	14.928	-6.58	0.0200667	30.3483	453.04
30	45	35	40	15.137	-6.57	0.0200649	30.0344	454.63
31	46	36	41	14.603	-6.36	0.0200669	30.2085	441.135
32	47	37	42	14.218	-6.76	0.0200694	30.7298	436.917
33	48	38	43	14.151	-6.41	0.0200675	31.2494	442.21
34	49	39	44	14.015	-6.81	0.0200687	31.9354	447.574
35	50	40	45	13.964	-6.27	0.0200701	32.6474	455.888
1	19	7	13	12.329	-8.98	0.0200785	38.2557	471.654
2	20	8	14	13.168	-7.57	0.0200713	37.8107	497.891
3	21	9	15	13.537	-8.13	0.0200681	37.0467	501.502
4	22	10	16	13.618	-7.59	0.0200673	35.9969	490.206
5	23	11	17	14.049	-7.48	0.0200654	36.0252	506.118
6	24	12	18	12.845	-7.7	0.0200715	36.0997	463.701
7	25	13	19	11.406	-8.68	0.0200821	36.2839	413.854
8	26	14	20	10.948	-9.16	0.0200867	37.3334	408.726
9	27	15	21	10.916	-9.15	0.020087	38.6372	421.763
10	28	16	22	10.693	-8.96	0.0200886	39.6939	424.447
11	29	17	23	10.521	-9.03	0.0200901	39.0496	410.841
12	30	18	24	10.727	-8.58	0.0200896	38.3956	411.869
13	31	19	25	10.583	-8.43	0.020091	38.5339	407.805
14	32	20	26	11.107	-6.8	0.0200861	37.4793	416.283
15	33	21	27	11.663	-6.99	0.0200827	35.9694	419.512
16	34	22	28	12.476	-6.34	0.0200782	34.8899	435.287
17	35	23	29	13.359	-6.83	0.0200735	35.3395	472.101
18	36	24	30	13.69	-6.84	0.0200703	36.3515	497.651
19	37	25	31	13.91	-6.89	0.0200695	36.8851	513.072
20	38	26	32	13.681	-7.36	0.0200707	38.132	521.684
21	39	27	33	13.397	-7.61	0.0200715	39.6182	530.765
22	40	28	34	13.163	-7.42	0.020072	40.3656	531.333
23	41	29	35	12.78	-7.9	0.0200741	40.3917	516.207
24	42	30	36	12.55	-7.31	0.020077	39.6893	498.101
25	43	31	37	12.289	-7.45	0.0200788	39.1094	480.615
26	44	32	38	12.342	-6.49	0.0200785	38.0376	469.46
27	45	33	39	12.679	-7.33	0.0200769	37.084	470.188
28	46	34	40	13.093	-7.17	0.0200759	36.7365	480.991
29	47	35	41	13.444	-7.38	0.0200747	36.0707	484.934
30	48	36	42	13.392	-7.08	0.0200737	35.9439	481.361
31	49	37	43	13.42	-6.9	0.0200727	36.554	490.554
32	50	38	44	13.338	-6.05	0.0200735	37.9189	505.763
1	22	8	15	10.224	-6.91	0.0200949	42.2544	432.009
2	23	9	16	10.433	-7.88	0.0200906	42.7553	446.066
3	24	10	17	10.475	-8.39	0.0200907	43.0299	450.738
4	25	11	18	10.675	-8.12	0.0200882	42.7962	456.85
5	26	12	19	10.488	-8.35	0.02009	41.9883	440.374
6	27	13	20	10.048	-8.29	0.0200939	42.5658	427.701
7	28	14	21	9.09	-10.57	0.0201062	44.6774	406.118
8	29	15	22	9.258	-10.36	0.0201036	45.2912	419.306
9	30	16	23	9.069	-9.71	0.020108	44.6343	404.788
10	31	17	24	9.259	-10.09	0.020105	44.1302	408.601
11	32	18	25	9.388	-9.56	0.0201039	43.8439	411.607
12	33	19	26	9.755	-9.2	0.0201001	44.1165	430.357
13	34	20	27	10.109	-9.04	0.0200971	43.4352	439.087
14	35	21	28	10.971	-8.52	0.0200892	41.4434	454.675
15	36	22	29	11.5	-8	0.0200858	40.9126	470.495
16	37	23	30	12.169	-8.4	0.0200797	42.1424	512.831
17	38	24	31	12.389	-8.48	0.0200782	43.3125	536.599
18	39	25	32	12.27	-9.26	0.0200788	44.4798	545.767
19	40	26	33	12.019	-9.13	0.0200806	44.9172	539.859
20	41	27	34	12.088	-9.39	0.0200795	45.585	551.031
21	42	28	35	11.938	-9.01	0.0200807	47.3351	565.087
22	43	29	36	11.823	-8.91	0.0200817	47.6715	563.62
23	44	30	37	11.564	-8.58	0.0200845	46.0702	532.756
24	45	31	38	11.408	-8.73	0.0200858	45.0324	513.73
25	46	32	39	11.457	-8.9	0.0200854	44.0936	505.18
26	47	33	40	11.775	-10.04	0.0200839	43.3088	509.961
27	48	34	41	11.949	-8.75	0.0200835	42.9308	512.98
28	49	35	42	12.234	-9.1	0.0200815	42.2752	517.195
29	50	36	43	12.314	-8.43	0.0200797	42.5304	523.72
1	25	9	17	8.573	-10.11	0.020113	48.6803	417.336
2	26	10	18	8.47	-9.68	0.020114	48.7379	412.81
3	27	11	19	8.748	-9.61	0.0201104	48.5678	424.871
4	28	12	20	8.487	-10.49	0.0201135	49.1329	416.991
5	29	13	21	8.406	-10.28	0.0201135	50.0937	421.088
6	30	14	22	8.262	-10.1	0.020117	50.6271	418.281
7	31	15	23	7.931	-9.86	0.0201239	50.0054	396.593
8	32	16	24	8.08	-9.77	0.0201222	49.3908	399.078
9	33	17	25	8.421	-9.17	0.020117	49.1688	414.051
10	34	18	26	8.774	-9.3	0.0201128	49.6388	435.531
11	35	19	27	8.984	-8.98	0.0201098	49.8429	447.789
12	36	20	28	9.622	-8.85	0.0201016	48.9863	471.346
13	37	21	29	10.332	-8.72	0.0200956	48.0007	495.943
14	38	22	30	10.863	-8.96	0.0200898	48.0048	521.477
15	39	23	31	11.203	-8.8	0.0200869	49.3035	552.347
16	40	24	32	11.262	-8.85	0.020086	50.8299	572.446
17	41	25	33	11.223	-8.71	0.0200864	51.8035	581.391
18	42	26	34	11.272	-9.26	0.0200854	51.883	584.825
19	43	27	35	11.476	-8.99	0.0200845	52.1588	598.575
20	44	28	36	11.385	-9.6	0.0200856	52.9642	602.997
21	45	29	37	11.173	-8.99	0.0200865	53.4691	597.41
22	46	30	38	10.951	-8.92	0.0200893	53.0617	581.079
23	47	31	39	10.834	-10	0.020091	51.7789	560.972
24	48	32	40	10.981	-9	0.0200898	50.2232	551.501
25	49	33	41	11.117	-9.5	0.020089	49.5448	550.79
26	50	34	42	11.15	-9.01	0.0200895	49.6658	553.774
1	28	10	19	7.317	-10.25	0.0201338	54.1066	395.898
2	29	11	20	7.244	-9.85	0.0201348	55.4458	401.65
3	30	12	21	7.032	-10.05	0.0201392	56.425	396.78
4	31	13	22	7.115	-10.5	0.0201361	56.4461	401.614
5	32	14	23	7.246	-9.89	0.0201356	55.1501	399.618
6	33	15	24	7.524	-9.54	0.0201313	54.1025	407.067
7	34	16	25	7.434	-9.1	0.020134	54.6529	406.289
8	35	17	26	7.803	-9.18	0.0201268	55.0805	429.793
9	36	18	27	8.1	-8.67	0.0201223	55.5206	449.717
10	37	19	28	8.632	-8.69	0.0201141	55.9118	482.631
11	38	20	29	9.281	-8.76	0.0201062	55.5331	515.402
12	39	21	30	9.884	-9.38	0.0200988	55.1264	544.87
13	40	22	31	10.2	-9.22	0.0200961	55.0862	561.879
14	41	23	32	10.51	-8.98	0.0200925	56.7367	596.303
15	42	24	33	10.588	-8.58	0.0200915	58.5322	619.739
16	43	25	34	10.8	-9.29	0.0200896	58.8433	635.508
17	44	26	35	10.89	-9.23	0.0200889	58.9174	641.61
18	45	27	36	11.069	-9.51	0.0200877	58.7149	649.915
19	46	28	37	11.017	-9.24	0.0200883	58.7802	647.581
20	47	29	38	10.751	-10.88	0.0200908	58.9514	633.786
21	48	30	39	10.538	-9.27	0.0200932	58.933	621.036
22	49	31	40	10.449	-9.21	0.0200939	59.0163	616.661
23	50	32	41	10.375	-8.6	0.0200951	57.8991	600.703
1	31	11	21	6.194	-10.3	0.0201594	61.8164	382.891
2	32	12	22	6.183	-10.25	0.0201588	62.0163	383.447
3	33	13	23	6.326	-10.13	0.0201563	60.6959	383.962
4	34	14	24	6.577	-10.31	0.0201517	60.0513	394.958
5	35	15	25	6.91	-8.92	0.0201437	59.5866	411.744
6	36	16	26	7.102	-8.98	0.0201391	60.4268	429.151
7	37	17	27	7.271	-8.77	0.0201358	61.4822	447.037
8	38	18	28	7.828	-8.8	0.020126	61.9011	484.562
9	39	19	29	8.392	-8.48	0.0201184	62.5071	524.559
10	40	20	30	8.986	-8.77	0.0201091	62.566	562.218
11	41	21	31	9.527	-8.65	0.0201029	61.7743	588.523
12	42	22	32	9.847	-9.11	0.0200995	62.6164	616.584
13	43	23	33	10.072	-9.56	0.0200971	64.4896	649.539
14	44	24	34	10.313	-9.79	0.0200935	65.414	674.615
15	45	25	35	10.499	-9.3	0.0200919	66.1485	694.493
16	46	26	36	10.616	-9.73	0.0200916	65.8854	699.439
17	47	27	37	10.774	-10.68	0.0200906	65.1271	701.679
18	48	28	38	10.652	-9.76	0.0200916	64.8871	691.177
19	49	29	39	10.468	-9.53	0.020093	64.8831	679.196
20	50	30	40	10.137	-9.58	0.0200971	65.4241	663.204
1	34	12	23	5.657	-10.54	0.020177	65.807	372.27
2	35	13	24	5.834	-10.48	0.020171	65.2842	380.868
3	36	14	25	6.033	-9.51	0.0201651	65.7637	396.752
4	37	15	26	6.394	-9.51	0.0201549	66.4294	424.75
5	38	16	27	6.716	-8.37	0.0201469	67.2219	451.462
6	39	17	28	7.216	-8.92	0.0201362	67.6037	487.829
7	40	18	29	7.679	-8.44	0.0201298	68.3585	524.925
8	41	19	30	8.261	-8.54	0.0201193	69.463	573.834
9	42	20	31	8.866	-8.54	0.0201109	69.4117	615.404
10	43	21	32	9.322	-9.23	0.0201056	69.3217	646.217
11	44	22	33	9.553	-9.32	0.0201024	69.7737	666.549
12	45	23	34	9.909	-9.69	0.0200976	71.3648	707.154
13	46	24	35	10.084	-9.76	0.0200959	73.1446	737.59
14	47	25	36	10.262	-11.23	0.0200952	73.0836	749.984
15	48	26	37	10.351	-9.26	0.0200942	72.2585	747.948
16	49	27	38	10.444	-9.93	0.0200935	71.6942	748.775
17	50	28	39	10.27	-9.72	0.0200952	72.1634	741.118
1	37	13	25	5.474	-10.36	0.0201819	70.8335	387.742
2	38	14	26	5.748	-9.86	0.0201728	72.4737	416.579
3	39	15	27	6.077	-8.71	0.0201631	73.3444	445.714
4	40	16	28	6.548	-8.4	0.0201511	73.7989	483.235
5	41	17	29	7.21	-8.04	0.0201376	74.0661	534.017
6	42	18	30	7.83	-8.03	0.0201256	75.1726	588.602
7	43	19	31	8.267	-8.2	0.0201196	76.3316	631.033
8	44	20	32	8.705	-8.81	0.0201132	76.817	668.692
9	45	21	33	9.105	-8.85	0.0201076	76.5473	696.963
10	46	22	34	9.422	-9.29	0.0201033	76.978	725.287
11	47	23	35	9.723	-11.22	0.0201002	78.6061	764.287
12	48	24	36	9.909	-10.29	0.0200983	79.7662	790.403
13	49	25	37	10.007	-10.87	0.0200974	79.9184	799.744
14	50	26	38	9.937	-10.72	0.0200984	79.553	790.518
1	40	14	27	5.583	-9.5	0.0201778	78.5812	438.719
2	41	15	28	6.096	-8.52	0.0201625	79.3862	483.939
3	42	16	29	6.678	-8.6	0.0201494	80.5104	537.649
4	43	17	30	7.291	-8.5	0.0201356	81.4727	594.017
5	44	18	31	7.874	-8.26	0.0201253	81.9555	645.318
6	45	19	32	8.287	-8.98	0.0201185	83.5033	691.992
7	46	20	33	8.544	-8.52	0.0201146	84.4397	721.453
8	47	21	34	8.945	-10.46	0.0201093	83.6869	748.579
9	48	22	35	9.279	-9.51	0.0201055	83.9536	779.006
10	49	23	36	9.53	-9.97	0.0201028	85.6294	816.048
11	50	24	37	9.592	-10.02	0.0201016	86.9052	833.595
1	43	15	29	6.329	-8.9	0.0201573	85.4045	540.525
2	44	16	30	6.858	-8.74	0.0201442	87.2706	598.502
3	45	17	31	7.394	-8.14	0.0201334	88.3975	653.611
4	46	18	32	7.784	-8.27	0.0201265	90.0988	701.329
5	47	19	33	8.129	-9.86	0.020121	91.1891	741.276
6	48	20	34	8.532	-9.43	0.0201145	91.0288	776.658
7	49	21	35	8.807	-9.57	0.020111	91.066	802.018
8	50	22	36	8.957	-9.23	0.0201096	91.6434	820.85
1	46	16	31	7.01	-8.9	0.0201408	93.836	657.79
2	47	17	32	7.372	-10.1	0.0201346	95.9855	707.605
3	48	18	33	7.678	-9.28	0.0201282	97.6183	749.514
4	49	19	34	8.003	-9.36	0.0201221	98.8503	791.099
5	50	20	35	8.315	-8.99	0.0201176	99.2567	825.319
1	49	17	33	7.296	-9.05	0.0201348	103.16	752.654
2	50	18	34	7.536	-9.42	0.0201299	105.482	794.91
