50# Number of sensors
#x	y	z
0	0	541.493
0.9871	0	541.333
1.9648	0	541.123
2.9476	0	540.938
3.9377	0	540.798
4.9359	0	540.738
5.9274	0	540.608
6.912	0	540.433
7.8999	0	540.278
8.8862	0	540.113
9.8708	0	539.938
10.8571	0	539.773
11.8302	0	539.543
12.8139	0	539.363
13.8026	0	539.213
14.7853	0	539.028
15.7829	0	538.958
16.7692	0	538.793
17.7689	0	538.768
18.7664	0	538.698
19.7531	0	538.535
20.6841	0	538.17
21.6596	0	537.95
22.6498	0	537.81
23.6483	0	537.755
24.6377	0	537.61
25.6248	0	537.45
26.6056	0	537.255
27.6024	0	537.175
28.5911	0	537.025
29.5826	0	536.895
30.5741	0	536.765
31.5384	0	536.5
32.5092	0	536.26
33.472	0	535.99
34.4194	0	535.67
35.3794	0	535.39
36.349	0	535.145
37.3233	0	534.92
38.301	0	534.71
39.2742	0	534.48
40.2508	0	534.265
41.2326	0	534.075
42.2103	0	533.865
43.1835	0	533.635
44.1623	0	533.43
45.1538	0	533.3
46.1194	0	533.04
47.1012	0	532.85
48.0719	0	532.61
784# Number of data
#a	b	m	n	R	ip	err	k	rhoa
1	2	4	3	69.359	8.49	0.0200101	19.4897	1351.79
2	3	5	4	73.121	7.19	0.0200093	19.5546	1429.85
3	4	6	5	59.954	6.8	0.0200111	19.7817	1185.99
4	5	7	6	42.823	15.15	0.0200174	18.8222	806.022
5	6	8	7	36.339	15.11	0.0200222	17.7253	644.118
6	7	9	8	31.157	11.32	0.0200283	19.572	609.803
7	8	10	9	62.421	10.36	0.020011	19.2949	1204.41
8	9	11	10	62.781	7.44	0.0200117	18.988	1192.08
9	10	12	11	61.144	9.85	0.0200114	19.1462	1170.67
10	11	13	12	59.463	8.28	0.0200118	18.7237	1113.37
11	12	14	13	62.294	7.93	0.0200094	18.8301	1173
12	13	15	14	57.171	7.15	0.0200121	20.0586	1146.77
13	14	16	15	67.05	7.92	0.0200093	18.2025	1220.48
14	15	17	16	58.66	8	0.0200117	19.6545	1152.93
15	16	18	17	76.495	9.19	0.0200084	18.3828	1406.19
16	17	19	18	78.056	8.45	0.0200091	18.8286	1469.69
17	18	20	19	71.373	7.75	0.0200097	20.2701	1446.74
18	19	21	20	72.819	8.49	0.0200107	18.3173	1333.85
19	20	22	21	78.853	9.55	0.0200096	17.2824	1362.77
20	21	23	22	54.065	9.06	0.020015	18.9626	1025.22
21	22	24	23	65.659	10.12	0.0200114	21.2428	1394.78
22	23	25	24	48.644	8.88	0.020015	19.6516	955.933
23	24	26	25	61.856	9.2	0.0200103	18.6559	1153.98
24	25	27	26	58.975	9.18	0.0200113	18.4255	1086.64
25	26	28	27	71.93	10.17	0.0200085	18.8423	1355.33
26	27	29	28	57.933	9.78	0.0200107	19.9828	1157.67
27	28	30	29	62.913	10.84	0.0200098	19.3933	1220.09
28	29	31	30	61.63	10.71	0.0200109	18.3405	1130.33
29	30	32	31	54.36	9.4	0.0200119	19.9388	1083.88
30	31	33	32	48.378	9.08	0.020013	18.0592	873.668
31	32	34	33	47.226	9.11	0.0200147	18.8302	889.273
32	33	35	34	41.719	8.38	0.0200171	20.0747	837.498
33	34	36	35	53.691	10.28	0.0200121	18.3368	984.521
34	35	37	36	50.616	10.44	0.0200134	19.1405	968.818
35	36	38	37	40.353	10.42	0.020021	19.8855	802.44
36	37	39	38	39.136	11.06	0.0200187	19.2432	753.101
37	38	40	39	38.967	9.76	0.0200164	19.4282	757.059
38	39	41	40	37.827	9.46	0.0200184	19.0734	721.488
39	40	42	41	32.323	10.2	0.0200203	18.9059	611.097
40	41	43	42	32.007	8.66	0.0200201	19.6492	628.912
41	42	44	43	28.234	9.38	0.0200262	19.3419	546.098
42	43	45	44	27.999	8.85	0.0200256	18.8629	528.142
43	44	46	45	30.776	8.96	0.0200256	18.9774	584.048
44	45	47	46	26.036	8.39	0.0200258	20.4911	533.507
45	46	48	47	25.141	8.75	0.0200328	18.4756	464.496
46	47	49	48	22.085	1.2	0.0200284	18.8189	415.614
47	48	50	49	30.992	9.54	0.0200231	19.4429	602.576
1	3	7	5	25.858	8.44	0.0200302	41.2338	1066.22
2	4	8	6	23.535	12.66	0.020034	39.6893	934.089
3	5	9	7	32.023	7.56	0.0200232	35.2313	1128.21
4	6	10	8	33.605	4.47	0.0200213	35.295	1186.09
5	7	11	9	24.468	9.94	0.0200316	38.1621	933.751
6	8	12	10	30.904	9.53	0.0200244	38.2234	1181.26
7	9	13	11	38.101	6.86	0.0200201	37.8021	1440.3
8	10	14	12	33.954	8.83	0.0200215	37.0855	1259.2
9	11	15	13	29.147	11.58	0.0200232	36.7558	1071.32
10	12	16	14	28.735	11.45	0.0200244	38.5365	1107.35
11	13	17	15	26.84	9.73	0.0200277	38.0366	1020.9
12	14	18	16	25.32	8.17	0.0200273	36.8378	932.734
13	15	19	17	26.851	7.47	0.020026	38.1369	1024.01
14	16	20	18	30.416	7.4	0.0200223	38.0523	1157.4
15	17	21	19	24.92	7.45	0.0200309	41.3243	1029.8
16	18	22	20	25.492	7.19	0.0200284	38.4701	980.68
17	19	23	21	24.403	6.79	0.0200308	31.689	773.308
18	20	24	22	18.333	8.12	0.0200411	32.247	591.185
19	21	25	23	18.584	8.62	0.0200383	41.8975	778.623
20	22	26	24	19.497	8.55	0.020034	45.4705	886.538
21	23	27	25	18.202	8.14	0.0200364	40.1251	730.357
22	24	28	26	20.398	8.93	0.0200307	35.2891	719.827
23	25	29	27	23.159	8.66	0.0200255	35.268	816.772
24	26	30	28	23.264	9.16	0.0200243	39.0676	908.867
25	27	31	29	22.522	8.83	0.0200233	41.0141	923.72
26	28	32	30	23.739	8.71	0.0200265	38.2639	908.346
27	29	33	31	24.603	9.49	0.0200273	37.9982	934.869
28	30	34	32	22.215	9.13	0.0200283	37.107	824.331
29	31	35	33	20.91	8.33	0.0200344	35.1079	734.107
30	32	36	34	19.112	8.28	0.0200447	37.7517	721.51
31	33	37	35	19.659	8.26	0.0200387	37.741	741.95
32	34	38	36	19.386	10.02	0.0200333	36.6457	710.414
33	35	39	37	16.781	9.82	0.0200422	39.1332	656.693
34	36	40	38	13.858	9.43	0.0200505	40.1907	556.963
35	37	41	39	11.845	9.01	0.0200576	38.9924	461.865
36	38	42	40	10.139	8.32	0.0200666	37.6275	381.505
37	39	43	41	9.128	9.45	0.0200773	36.8525	336.39
38	40	44	42	9.212	9.38	0.0200735	38.3305	353.101
39	41	45	43	8.98	8.92	0.0200932	38.8612	348.974
40	42	46	44	8.442	8.7	0.0200944	36.9847	312.225
41	43	47	45	8.223	7.82	0.020084	36.7617	302.291
42	44	48	46	7.798	8.29	0.0201032	39.729	309.807
43	45	49	47	7.955	8.21	0.0201252	38.079	302.919
44	46	50	48	8.68	5.01	0.0201085	34.5299	299.72
1	4	10	7	20.794	9.93	0.0200371	57.7962	1201.81
2	5	11	8	26.026	6.9	0.0200281	53.8762	1402.18
3	6	12	9	23.928	7.82	0.0200304	53.9967	1292.03
4	7	13	10	18.023	9.13	0.020045	56.3676	1015.91
5	8	14	11	19.677	10.14	0.0200401	56.9222	1120.06
6	9	15	12	19.322	10.26	0.020041	56.1564	1085.05
7	10	16	13	17.792	13.49	0.0200413	55.0871	980.11
8	11	17	14	15.291	15.54	0.0200506	56.3143	861.102
9	12	18	15	14.448	15.34	0.0200523	57.0185	823.803
10	13	19	16	12.181	12.47	0.0200652	58.2143	709.108
11	14	20	17	12.209	9.88	0.0200605	58.0274	708.456
12	15	21	18	11.587	7.44	0.0200668	60.4744	700.716
13	16	22	19	11.057	7.32	0.0200714	61.0698	675.248
14	17	23	20	10.151	7.48	0.0200816	56.9715	578.318
15	18	24	21	9.721	7.08	0.020078	49.6	482.161
16	19	25	22	7.764	7.04	0.0201045	46.861	363.828
17	20	26	23	7.573	8.48	0.020099	54.564	413.213
18	21	27	24	7.004	8.43	0.0201048	65.391	457.999
19	22	28	25	8.101	8.91	0.0200868	67.141	543.909
20	23	29	26	7.937	9.59	0.0200926	58.6019	465.124
21	24	30	27	9.633	9.86	0.0200687	53.5354	515.706
22	25	31	28	9.764	10.04	0.0200646	55.1082	538.077
23	26	32	29	10.467	9.44	0.0200556	59.7876	625.797
24	27	33	30	10.242	8.68	0.0200617	60.6365	621.039
25	28	34	31	11.123	9.04	0.0200624	58.768	653.677
26	29	35	32	11.737	9.51	0.0200625	55.0542	646.171
27	30	36	33	11.987	8.94	0.0200645	53.5402	641.786
28	31	37	34	11.22	9.24	0.0200789	53.0561	595.289
29	32	38	35	10.613	8.52	0.0200839	54.3529	576.847
30	33	39	36	9.222	8.48	0.0200891	55.8306	514.87
31	34	40	37	8.355	9.65	0.0200915	57.8556	483.383
32	35	41	38	7.518	9.07	0.0200966	60.4598	454.537
33	36	42	39	6.288	8.1	0.0201229	60.6308	381.247
34	37	43	40	5.159	8.29	0.0201587	58.4853	301.726
35	38	44	41	4.468	7.8	0.0201882	56.8277	253.906
36	39	45	42	4.383	7.43	0.0201945	56.9204	249.482
37	40	46	43	4.376	7.77	0.0202146	56.966	249.283
38	41	47	44	4.406	7.27	0.0202107	56.6627	249.656
39	42	48	45	4.349	7.27	0.0202044	56.0763	243.876
40	43	49	46	4.271	6.74	0.0202035	57.6134	246.067
41	44	50	47	4.821	7.75	0.0202136	56.3017	271.43
1	5	13	9	17.531	8.6	0.0200436	73.8986	1295.52
2	6	14	10	15.761	8.27	0.0200499	72.1833	1137.68
3	7	15	11	12.485	9.55	0.0200669	74.3204	927.891
4	8	16	12	11.75	11.82	0.0200699	73.7078	866.067
5	9	17	13	10.782	13.68	0.0200743	73.5541	793.06
6	10	18	14	9.604	16.41	0.0200855	75.4482	724.605
7	11	19	15	8.689	16.63	0.0200942	75.1184	652.704
8	12	20	16	7.476	15.68	0.0201084	78.7812	588.968
9	13	21	17	6.631	13.47	0.0201242	81.5985	541.08
10	14	22	18	6.228	10.23	0.0201308	80.8826	503.737
11	15	23	19	5.362	7.33	0.0201645	81.7902	438.559
12	16	24	20	5.514	5.92	0.0201574	75.0927	414.061
13	17	25	21	5.131	4.46	0.0201726	68.3166	350.532
14	18	26	22	4.447	4.61	0.0201952	65.6202	291.813
15	19	27	23	4.447	5.58	0.0201935	69.1392	307.462
16	20	28	24	4.177	7.2	0.0202012	77.1256	322.154
17	21	29	25	4.377	8.21	0.0201914	85.0274	372.165
18	22	30	26	4.974	10.09	0.0201665	84.7281	421.437
19	23	31	27	5.385	9.25	0.0201525	78.125	420.703
20	24	32	28	5.89	10.55	0.0201326	75.9829	447.539
21	25	33	29	6.096	10.13	0.0201177	76.8966	468.762
22	26	34	30	6.306	9.45	0.0201178	77.2532	487.159
23	27	35	31	6.415	8.46	0.0201196	79.2451	508.357
24	28	36	32	7.083	8.57	0.0201138	74.6808	528.964
25	29	37	33	7.898	8.44	0.0201121	70.5189	556.959
26	30	38	34	7.951	7.74	0.0201171	70.6124	561.439
27	31	39	35	7.814	7.88	0.0201207	68.644	536.384
28	32	40	36	6.786	8.25	0.020139	72.0684	489.056
29	33	41	37	5.847	7.52	0.0201568	76.7449	448.728
30	34	42	38	5.244	7.92	0.0201585	78.539	411.858
31	35	43	39	4.519	7.37	0.0201851	81.7644	369.493
32	36	44	40	3.848	6.58	0.020235	81.0234	311.778
33	37	45	41	3.359	6.93	0.02028	78.2501	262.842
34	38	46	42	3.173	6.66	0.0203032	77.2606	245.148
35	39	47	43	3.066	6.34	0.0203336	75.9677	232.917
36	40	48	44	3.069	6.19	0.0203228	75.1232	230.553
37	41	49	45	3.207	6.34	0.0203077	74.9336	240.312
38	42	50	46	3.311	6.38	0.0202976	75.6545	250.492
1	6	16	11	10.475	8.32	0.0200786	90.9501	952.702
2	7	17	12	7.763	12.03	0.020111	91.3193	708.912
3	8	18	13	7.075	15.04	0.0201167	90.9858	643.724
4	9	19	14	6.569	15.2	0.0201322	92.9138	610.351
5	10	20	15	5.862	16.59	0.0201462	95.1741	557.911
6	11	21	16	4.811	16.66	0.0201796	99.3029	477.746
7	12	22	17	4.517	16.58	0.0201845	102.106	461.211
8	13	23	18	3.953	13.92	0.0202211	102.067	403.471
9	14	24	19	3.497	11.04	0.0202541	100.554	351.636
10	15	25	20	3.38	6.85	0.0202725	96.4365	325.956
11	16	26	21	3.54	4.55	0.0202573	87.8534	311.001
12	17	27	22	3.232	2.16	0.0203008	84.6929	273.728
13	18	28	23	3.362	3.46	0.0202779	87.7199	294.914
14	19	29	24	3.399	5.04	0.0202782	91.2105	310.024
15	20	30	25	3.479	7.65	0.0202655	96.862	336.983
16	21	31	26	3.563	8.88	0.0202608	102.703	365.93
17	22	32	27	4.139	9.56	0.0202169	103.597	428.786
18	23	33	28	4.234	10.15	0.0202141	100.241	424.419
19	24	34	29	4.491	10.42	0.020189	97.8299	439.354
20	25	35	30	4.613	10.51	0.0201877	95.8382	442.102
21	26	36	31	4.858	10.21	0.0201787	95.9768	466.255
22	27	37	32	4.984	9.03	0.0201763	92.2896	459.972
23	28	38	33	5.628	8.74	0.0201646	87.7721	493.981
24	29	39	34	6.117	8.03	0.0201632	86.655	530.069
25	30	40	35	6.219	7.49	0.0201557	86.3045	536.727
26	31	41	36	5.722	7.71	0.02017	86.2267	493.389
27	32	42	37	5.151	7.25	0.0201912	91.522	471.43
28	33	43	38	4.502	7.85	0.0202076	96.7846	435.724
29	34	44	39	3.861	7.32	0.0202331	99.467	384.042
30	35	45	40	3.322	6.39	0.0202813	101.543	337.324
31	36	46	41	2.962	6.97	0.0203268	100.96	299.045
32	37	47	42	2.759	5.86	0.0203535	99.18	273.638
33	38	48	43	2.656	6.18	0.0203915	97.0582	257.787
34	39	49	44	2.653	6.41	0.0203874	94.2798	250.124
35	40	50	45	2.767	5.43	0.020364	92.6496	256.361
1	7	19	13	4.883	16.07	0.0201758	109.803	536.167
2	8	20	14	4.529	16.55	0.020196	112.174	508.036
3	9	21	15	4.259	15.49	0.0202104	114.14	486.122
4	10	22	16	3.663	16.11	0.0202429	118.388	433.654
5	11	23	17	3.205	16.21	0.020273	119.94	384.407
6	12	24	18	2.929	17.58	0.0202992	121.523	355.94
7	13	25	19	2.617	15.06	0.0203455	122.506	320.598
8	14	26	20	2.622	9.95	0.0203431	116.378	305.142
9	15	27	21	2.632	7.19	0.020354	109.3	287.677
10	16	28	22	2.71	5.73	0.0203536	103.913	281.603
11	17	29	23	2.874	5.34	0.0203409	107.319	308.436
12	18	30	24	2.992	4.22	0.0203234	110.583	330.863
13	19	31	25	3.172	5.68	0.0203077	111.06	352.282
14	20	32	26	3.174	7.71	0.0203084	114.94	364.82
15	21	33	27	3.329	9.87	0.0202855	121.677	405.063
16	22	34	28	3.57	10.37	0.020262	125.192	446.937
17	23	35	29	3.632	10.03	0.0202546	120.756	438.584
18	24	36	30	3.827	11.23	0.0202465	114.963	439.964
19	25	37	31	3.881	11.21	0.0202407	113.869	441.925
20	26	38	32	4.098	9.33	0.0202293	110.363	452.267
21	27	39	33	4.374	9.63	0.0202197	105.86	463.033
22	28	40	34	4.746	8.96	0.0202098	102.687	487.351
23	29	41	35	5.04	8.41	0.020201	100.997	509.024
24	30	42	36	4.83	7.42	0.0202038	103.048	497.721
25	31	43	37	4.58	7.39	0.0202148	105.801	484.57
26	32	44	38	4.177	6.91	0.0202328	111.604	466.171
27	33	45	39	3.634	6.27	0.020266	116.483	423.3
28	34	46	40	3.184	6.67	0.0203002	118.043	375.85
29	35	47	41	2.829	7.11	0.0203353	120.973	342.234
30	36	48	42	2.676	5.47	0.0203675	121.89	326.176
31	37	49	43	2.547	5.53	0.0204026	119.067	303.263
32	38	50	44	2.538	4.47	0.0204002	114.655	290.994
1	8	22	15	3.109	16.11	0.0202933	134.704	418.793
2	9	23	16	2.825	17.18	0.0203261	135.992	384.178
3	10	24	17	2.641	15.3	0.0203412	137.37	362.794
4	11	25	18	2.397	15.8	0.0203775	139.067	333.344
5	12	26	19	2.189	17.71	0.0204026	142.931	312.876
6	13	27	20	2.111	17.52	0.0204239	139.105	293.651
7	14	28	21	2.278	13.71	0.0203975	128.68	293.133
8	15	29	22	2.365	9.86	0.0203992	125.188	296.071
9	16	30	23	2.623	8.22	0.0203587	127.328	333.981
10	17	31	24	2.715	6.88	0.020355	130.657	354.735
11	18	32	25	2.829	7.57	0.0203403	131.539	372.125
12	19	33	26	2.933	6.73	0.0203344	129.772	380.622
13	20	34	27	3.059	8.48	0.0203166	133.284	407.715
14	21	35	28	3.078	9.71	0.0203139	142.718	439.285
15	22	36	29	3.233	9.84	0.0202907	144.837	468.258
16	23	37	30	3.215	10.19	0.0203031	136.707	439.514
17	24	38	31	3.331	10.61	0.0202914	131.396	437.681
18	25	39	32	3.432	11.81	0.0202817	126.751	435.01
19	26	40	33	3.648	11.01	0.0202675	124.455	454.01
20	27	41	34	3.795	8.78	0.0202646	122.761	465.879
21	28	42	35	4.026	9.59	0.0202492	117.574	473.353
22	29	43	36	4.05	9.11	0.0202497	116.624	472.325
23	30	44	37	4.007	7.71	0.0202463	121.494	486.827
24	31	45	38	3.804	7.02	0.0202566	125.238	476.405
25	32	46	39	3.463	6.61	0.0202834	130.99	453.617
26	33	47	40	3.094	6.27	0.0203153	135.116	418.048
27	34	48	41	2.875	5.37	0.0203352	136.885	393.545
28	35	49	42	2.744	5.26	0.0203555	140.633	385.898
29	36	50	43	2.671	5.65	0.0203757	140.095	374.193
1	9	25	17	2.181	14.61	0.0204241	157.1	342.634
2	10	26	18	2.109	16.51	0.0204357	158.611	334.51
3	11	27	19	1.949	16.76	0.0204684	160.594	312.998
4	12	28	20	1.948	18.86	0.0204484	157.745	307.288
5	13	29	21	1.999	18.7	0.0204399	150.74	301.33
6	14	30	22	2.134	15.97	0.0204214	145.697	310.918
7	15	31	23	2.376	12.77	0.0203883	149.216	354.537
8	16	32	24	2.559	10.72	0.0203635	151.359	387.329
9	17	33	25	2.608	10.94	0.0203634	152.243	397.049
10	18	34	26	2.643	11.1	0.0203595	149.8	395.921
11	19	35	27	2.811	10.01	0.0203389	148.411	417.185
12	20	36	28	2.853	9.44	0.0203357	153.909	439.102
13	21	37	29	2.82	10.75	0.020336	161.031	454.106
14	22	38	30	2.887	10.98	0.0203369	159.976	461.851
15	23	39	31	2.882	11.58	0.020339	152.711	440.114
16	24	40	32	2.972	12.77	0.0203273	144.436	429.263
17	25	41	33	3.074	12.52	0.0203189	140.025	430.438
18	26	42	34	3.176	11.7	0.020315	139.751	443.848
19	27	43	35	3.229	11.36	0.0203076	138	445.601
20	28	44	36	3.304	10.02	0.0203009	135.418	447.421
21	29	45	37	3.431	9.14	0.0202949	135.859	466.132
22	30	46	38	3.39	8.98	0.0202874	139.264	472.106
23	31	47	39	3.205	7.73	0.020303	143.314	459.32
24	32	48	40	2.996	7.39	0.020328	149.536	448.011
25	33	49	41	2.843	6.83	0.0203435	153.712	437.003
26	34	50	42	2.847	5.92	0.0203396	155.432	442.514
1	10	28	19	1.812	15.65	0.0205107	180.875	327.746
2	11	29	20	1.854	18.61	0.0204861	175.971	326.251
3	12	30	21	1.935	20.46	0.0204468	169.81	328.582
4	13	31	22	1.981	21.03	0.0204392	167.111	331.048
5	14	32	23	2.168	16.48	0.02041	170.261	369.127
6	15	33	24	2.299	14.97	0.0203997	174.609	401.427
7	16	34	25	2.483	13.06	0.0203724	172.544	428.427
8	17	35	26	2.518	13.19	0.020375	170.22	428.614
9	18	36	27	2.615	11.99	0.020356	168.125	439.647
10	19	37	28	2.631	12.02	0.0203584	167.989	441.978
11	20	38	29	2.569	13.35	0.0203646	172.25	442.511
12	21	39	30	2.536	11.44	0.0203798	176.198	446.839
13	22	40	31	2.591	11.57	0.0203706	175.995	456.004
14	23	41	32	2.585	11.37	0.0203761	165.811	428.62
15	24	42	33	2.683	13.16	0.0203666	157.216	421.81
16	25	43	34	2.692	13	0.0203704	155.262	417.965
17	26	44	35	2.741	13.08	0.0203623	154.31	422.962
18	27	45	36	2.712	10.88	0.0203676	154.52	419.059
19	28	46	37	2.85	11.27	0.0203486	154.656	440.77
20	29	47	38	2.94	10.61	0.0203361	155.79	458.022
21	30	48	39	2.914	9.23	0.0203351	158.685	462.409
22	31	49	40	2.844	7.91	0.0203452	160.163	455.503
23	32	50	41	2.831	7.26	0.0203466	165.661	468.987
1	11	31	21	1.862	18.7	0.0204764	189.593	353.022
2	12	32	22	1.902	23.19	0.0204521	187.528	356.678
3	13	33	23	2.01	20.62	0.0204305	192.342	386.608
4	14	34	24	2.163	17.92	0.0204065	194.305	420.282
5	15	35	25	2.269	15.49	0.020401	195.393	443.346
6	16	36	26	2.408	14.87	0.0203848	190.719	459.252
7	17	37	27	2.485	14.64	0.0203762	187.584	466.145
8	18	38	28	2.469	14.62	0.0203765	187.146	462.063
9	19	39	29	2.428	12.19	0.020382	186.206	452.108
10	20	40	30	2.334	12.18	0.020407	187.721	438.142
11	21	41	31	2.269	13.19	0.02042	192.999	437.915
12	22	42	32	2.311	12.49	0.020411	188.788	436.289
13	23	43	33	2.33	12.3	0.0204144	178.473	415.842
14	24	44	34	2.369	13.58	0.0204174	172.763	409.277
15	25	45	35	2.359	13.84	0.0204198	169.495	399.838
16	26	46	36	2.325	14.47	0.0204248	170.269	395.876
17	27	47	37	2.369	12.1	0.0204146	172.962	409.747
18	28	48	38	2.482	12.34	0.0203917	173.71	431.148
19	29	49	39	2.575	9.74	0.0203846	175.075	450.817
20	30	50	40	2.646	9.5	0.0203694	176.717	467.593
1	12	34	23	1.92	20.64	0.0204472	213.692	410.289
2	13	35	24	2.001	20.51	0.0204308	217.109	434.434
3	14	36	25	2.185	17.98	0.020401	214.653	469.017
4	15	37	26	2.233	15.43	0.0204102	211.559	472.411
5	16	38	27	2.356	14.52	0.0203931	207.339	488.49
6	17	39	28	2.338	14.66	0.0204018	207.001	483.969
7	18	40	29	2.293	13.74	0.0204014	205.543	471.311
8	19	41	30	2.221	13.24	0.0204241	201.878	448.37
9	20	42	31	2.108	13.42	0.0204476	204.259	430.579
10	21	43	32	2.051	14.31	0.02046	205.739	421.97
11	22	44	33	2.107	13.42	0.0204541	202.234	426.107
12	23	45	34	2.083	12.88	0.0204695	194.068	404.243
13	24	46	35	2.097	14.03	0.0204647	186.496	391.082
14	25	47	36	2.024	14.62	0.0204812	185.594	375.642
15	26	48	37	2.06	14.41	0.0204735	188.783	388.894
16	27	49	38	2.102	13.06	0.0204608	191.377	402.274
17	28	50	39	2.225	12.36	0.0204352	191.099	425.195
1	13	37	25	1.979	20.42	0.0204415	237.737	470.482
2	14	38	26	2.105	16.46	0.0204264	231.108	486.482
3	15	39	27	2.215	15.22	0.0204136	227.978	504.971
4	16	40	28	2.258	14.04	0.0204105	225.972	510.246
5	17	41	29	2.167	14.34	0.0204272	225.322	488.273
6	18	42	30	2.064	13.76	0.0204507	221.427	457.025
7	19	43	31	2.014	13.47	0.0204653	218.421	439.899
8	20	44	32	1.936	15.52	0.0204883	217.429	420.942
9	21	45	33	1.896	14.54	0.0205013	219.063	415.343
10	22	46	34	1.917	13.85	0.0205061	217.198	416.368
11	23	47	35	1.878	13.91	0.0205176	208.463	391.494
12	24	48	36	1.83	14.89	0.0205288	203.133	371.733
13	25	49	37	1.823	14.44	0.020526	203.533	371.04
14	26	50	38	1.859	15.28	0.0205147	206.244	383.407
1	14	40	27	2.069	15.73	0.0204363	248.951	515.08
2	15	41	28	2.107	13.29	0.020438	247.587	521.665
3	16	42	29	2.082	13.3	0.0204411	243.914	507.828
4	17	43	30	1.989	13.74	0.020473	240.204	477.767
5	18	44	31	1.887	14.09	0.020497	238.065	449.229
6	19	45	32	1.832	15.67	0.0205152	232.022	425.064
7	20	46	33	1.805	15.1	0.0205271	230.3	415.692
8	21	47	34	1.758	13.35	0.0205485	234.131	411.603
9	22	48	35	1.75	14.21	0.0205513	231.905	405.833
10	23	49	36	1.673	14.94	0.0205814	224.553	375.678
11	24	50	37	1.696	15.97	0.0205675	220.749	374.39
1	15	43	29	1.935	13.46	0.0204737	266.703	516.071
2	16	44	30	1.906	12.28	0.0204907	259.916	495.401
3	17	45	31	1.822	13.42	0.0205184	256.644	467.605
4	18	46	32	1.759	13.83	0.0205336	250.148	440.01
5	19	47	33	1.716	13.34	0.020554	244.885	420.223
6	20	48	34	1.657	14.95	0.0205828	246.276	408.079
7	21	49	35	1.627	15.44	0.0205931	248.223	403.86
8	22	50	36	1.589	14.95	0.0206075	246.983	392.457
1	16	46	31	1.745	12.46	0.0205376	276.929	483.241
2	17	47	32	1.694	12.47	0.0205568	269.624	456.743
3	18	48	33	1.649	13.7	0.0205747	263.331	434.233
4	19	49	34	1.614	14.04	0.0205942	259.391	418.657
5	20	50	35	1.558	14.26	0.0206169	259.268	403.94
1	17	49	33	1.591	12.72	0.0205977	283.287	450.709
2	18	50	34	1.557	12.41	0.0206083	277.611	432.24
1	4	2	3	219.193	8.2	0.0200035	6.22047	1363.48
2	5	3	4	187.001	7.92	0.0200038	6.36444	1190.16
3	6	4	5	177.86	8.89	0.020004	6.22273	1106.77
4	7	5	6	150.237	8.07	0.0200049	6.2405	937.554
5	8	6	7	112.394	13.35	0.0200072	6.47375	727.611
6	9	7	8	156.196	11	0.0200047	6.16209	962.494
7	10	8	9	159.25	7.25	0.0200048	6.31557	1005.76
8	11	9	10	179.54	9.93	0.0200039	6.36299	1142.41
9	12	10	11	177.163	8.24	0.0200041	6.26265	1109.51
10	13	11	12	184.757	8.37	0.0200036	6.36241	1175.5
11	14	12	13	172.034	7.62	0.0200042	6.41176	1103.04
12	15	13	14	180.91	7.97	0.0200035	6.13026	1109.03
13	16	14	15	166.174	7.46	0.0200042	6.56574	1091.06
14	17	15	16	197.487	8.47	0.0200033	6.12866	1210.33
15	18	16	17	181.677	8.05	0.0200039	6.39002	1160.92
16	19	17	18	194.933	7.91	0.0200035	6.36016	1239.8
17	20	18	19	201.037	7.95	0.0200036	6.037	1213.66
18	21	19	20	189.38	8.08	0.0200039	6.27517	1188.39
19	22	20	21	167.237	8.24	0.0200046	6.49955	1086.97
20	23	21	22	187.26	8.79	0.020004	6.36039	1191.05
21	24	22	23	136.364	8.53	0.0200056	6.15538	839.373
22	25	23	24	165.477	9.16	0.0200042	6.42789	1063.67
23	26	24	25	146.991	8.46	0.0200046	6.40438	941.386
24	27	25	26	173.127	9.04	0.0200036	6.40509	1108.89
25	28	26	27	156.12	8.89	0.020004	6.41941	1002.2
26	29	27	28	179.493	9.81	0.0200034	6.2526	1122.3
27	30	28	29	164.953	9.46	0.0200039	6.3265	1043.57
28	31	29	30	159.129	9.69	0.0200039	6.53592	1040.05
29	32	30	31	151.584	9.18	0.0200044	6.06013	918.619
30	33	31	32	141.85	8.74	0.0200049	6.47702	918.766
31	34	32	33	128.15	8.41	0.0200052	6.35732	814.69
32	35	33	34	139.213	9.09	0.0200048	6.12946	853.301
33	36	34	35	126.253	9.09	0.0200057	6.52476	823.77
34	37	35	36	126.363	10.27	0.0200058	6.37449	805.499
35	38	36	37	120.363	10.02	0.0200058	6.31329	759.886
36	39	37	38	106.01	8.83	0.0200069	6.46837	685.712
37	40	38	39	100.68	9.64	0.0200071	6.36957	641.288
38	41	39	40	93.408	9.71	0.0200071	6.41207	598.939
39	42	40	41	89.996	8.82	0.0200077	6.44217	579.769
40	43	41	42	78.734	9.29	0.020009	6.30319	496.276
41	44	42	43	78.277	8.59	0.0200087	6.37092	498.696
42	45	43	44	77.066	8.68	0.0200102	6.43922	496.245
43	46	44	45	71.919	8.45	0.0200103	6.46334	464.837
44	47	45	46	74.83	8.21	0.0200108	6.12783	458.546
45	48	46	47	65.561	4.31	0.0200105	6.54819	429.306
46	49	47	48	74.711	9.02	0.0200108	6.42162	479.766
47	50	48	49	72.517	4.93	0.0200097	6.37116	462.017
1	7	3	5	91.583	7.76	0.0200085	11.5819	1060.71
2	8	4	6	86.435	6.01	0.0200087	12.0774	1043.91
3	9	5	7	67.101	9.36	0.020012	13.0035	872.551
4	10	6	8	71.238	11.43	0.0200112	12.9783	924.546
5	11	7	9	91.485	7.99	0.0200084	12.3107	1126.24
6	12	8	10	90.869	7.43	0.0200082	12.2425	1112.47
7	13	9	11	76.571	10.55	0.0200096	12.4866	956.11
8	14	10	12	80.859	10.08	0.0200092	12.7568	1031.51
9	15	11	13	83.659	8.2	0.0200093	12.7349	1065.39
10	16	12	14	76.888	8.63	0.0200096	12.3809	951.944
11	17	13	15	72.015	9.67	0.0200099	12.4908	899.525
12	18	14	16	74.497	9.76	0.0200096	12.6053	939.06
13	19	15	17	65.594	9.35	0.0200118	12.7217	834.468
14	20	16	18	62.739	8.46	0.0200116	12.3311	773.64
15	21	17	19	62.824	7.74	0.0200118	11.7593	738.769
16	22	18	20	59.615	7.91	0.0200122	12.1087	721.862
17	23	19	21	53.482	8.02	0.0200143	14.1624	757.434
18	24	20	22	56.017	7.77	0.0200129	13.9538	781.65
19	25	21	23	53.606	7.51	0.0200137	11.8575	635.634
20	26	22	24	49.486	8.43	0.0200143	11.2	554.245
21	27	23	25	52.948	8.62	0.0200126	12.4212	657.679
22	28	24	26	54.094	8.39	0.0200118	13.5989	735.616
23	29	25	27	52.251	8.26	0.0200118	13.5135	706.096
24	30	26	28	56.945	8.46	0.0200117	12.4098	706.676
25	31	27	29	62.151	9.02	0.0200109	12.1384	754.416
26	32	28	30	60.088	8.82	0.0200107	12.557	754.525
27	33	29	31	57.62	8.43	0.0200112	12.5457	722.884
28	34	30	32	56.055	8.36	0.0200132	12.7424	714.273
29	35	31	33	56.363	8.6	0.020013	12.9199	728.206
30	36	32	34	53.846	8.86	0.0200124	12.5295	674.661
31	37	33	35	50.248	8.68	0.0200148	12.4947	627.833
32	38	34	36	45.292	8.28	0.0200181	12.9045	584.47
33	39	35	37	43.448	8.25	0.0200179	12.547	545.143
34	40	36	38	40.488	8.62	0.0200177	12.2802	497.2
35	41	37	39	36.421	8.43	0.0200211	12.5535	457.21
36	42	38	40	33.358	8.22	0.0200223	12.9058	430.513
37	43	39	41	30.542	7.95	0.0200259	12.9418	395.269
38	44	40	42	27.548	7.46	0.0200286	12.5819	346.607
39	45	41	43	26.12	7.15	0.0200293	12.4052	324.025
40	46	42	44	26.172	7.13	0.0200307	12.9353	338.542
41	47	43	45	26.685	7.19	0.0200358	12.8271	342.292
42	48	44	46	27.633	5.84	0.0200332	12.1253	335.059
43	49	45	47	27.419	5.75	0.0200304	12.4949	342.597
44	50	46	48	27.258	7.16	0.0200339	13.3814	364.751
1	10	4	7	42.134	8.79	0.0200202	18.2539	769.108
2	11	5	8	41.243	9.93	0.0200204	19.2813	795.217
3	12	6	9	42.543	10.42	0.02002	19.3421	822.871
4	13	7	10	48.045	10.38	0.0200164	18.8392	905.13
5	14	8	11	51.236	8.96	0.0200151	18.6299	954.523
6	15	9	12	48.635	9.39	0.0200158	18.8111	914.876
7	16	10	13	40.242	9.23	0.0200205	19.1915	772.304
8	17	11	14	42.19	8.67	0.0200188	18.9689	800.299
9	18	12	15	40.016	8.22	0.0200202	18.898	756.223
10	19	13	16	36.721	10.13	0.0200213	18.6667	685.458
11	20	14	17	32.945	11.3	0.0200249	18.574	611.919
12	21	15	18	31.506	11.01	0.0200251	17.8522	562.452
13	22	16	19	26.748	9.96	0.0200309	17.7061	473.602
14	23	17	20	26.271	8.73	0.0200297	18.9474	497.768
15	24	18	21	24.969	7.76	0.0200319	20.888	521.553
16	25	19	22	25.591	7.84	0.0200309	21.3644	546.736
17	26	20	23	24.662	7.99	0.0200332	19.3893	478.179
18	27	21	24	26.354	7.76	0.0200288	17.3717	457.814
19	28	22	25	24.628	7.71	0.0200308	17.0003	418.684
20	29	23	26	25.609	7.57	0.0200277	18.6486	477.573
21	30	24	27	25.065	7.22	0.0200294	20.0685	503.016
22	31	25	28	27.799	7.6	0.0200274	19.9288	554
23	32	26	29	28.901	7.45	0.0200277	18.6182	538.085
24	33	27	30	31.21	8.44	0.0200249	18.0841	564.404
25	34	28	31	30.502	8.2	0.0200262	18.3878	560.866
26	35	29	32	29.96	7.95	0.0200254	19.2589	576.997
27	36	30	33	27.704	7.79	0.0200276	19.5854	542.594
28	37	31	34	27.275	7.96	0.0200283	19.6619	536.279
29	38	32	35	26.997	8.14	0.0200289	19.4398	524.817
30	39	33	36	26.313	7.69	0.0200313	19.0925	502.38
31	40	34	37	24.719	7.62	0.0200366	18.5886	459.49
32	41	35	38	23.595	6.99	0.0200391	18.3159	432.164
33	42	36	39	22.019	6.9	0.0200404	18.4331	405.878
34	43	37	40	21.047	7.34	0.0200419	18.7986	395.654
35	44	38	41	20.143	6.99	0.0200429	19.1938	386.621
36	45	39	42	18.473	6.53	0.0200477	19.218	355.014
37	46	40	43	17.147	6.69	0.0200519	19.2438	329.973
38	47	41	44	17.033	6.66	0.020056	19.0855	325.084
39	48	42	45	17.949	6.07	0.0200541	18.9906	340.862
40	49	43	46	19.315	6.41	0.0200525	18.8276	363.655
41	50	44	47	19.375	5.78	0.0200503	19.2942	373.826
1	13	5	9	24.63	10.76	0.0200362	24.9143	613.64
2	14	6	10	24.239	12.46	0.0200369	25.7565	624.311
3	15	7	11	27.586	11.18	0.0200312	25.4908	703.189
4	16	8	12	29.773	9.41	0.0200277	25.6427	763.459
5	17	9	13	30.208	8.54	0.0200269	25.4783	769.65
6	18	10	14	27.901	7.34	0.0200295	25.063	699.281
7	19	11	15	23.861	8.01	0.0200365	25.4787	607.948
8	20	12	16	23.09	9.24	0.0200371	24.5772	567.488
9	21	13	17	21.488	10.31	0.0200393	23.6952	509.163
10	22	14	18	19.36	11.61	0.0200442	23.5874	456.652
11	23	15	19	18.212	11.81	0.0200471	24.0175	437.406
12	24	16	20	16.492	11.49	0.0200518	25.7448	424.584
13	25	17	21	15.824	10.47	0.0200544	27.4209	433.908
14	26	18	22	16.192	9.25	0.020053	27.4636	444.691
15	27	19	23	15.681	8.26	0.0200564	26.5787	416.78
16	28	20	24	16.694	8.38	0.0200516	25.0804	418.692
17	29	21	25	16.871	7.93	0.0200496	23.913	403.435
18	30	22	26	16.728	6.63	0.0200506	23.5045	393.183
19	31	23	27	17.188	7.23	0.0200499	24.3777	419.004
20	32	24	28	18.07	6.86	0.0200481	24.9148	450.211
21	33	25	29	19.633	7.6	0.0200463	25.2433	495.603
22	34	26	30	20.515	7.83	0.0200446	25.3017	519.064
23	35	27	31	20.97	7.84	0.0200436	24.4728	513.195
24	36	28	32	20.186	8.26	0.0200444	25.1005	506.679
25	37	29	33	18.879	8.15	0.020045	26.157	493.817
26	38	30	34	18.282	7.77	0.0200457	26.4266	483.13
27	39	31	35	17.494	7.54	0.0200486	26.9916	472.192
28	40	32	36	17.569	7.13	0.0200502	26.0094	456.96
29	41	33	37	18.099	7.12	0.0200512	24.8582	449.909
30	42	34	38	18.025	7.1	0.0200535	24.6532	444.374
31	43	35	39	17.905	6.67	0.0200549	24.0582	430.761
32	44	36	40	16.959	6.92	0.0200589	24.2718	411.626
33	45	37	41	16.276	6.47	0.0200591	24.8858	405.041
34	46	38	42	15.719	6.86	0.0200592	25.3397	398.314
35	47	39	43	15.272	6.64	0.0200612	25.6482	391.699
36	48	40	44	15.078	6.36	0.0200649	25.668	387.022
37	49	41	45	15.332	6.52	0.020065	25.6413	393.132
38	50	42	46	16.145	6.28	0.0200622	25.7013	414.948
1	16	6	11	15.351	12.03	0.0200621	31.8257	488.556
2	17	7	12	17.432	10.6	0.020052	32.2802	562.708
3	18	8	13	18.967	8.32	0.0200471	32.3539	613.656
4	19	9	14	19.036	8.66	0.0200455	31.9312	607.843
5	20	10	15	18.995	7.38	0.0200457	31.0627	590.035
6	21	11	16	18.38	7.16	0.0200473	29.8741	549.086
7	22	12	17	15.058	9.62	0.0200601	29.5086	444.341
8	23	13	18	14.341	11.24	0.0200607	29.8282	427.766
9	24	14	19	13.854	11.48	0.020065	30.4956	422.486
10	25	15	20	13.249	12.13	0.0200676	31.5327	417.776
11	26	16	21	12.158	12.33	0.0200745	33.1552	403.101
12	27	17	22	12.575	11.15	0.0200708	33.7221	424.055
13	28	18	23	12.29	10.68	0.0200748	33.0233	405.856
14	29	19	24	12.379	10.14	0.0200734	32.3921	400.981
15	30	20	25	12.702	8.67	0.0200727	31.449	399.465
16	31	21	26	13.421	8.26	0.0200682	30.2291	405.704
17	32	22	27	13.421	7.57	0.0200693	29.4892	395.775
18	33	23	28	14.684	6.99	0.0200638	29.5861	434.442
19	34	24	29	15.653	7.41	0.0200621	30.0454	470.301
20	35	25	30	16.183	7.68	0.0200589	30.7765	498.057
21	36	26	31	16.016	8.26	0.0200595	31.2895	501.133
22	37	27	32	16.136	8.56	0.020059	32.2879	520.997
23	38	28	33	15.375	8.48	0.0200608	32.8967	505.787
24	39	29	34	14.746	8.28	0.0200607	33.0411	487.225
25	40	30	35	14.132	7.92	0.0200648	33.1642	468.677
26	41	31	36	13.89	7.87	0.0200668	33.2699	462.118
27	42	32	37	13.877	7.26	0.0200673	32.2554	447.608
28	43	33	38	14.507	7.27	0.020067	31.0026	449.755
29	44	34	39	15.068	7.5	0.0200667	30.3483	457.289
30	45	35	40	15.221	6.93	0.0200649	30.0344	457.153
31	46	36	41	14.779	6.43	0.0200669	30.2085	446.452
32	47	37	42	14.449	6.99	0.0200694	30.7298	444.015
33	48	38	43	14.261	6.85	0.0200675	31.2494	445.647
34	49	39	44	14.154	6.87	0.0200687	31.9354	452.013
35	50	40	45	14.174	6.55	0.0200701	32.6474	462.744
1	19	7	13	12.341	9.52	0.0200785	38.2557	472.113
2	20	8	14	13.101	8.03	0.0200713	37.8107	495.358
3	21	9	15	13.473	8.16	0.0200681	37.0467	499.131
4	22	10	16	13.523	7.78	0.0200673	35.9969	486.787
5	23	11	17	13.757	8.18	0.0200654	36.0252	495.599
6	24	12	18	12.485	9.23	0.0200715	36.0997	450.705
7	25	13	19	10.983	11.92	0.0200821	36.2839	398.506
8	26	14	20	10.633	12.48	0.0200867	37.3334	396.966
9	27	15	21	10.648	11.53	0.020087	38.6372	411.409
10	28	16	22	10.477	12.06	0.0200886	39.6939	415.873
11	29	17	23	10.282	11.74	0.0200901	39.0496	401.508
12	30	18	24	10.455	10.77	0.0200896	38.3956	401.426
13	31	19	25	10.406	10.72	0.020091	38.5339	400.984
14	32	20	26	10.973	9.38	0.0200861	37.4793	411.26
15	33	21	27	11.595	8.32	0.0200827	35.9694	417.066
16	34	22	28	12.427	8.05	0.0200782	34.8899	433.577
17	35	23	29	13.392	7.8	0.0200735	35.3395	473.267
18	36	24	30	13.666	7.33	0.0200703	36.3515	496.779
19	37	25	31	13.83	7.48	0.0200695	36.8851	510.121
20	38	26	32	13.582	8.6	0.0200707	38.132	517.909
21	39	27	33	13.261	6.6	0.0200715	39.6182	525.377
22	40	28	34	13.03	8.45	0.020072	40.3656	525.964
23	41	29	35	12.576	8.45	0.0200741	40.3917	507.967
24	42	30	36	12.429	8.53	0.020077	39.6893	493.299
25	43	31	37	12.242	7.87	0.0200788	39.1094	478.777
26	44	32	38	12.326	7.9	0.0200785	38.0376	468.851
27	45	33	39	12.715	7.83	0.0200769	37.084	471.524
28	46	34	40	13.153	7.43	0.0200759	36.7365	483.196
29	47	35	41	13.619	7.56	0.0200747	36.0707	491.246
30	48	36	42	13.518	6.65	0.0200737	35.9439	485.89
31	49	37	43	13.534	6.98	0.0200727	36.554	494.721
32	50	38	44	13.457	6.83	0.0200735	37.9189	510.275
1	22	8	15	10.222	6.91	0.0200949	42.2544	431.925
2	23	9	16	10.388	8.68	0.0200906	42.7553	444.142
3	24	10	17	10.433	8.27	0.0200907	43.0299	448.93
4	25	11	18	10.497	8.68	0.0200882	42.7962	449.232
5	26	12	19	10.151	10.61	0.02009	41.9883	426.223
6	27	13	20	9.537	13.67	0.0200939	42.5658	405.95
7	28	14	21	8.792	14.07	0.0201062	44.6774	392.804
8	29	15	22	9.007	13.56	0.0201036	45.2912	407.938
9	30	16	23	8.858	12.64	0.020108	44.6343	395.371
10	31	17	24	9.067	12.3	0.020105	44.1302	400.128
11	32	18	25	9.201	12.26	0.0201039	43.8439	403.408
12	33	19	26	9.552	12.36	0.0201001	44.1165	421.401
13	34	20	27	9.958	12.07	0.0200971	43.4352	432.528
14	35	21	28	10.829	10.13	0.0200892	41.4434	448.79
15	36	22	29	11.451	9.31	0.0200858	40.9126	468.49
16	37	23	30	12.096	9.78	0.0200797	42.1424	509.754
17	38	24	31	12.261	9.94	0.0200782	43.3125	531.055
18	39	25	32	12.142	10.03	0.0200788	44.4798	540.074
19	40	26	33	11.865	10.04	0.0200806	44.9172	532.942
20	41	27	34	11.867	10.79	0.0200795	45.585	540.957
21	42	28	35	11.737	9.96	0.0200807	47.3351	555.572
22	43	29	36	11.643	10	0.0200817	47.6715	555.039
23	44	30	37	11.429	9.64	0.0200845	46.0702	526.536
24	45	31	38	11.35	9.9	0.0200858	45.0324	511.118
25	46	32	39	11.414	9.76	0.0200854	44.0936	503.284
26	47	33	40	11.774	10.28	0.0200839	43.3088	509.918
27	48	34	41	12.02	9.39	0.0200835	42.9308	516.028
28	49	35	42	12.317	9.49	0.0200815	42.2752	520.704
29	50	36	43	12.431	9.16	0.0200797	42.5304	528.696
1	25	9	17	8.557	10.39	0.020113	48.6803	416.557
2	26	10	18	8.379	10.73	0.020114	48.7379	408.375
3	27	11	19	8.569	11.12	0.0201104	48.5678	416.178
4	28	12	20	8.184	13.2	0.0201135	49.1329	402.104
5	29	13	21	7.947	14.66	0.0201135	50.0937	398.095
6	30	14	22	7.937	13.86	0.020117	50.6271	401.827
7	31	15	23	7.696	13.33	0.0201239	50.0054	384.842
8	32	16	24	7.882	12.47	0.0201222	49.3908	389.299
9	33	17	25	8.257	11.6	0.020117	49.1688	405.987
10	34	18	26	8.628	11.98	0.0201128	49.6388	428.283
11	35	19	27	8.85	11.4	0.0201098	49.8429	441.11
12	36	20	28	9.439	11.54	0.0201016	48.9863	462.382
13	37	21	29	10.143	11.35	0.0200956	48.0007	486.871
14	38	22	30	10.623	10.97	0.0200898	48.0048	509.955
15	39	23	31	10.987	10.24	0.0200869	49.3035	541.698
16	40	24	32	11.11	10.49	0.020086	50.8299	564.72
17	41	25	33	11.054	10.22	0.0200864	51.8035	572.636
18	42	26	34	11.076	10.56	0.0200854	51.883	574.656
19	43	27	35	11.27	10.36	0.0200845	52.1588	587.83
20	44	28	36	11.181	10.79	0.0200856	52.9642	592.192
21	45	29	37	10.964	10.11	0.0200865	53.4691	586.235
22	46	30	38	10.841	10.18	0.0200893	53.0617	575.242
23	47	31	39	10.793	10.27	0.020091	51.7789	558.85
24	48	32	40	10.908	9.93	0.0200898	50.2232	547.835
25	49	33	41	11.114	10.11	0.020089	49.5448	550.641
26	50	34	42	11.174	9.85	0.0200895	49.6658	554.966
1	28	10	19	7.22	10.99	0.0201338	54.1066	390.65
2	29	11	20	7.035	12.2	0.0201348	55.4458	390.061
3	30	12	21	6.761	13.5	0.0201392	56.425	381.489
4	31	13	22	6.761	15.02	0.0201361	56.4461	381.632
5	32	14	23	6.936	13.81	0.0201356	55.1501	382.521
6	33	15	24	7.274	12.79	0.0201313	54.1025	393.541
7	34	16	25	7.266	12.93	0.020134	54.6529	397.108
8	35	17	26	7.675	11.07	0.0201268	55.0805	422.743
9	36	18	27	7.992	10.75	0.0201223	55.5206	443.721
10	37	19	28	8.505	11.26	0.0201141	55.9118	475.53
11	38	20	29	9.125	11.71	0.0201062	55.5331	506.739
12	39	21	30	9.591	11.75	0.0200988	55.1264	528.718
13	40	22	31	9.85	12.1	0.0200961	55.0862	542.599
14	41	23	32	10.206	11.11	0.0200925	56.7367	579.055
15	42	24	33	10.361	10.58	0.0200915	58.5322	606.452
16	43	25	34	10.59	10.48	0.0200896	58.8433	623.151
17	44	26	35	10.676	10.75	0.0200889	58.9174	629.002
18	45	27	36	10.861	10.53	0.0200877	58.7149	637.702
19	46	28	37	10.806	10.45	0.0200883	58.7802	635.179
20	47	29	38	10.556	11.58	0.0200908	58.9514	622.291
21	48	30	39	10.404	10.28	0.0200932	58.933	613.139
22	49	31	40	10.366	10.34	0.0200939	59.0163	611.762
23	50	32	41	10.323	9.5	0.0200951	57.8991	597.693
1	31	11	21	6.025	12.6	0.0201594	61.8164	372.444
2	32	12	22	5.918	15	0.0201588	62.0163	367.012
3	33	13	23	5.986	15.06	0.0201563	60.6959	363.326
4	34	14	24	6.31	14.36	0.0201517	60.0513	378.924
5	35	15	25	6.698	12.23	0.0201437	59.5866	399.111
6	36	16	26	6.943	10.82	0.0201391	60.4268	419.543
7	37	17	27	7.153	11.12	0.0201358	61.4822	439.782
8	38	18	28	7.7	11.13	0.020126	61.9011	476.638
9	39	19	29	8.27	10.81	0.0201184	62.5071	516.933
10	40	20	30	8.799	11.4	0.0201091	62.566	550.519
11	41	21	31	9.241	11.43	0.0201029	61.7743	570.856
12	42	22	32	9.496	11.93	0.0200995	62.6164	594.606
13	43	23	33	9.717	11.58	0.0200971	64.4896	626.646
14	44	24	34	9.992	11.75	0.0200935	65.414	653.617
15	45	25	35	10.232	11.09	0.0200919	66.1485	676.832
16	46	26	36	10.393	11.43	0.0200916	65.8854	684.747
17	47	27	37	10.567	11.96	0.0200906	65.1271	688.198
18	48	28	38	10.453	11.12	0.0200916	64.8871	678.264
19	49	29	39	10.272	10.38	0.020093	64.8831	666.479
20	50	30	40	9.979	11	0.0200971	65.4241	652.867
1	34	12	23	5.406	14.74	0.020177	65.807	355.753
2	35	13	24	5.511	15.13	0.020171	65.2842	359.781
3	36	14	25	5.793	14.09	0.0201651	65.7637	380.969
4	37	15	26	6.214	11.86	0.0201549	66.4294	412.792
5	38	16	27	6.554	11.28	0.0201469	67.2219	440.572
6	39	17	28	7.07	10.99	0.0201362	67.6037	477.958
7	40	18	29	7.561	10.91	0.0201298	68.3585	516.859
8	41	19	30	8.098	10.35	0.0201193	69.463	562.511
9	42	20	31	8.658	10.35	0.0201109	69.4117	600.966
10	43	21	32	9.082	11.5	0.0201056	69.3217	629.579
11	44	22	33	9.252	11.82	0.0201024	69.7737	645.547
12	45	23	34	9.534	12.36	0.0200976	71.3648	680.392
13	46	24	35	9.714	12.68	0.0200959	73.1446	710.526
14	47	25	36	9.959	12.57	0.0200952	73.0836	727.84
15	48	26	37	10.09	11.58	0.0200942	72.2585	729.089
16	49	27	38	10.232	11.4	0.0200935	71.6942	733.575
17	50	28	39	10.083	10.8	0.0200952	72.1634	727.624
1	37	13	25	5.169	14.84	0.0201819	70.8335	366.138
2	38	14	26	5.506	13.62	0.0201728	72.4737	399.04
3	39	15	27	5.902	11.97	0.0201631	73.3444	432.879
4	40	16	28	6.401	10.82	0.0201511	73.7989	472.387
5	41	17	29	7.074	10.13	0.0201376	74.0661	523.944
6	42	18	30	7.666	10.32	0.0201256	75.1726	576.273
7	43	19	31	8.085	10.86	0.0201196	76.3316	617.141
8	44	20	32	8.517	11.1	0.0201132	76.817	654.25
9	45	21	33	8.876	10.82	0.0201076	76.5473	679.433
10	46	22	34	9.14	11.79	0.0201033	76.978	703.579
11	47	23	35	9.414	13.14	0.0201002	78.6061	739.998
12	48	24	36	9.561	12.5	0.0200983	79.7662	762.645
13	49	25	37	9.658	12.84	0.0200974	79.9184	771.852
14	50	26	38	9.661	13.06	0.0200984	79.553	768.561
1	40	14	27	5.359	13.48	0.0201778	78.5812	421.117
2	41	15	28	5.918	10.71	0.0201625	79.3862	469.808
3	42	16	29	6.548	9.87	0.0201494	80.5104	527.182
4	43	17	30	7.142	10.52	0.0201356	81.4727	581.878
5	44	18	31	7.689	10.11	0.0201253	81.9555	630.156
6	45	19	32	8.101	10.69	0.0201185	83.5033	676.46
7	46	20	33	8.346	10.56	0.0201146	84.4397	704.734
8	47	21	34	8.728	11.02	0.0201093	83.6869	730.419
9	48	22	35	9.015	11.52	0.0201055	83.9536	756.842
10	49	23	36	9.255	11.69	0.0201028	85.6294	792.5
11	50	24	37	9.3	12.16	0.0201016	86.9052	808.219
1	43	15	29	6.169	10.58	0.0201573	85.4045	526.86
2	44	16	30	6.702	9.3	0.0201442	87.2706	584.888
3	45	17	31	7.218	9.91	0.0201334	88.3975	638.053
4	46	18	32	7.612	9.92	0.0201265	90.0988	685.832
5	47	19	33	7.951	11.38	0.020121	91.1891	725.044
6	48	20	34	8.319	10.8	0.0201145	91.0288	757.269
7	49	21	35	8.581	11.42	0.020111	91.066	781.437
8	50	22	36	8.736	11.02	0.0201096	91.6434	800.597
1	46	16	31	6.836	9.82	0.0201408	93.836	641.463
2	47	17	32	7.207	11.05	0.0201346	95.9855	691.767
3	48	18	33	7.508	10.35	0.0201282	97.6183	732.919
4	49	19	34	7.814	10.79	0.0201221	98.8503	772.416
5	50	20	35	8.11	10.55	0.0201176	99.2567	804.972
1	49	17	33	7.124	11.05	0.0201348	103.16	734.911
2	50	18	34	7.362	10.31	0.0201299	105.482	776.556
