50# Number of sensors
#x	y	z
0	0	541.493
0.9871	0	541.333
1.9648	0	541.123
2.9476	0	540.938
3.9377	0	540.798
4.9359	0	540.738
5.9274	0	540.608
6.912	0	540.433
7.8999	0	540.278
8.8862	0	540.113
9.8708	0	539.938
10.8571	0	539.773
11.8302	0	539.543
12.8139	0	539.363
13.8026	0	539.213
14.7853	0	539.028
15.7829	0	538.958
16.7692	0	538.793
17.7689	0	538.768
18.7664	0	538.698
19.7531	0	538.535
20.6841	0	538.17
21.6596	0	537.95
22.6498	0	537.81
23.6483	0	537.755
24.6377	0	537.61
25.6248	0	537.45
26.6056	0	537.255
27.6024	0	537.175
28.5911	0	537.025
29.5826	0	536.895
30.5741	0	536.765
31.5384	0	536.5
32.5092	0	536.26
33.472	0	535.99
34.4194	0	535.67
35.3794	0	535.39
36.349	0	535.145
37.3233	0	534.92
38.301	0	534.71
39.2742	0	534.48
40.2508	0	534.265
41.2326	0	534.075
42.2103	0	533.865
43.1835	0	533.635
44.1623	0	533.43
45.1538	0	533.3
46.1194	0	533.04
47.1012	0	532.85
48.0719	0	532.61
784# Number of data
#a	b	m	n	R	ip	err	k	rhoa
1	2	4	3	95.696	-7.81	0.0200101	19.4897	1865.09
2	3	5	4	103.843	-6.95	0.0200093	19.5546	2030.61
3	4	6	5	82.286	-6.3	0.0200111	19.7817	1627.76
4	5	7	6	52.03	-11.66	0.0200174	18.8222	979.318
5	6	8	7	40.39	-10.5	0.0200222	17.7253	715.923
6	7	9	8	30.97	-7.15	0.0200283	19.572	606.143
7	8	10	9	87.49	-8.7	0.020011	19.2949	1688.11
8	9	11	10	79.511	-6.94	0.0200117	18.988	1509.75
9	10	12	11	86.671	-9.15	0.0200114	19.1462	1659.42
10	11	13	12	78.569	-7.68	0.0200118	18.7237	1471.1
11	12	14	13	111.243	-7.83	0.0200094	18.8301	2094.71
12	13	15	14	79.209	-5.49	0.0200121	20.0586	1588.82
13	14	16	15	109.45	-8.55	0.0200093	18.2025	1992.26
14	15	17	16	82.407	-8.76	0.0200117	19.6545	1619.67
15	16	18	17	125.17	-9.15	0.0200084	18.3828	2300.98
16	17	19	18	120.86	-8.44	0.0200091	18.8286	2275.63
17	18	20	19	107.667	-8.03	0.0200097	20.2701	2182.42
18	19	21	20	99.342	-8.28	0.0200107	18.3173	1819.68
19	20	22	21	116.197	-9.13	0.0200096	17.2824	2008.16
20	21	23	22	79.439	-8.45	0.020015	18.9626	1506.37
21	22	24	23	92.947	-9.21	0.0200114	21.2428	1974.45
22	23	25	24	74.852	-8.2	0.020015	19.6516	1470.96
23	24	26	25	109.107	-9.33	0.0200103	18.6559	2035.48
24	25	27	26	101.81	-8.31	0.0200113	18.4255	1875.9
25	26	28	27	141.057	-11.45	0.0200085	18.8423	2657.84
26	27	29	28	99.215	-9.55	0.0200107	19.9828	1982.6
27	28	30	29	112.753	-12.15	0.0200098	19.3933	2186.66
28	29	31	30	100.403	-10.7	0.0200109	18.3405	1841.45
29	30	32	31	87.151	-9.16	0.0200119	19.9388	1737.69
30	31	33	32	75.754	-8.53	0.020013	18.0592	1368.06
31	32	34	33	68.608	-7.94	0.0200147	18.8302	1291.9
32	33	35	34	59.05	-6.75	0.0200171	20.0747	1185.41
33	34	36	35	88.759	-9.37	0.0200121	18.3368	1627.56
34	35	37	36	86.956	-9.92	0.0200134	19.1405	1664.39
35	36	38	37	48.284	-9.71	0.020021	19.8855	960.152
36	37	39	38	56.513	-11.01	0.0200187	19.2432	1087.49
37	38	40	39	65.374	-9.46	0.0200164	19.4282	1270.1
38	39	41	40	58.365	-8.82	0.0200184	19.0734	1113.22
39	40	42	41	48.185	-10.53	0.0200203	18.9059	910.983
40	41	43	42	51.321	-7.02	0.0200201	19.6492	1008.42
41	42	44	43	37.063	-8.2	0.0200262	19.3419	716.868
42	43	45	44	44.491	-6.96	0.0200256	18.8629	839.229
43	44	46	45	39.213	-7.73	0.0200256	18.9774	744.161
44	45	47	46	32.78	-7.97	0.0200258	20.4911	671.7
45	46	48	47	28.67	-3.39	0.0200328	18.4756	529.696
46	47	49	48	30.181	-6.89	0.0200284	18.8189	567.972
47	48	50	49	38.11	-7.72	0.0200231	19.4429	740.971
1	3	7	5	29.402	-6.67	0.0200302	41.2338	1212.36
2	4	8	6	27.368	-10.15	0.020034	39.6893	1086.22
3	5	9	7	39.936	-7.28	0.0200232	35.2313	1407
4	6	10	8	42.631	-5.3	0.0200213	35.295	1504.66
5	7	11	9	29.647	-8.06	0.0200316	38.1621	1131.39
6	8	12	10	38.514	-8.43	0.0200244	38.2234	1472.13
7	9	13	11	46.958	-6.95	0.0200201	37.8021	1775.11
8	10	14	12	43.043	-8.22	0.0200215	37.0855	1596.27
9	11	15	13	40.039	-9.49	0.0200232	36.7558	1471.67
10	12	16	14	39.097	-8.71	0.0200244	38.5365	1506.66
11	13	17	15	32.485	-7.88	0.0200277	38.0366	1235.62
12	14	18	16	34.413	-7.98	0.0200273	36.8378	1267.7
13	15	19	17	36.74	-7.76	0.020026	38.1369	1401.15
14	16	20	18	44.664	-7.84	0.0200223	38.0523	1699.57
15	17	21	19	30.889	-6.96	0.0200309	41.3243	1276.46
16	18	22	20	35.346	-7.25	0.0200284	38.4701	1359.76
17	19	23	21	33.147	-7.33	0.0200308	31.689	1050.4
18	20	24	22	27.474	-8.61	0.0200411	32.247	885.955
19	21	25	23	28.081	-8.65	0.0200383	41.8975	1176.52
20	22	26	24	29.738	-8.22	0.020034	45.4705	1352.2
21	23	27	25	27.993	-8.55	0.0200364	40.1251	1123.22
22	24	28	26	33.892	-8.99	0.0200307	35.2891	1196.02
23	25	29	27	39.847	-10.2	0.0200255	35.268	1405.32
24	26	30	28	39.136	-9.77	0.0200243	39.0676	1528.95
25	27	31	29	44.687	-9.09	0.0200233	41.0141	1832.8
26	28	32	30	37.238	-9.53	0.0200265	38.2639	1424.87
27	29	33	31	35.721	-10.28	0.0200273	37.9982	1357.33
28	30	34	32	32.058	-9.66	0.0200283	37.107	1189.57
29	31	35	33	27.962	-8.14	0.0200344	35.1079	981.688
30	32	36	34	23.228	-6.27	0.0200447	37.7517	876.896
31	33	37	35	24.914	-8.06	0.0200387	37.741	940.278
32	34	38	36	29.024	-9.74	0.0200333	36.6457	1063.61
33	35	39	37	23.048	-10.03	0.0200422	39.1332	901.941
34	36	40	38	17.398	-9.49	0.0200505	40.1907	699.239
35	37	41	39	15.09	-9.8	0.0200576	38.9924	588.395
36	38	42	40	13.442	-9.13	0.0200666	37.6275	505.789
37	39	43	41	11.085	-8.44	0.0200773	36.8525	408.51
38	40	44	42	12.036	-7.06	0.0200735	38.3305	461.346
39	41	45	43	9.29	-8.73	0.0200932	38.8612	361.021
40	42	46	44	9.546	-8.6	0.0200944	36.9847	353.056
41	43	47	45	11.486	-6.65	0.020084	36.7617	422.245
42	44	48	46	8.475	-7.13	0.0201032	39.729	336.703
43	45	49	47	7.473	-6.18	0.0201252	38.079	284.565
44	46	50	48	8.375	-2.45	0.0201085	34.5299	289.188
1	4	10	7	25.378	-9.67	0.0200371	57.7962	1466.75
2	5	11	8	33.213	-6.62	0.0200281	53.8762	1789.39
3	6	12	9	31.303	-7.24	0.0200304	53.9967	1690.26
4	7	13	10	20.717	-7.78	0.020045	56.3676	1167.77
5	8	14	11	23.58	-8.53	0.0200401	56.9222	1342.23
6	9	15	12	22.025	-7.93	0.020041	56.1564	1236.84
7	10	16	13	22.447	-10.05	0.0200413	55.0871	1236.54
8	11	17	14	17.658	-10.61	0.0200506	56.3143	994.397
9	12	18	15	17.644	-10.12	0.0200523	57.0185	1006.03
10	13	19	16	13.696	-8.55	0.0200652	58.2143	797.303
11	14	20	17	15.667	-7.42	0.0200605	58.0274	909.115
12	15	21	18	13.944	-6.37	0.0200668	60.4744	843.254
13	16	22	19	12.89	-6.12	0.0200714	61.0698	787.189
14	17	23	20	11.578	-6.25	0.0200816	56.9715	659.616
15	18	24	21	12.599	-6.39	0.020078	49.6	624.91
16	19	25	22	9.807	-7.31	0.0201045	46.861	459.565
17	20	26	23	10.275	-9.18	0.020099	54.564	560.645
18	21	27	24	9.651	-9.04	0.0201048	65.391	631.089
19	22	28	25	11.044	-9.47	0.0200868	67.141	741.505
20	23	29	26	10.406	-9.84	0.0200926	58.6019	609.812
21	24	30	27	13.752	-11.41	0.0200687	53.5354	736.219
22	25	31	28	13.813	-10.65	0.0200646	55.1082	761.21
23	26	32	29	16.902	-9.94	0.0200556	59.7876	1010.53
24	27	33	30	15.222	-8.5	0.0200617	60.6365	923.008
25	28	34	31	14.788	-11.11	0.0200624	58.768	869.062
26	29	35	32	14.576	-10.03	0.0200625	55.0542	802.47
27	30	36	33	14.494	-9.16	0.0200645	53.5402	776.012
28	31	37	34	12.547	-9.64	0.0200789	53.0561	665.695
29	32	38	35	11.736	-8.65	0.0200839	54.3529	637.886
30	33	39	36	10.391	-8.9	0.0200891	55.8306	580.136
31	34	40	37	9.729	-10.15	0.0200915	57.8556	562.877
32	35	41	38	9.209	-9.92	0.0200966	60.4598	556.775
33	36	42	39	6.912	-9.05	0.0201229	60.6308	419.08
34	37	43	40	5.492	-8.82	0.0201587	58.4853	321.201
35	38	44	41	4.587	-8.74	0.0201882	56.8277	260.669
36	39	45	42	4.568	-7.67	0.0201945	56.9204	260.012
37	40	46	43	4.078	-8.1	0.0202146	56.966	232.308
38	41	47	44	4.261	-7.35	0.0202107	56.6627	241.44
39	42	48	45	4.381	-7.79	0.0202044	56.0763	245.67
40	43	49	46	4.538	-6.37	0.0202035	57.6134	261.45
41	44	50	47	4.512	-6.6	0.0202136	56.3017	254.033
1	5	13	9	22.129	-9.46	0.0200436	73.8986	1635.3
2	6	14	10	18.858	-9.47	0.0200499	72.1833	1361.23
3	7	15	11	14.225	-9.32	0.0200669	74.3204	1057.21
4	8	16	12	13.113	-10.55	0.0200699	73.7078	966.531
5	9	17	13	12.289	-10.93	0.0200743	73.5541	903.906
6	10	18	14	10.643	-12.35	0.0200855	75.4482	802.995
7	11	19	15	9.562	-12.23	0.0200942	75.1184	718.282
8	12	20	16	8.535	-11.66	0.0201084	78.7812	672.398
9	13	21	17	7.382	-9.89	0.0201242	81.5985	602.36
10	14	22	18	7.218	-8.58	0.0201308	80.8826	583.81
11	15	23	19	5.538	-7.39	0.0201645	81.7902	452.954
12	16	24	20	5.948	-6.67	0.0201574	75.0927	446.651
13	17	25	21	5.507	-5.98	0.0201726	68.3166	376.219
14	18	26	22	5.087	-6.35	0.0201952	65.6202	333.81
15	19	27	23	5.002	-6.53	0.0201935	69.1392	345.834
16	20	28	24	4.88	-8.04	0.0202012	77.1256	376.373
17	21	29	25	5.087	-8.61	0.0201914	85.0274	432.534
18	22	30	26	5.651	-9.88	0.0201665	84.7281	478.798
19	23	31	27	6.131	-10.09	0.0201525	78.125	478.984
20	24	32	28	6.767	-10.93	0.0201326	75.9829	514.176
21	25	33	29	7.74	-10.36	0.0201177	76.8966	595.179
22	26	34	30	7.649	-8.91	0.0201178	77.2532	590.91
23	27	35	31	7.694	-8.12	0.0201196	79.2451	609.712
24	28	36	32	8.01	-9.38	0.0201138	74.6808	598.193
25	29	37	33	8.491	-8.61	0.0201121	70.5189	598.776
26	30	38	34	8.367	-7.75	0.0201171	70.6124	590.814
27	31	39	35	8.039	-8.1	0.0201207	68.644	551.829
28	32	40	36	6.958	-8.61	0.020139	72.0684	501.452
29	33	41	37	5.882	-8.36	0.0201568	76.7449	451.414
30	34	42	38	5.628	-8.36	0.0201585	78.539	442.017
31	35	43	39	4.886	-8.06	0.0201851	81.7644	399.501
32	36	44	40	3.843	-7.06	0.020235	81.0234	311.373
33	37	45	41	3.269	-6.98	0.02028	78.2501	255.8
34	38	46	42	3.091	-6.95	0.0203032	77.2606	238.813
35	39	47	43	2.763	-6.6	0.0203336	75.9677	209.899
36	40	48	44	2.878	-6.58	0.0203228	75.1232	216.205
37	41	49	45	3.033	-6.26	0.0203077	74.9336	227.274
38	42	50	46	3.092	-6.68	0.0202976	75.6545	233.924
1	6	16	11	12.151	-9.77	0.0200786	90.9501	1105.13
2	7	17	12	8.338	-10.55	0.020111	91.3193	761.421
3	8	18	13	7.997	-11.87	0.0201167	90.9858	727.613
4	9	19	14	6.88	-11.5	0.0201322	92.9138	639.247
5	10	20	15	6.286	-11.89	0.0201462	95.1741	598.265
6	11	21	16	5.1	-12.25	0.0201796	99.3029	506.445
7	12	22	17	5.147	-11.05	0.0201845	102.106	525.538
8	13	23	18	4.201	-9.53	0.0202211	102.067	428.784
9	14	24	19	3.691	-8.35	0.0202541	100.554	371.144
10	15	25	20	3.469	-6.49	0.0202725	96.4365	334.538
11	16	26	21	3.721	-5.94	0.0202573	87.8534	326.902
12	17	27	22	3.248	-4.73	0.0203008	84.6929	275.083
13	18	28	23	3.51	-5.69	0.0202779	87.7199	307.897
14	19	29	24	3.496	-6.32	0.0202782	91.2105	318.872
15	20	30	25	3.661	-9.22	0.0202655	96.862	354.612
16	21	31	26	3.718	-9.34	0.0202608	102.703	381.849
17	22	32	27	4.349	-9.85	0.0202169	103.597	450.541
18	23	33	28	4.349	-10.21	0.0202141	100.241	435.947
19	24	34	29	4.895	-10.4	0.020189	97.8299	478.877
20	25	35	30	4.893	-10.23	0.0201877	95.8382	468.936
21	26	36	31	5.149	-9.55	0.0201787	95.9768	494.185
22	27	37	32	5.256	-8.3	0.0201763	92.2896	485.074
23	28	38	33	5.825	-9.44	0.0201646	87.7721	511.272
24	29	39	34	6.043	-7.78	0.0201632	86.655	523.656
25	30	40	35	6.234	-7.65	0.0201557	86.3045	538.022
26	31	41	36	5.719	-7.54	0.02017	86.2267	493.131
27	32	42	37	5.067	-7.4	0.0201912	91.522	463.742
28	33	43	38	4.53	-8.42	0.0202076	96.7846	438.434
29	34	44	39	3.962	-7.07	0.0202331	99.467	394.088
30	35	45	40	3.364	-6.34	0.0202813	101.543	341.589
31	36	46	41	2.901	-6.5	0.0203268	100.96	292.886
32	37	47	42	2.699	-5.99	0.0203535	99.18	267.687
33	38	48	43	2.432	-6.82	0.0203915	97.0582	236.045
34	39	49	44	2.488	-6.43	0.0203874	94.2798	234.568
35	40	50	45	2.619	-6.06	0.020364	92.6496	242.649
1	7	19	13	5.366	-11.57	0.0201758	109.803	589.202
2	8	20	14	4.752	-12.16	0.020196	112.174	533.051
3	9	21	15	4.399	-11.1	0.0202104	114.14	502.102
4	10	22	16	3.854	-11.07	0.0202429	118.388	456.266
5	11	23	17	3.444	-10.62	0.020273	119.94	413.072
6	12	24	18	3.2	-11.38	0.0202992	121.523	388.873
7	13	25	19	2.702	-8.73	0.0203455	122.506	331.011
8	14	26	20	2.814	-8.14	0.0203431	116.378	327.486
9	15	27	21	2.737	-7.09	0.020354	109.3	299.153
10	16	28	22	2.794	-6.37	0.0203536	103.913	290.332
11	17	29	23	2.853	-6.74	0.0203409	107.319	306.182
12	18	30	24	3.04	-6.01	0.0203234	110.583	336.171
13	19	31	25	3.205	-7.24	0.0203077	111.06	355.947
14	20	32	26	3.178	-8.8	0.0203084	114.94	365.28
15	21	33	27	3.384	-9.75	0.0202855	121.677	411.755
16	22	34	28	3.598	-9.58	0.020262	125.192	450.442
17	23	35	29	3.768	-9.98	0.0202546	120.756	455.007
18	24	36	30	3.816	-10.27	0.0202465	114.963	438.7
19	25	37	31	3.887	-10.59	0.0202407	113.869	442.608
20	26	38	32	4.075	-9.73	0.0202293	110.363	449.729
21	27	39	33	4.397	-8.65	0.0202197	105.86	465.468
22	28	40	34	4.709	-9.51	0.0202098	102.687	483.551
23	29	41	35	4.861	-8.05	0.020201	100.997	490.946
24	30	42	36	4.787	-7.12	0.0202038	103.048	493.29
25	31	43	37	4.549	-6.97	0.0202148	105.801	481.29
26	32	44	38	4.206	-6.12	0.0202328	111.604	469.408
27	33	45	39	3.608	-6.56	0.020266	116.483	420.272
28	34	46	40	3.189	-7.27	0.0203002	118.043	376.44
29	35	47	41	2.877	-5.81	0.0203353	120.973	348.04
30	36	48	42	2.646	-5.57	0.0203675	121.89	322.52
31	37	49	43	2.403	-5.87	0.0204026	119.067	286.117
32	38	50	44	2.42	-5.98	0.0204002	114.655	277.464
1	8	22	15	3.22	-11.17	0.0202933	134.704	433.745
2	9	23	16	2.897	-9.94	0.0203261	135.992	393.97
3	10	24	17	2.821	-9.61	0.0203412	137.37	387.521
4	11	25	18	2.524	-10.14	0.0203775	139.067	351.006
5	12	26	19	2.366	-10.33	0.0204026	142.931	338.174
6	13	27	20	2.26	-10.23	0.0204239	139.105	314.378
7	14	28	21	2.473	-8.95	0.0203975	128.68	318.226
8	15	29	22	2.471	-7.86	0.0203992	125.188	309.341
9	16	30	23	2.74	-7.7	0.0203587	127.328	348.878
10	17	31	24	2.77	-7.31	0.020355	130.657	361.921
11	18	32	25	2.907	-8.46	0.0203403	131.539	382.385
12	19	33	26	2.938	-8.11	0.0203344	129.772	381.27
13	20	34	27	3.086	-8.68	0.0203166	133.284	411.313
14	21	35	28	3.093	-8.82	0.0203139	142.718	441.425
15	22	36	29	3.314	-9.35	0.0202907	144.837	479.99
16	23	37	30	3.192	-9.26	0.0203031	136.707	436.37
17	24	38	31	3.283	-10.72	0.0202914	131.396	431.374
18	25	39	32	3.361	-11.27	0.0202817	126.751	426.011
19	26	40	33	3.595	-10.05	0.0202675	124.455	447.414
20	27	41	34	3.724	-9.08	0.0202646	122.761	457.163
21	28	42	35	3.943	-9.49	0.0202492	117.574	463.594
22	29	43	36	3.941	-7.98	0.0202497	116.624	459.613
23	30	44	37	3.961	-7.11	0.0202463	121.494	481.238
24	31	45	38	3.815	-6.69	0.0202566	125.238	477.782
25	32	46	39	3.475	-5.91	0.0202834	130.99	455.189
26	33	47	40	3.101	-5.34	0.0203153	135.116	418.994
27	34	48	41	2.895	-5.91	0.0203352	136.885	396.283
28	35	49	42	2.767	-6.84	0.0203555	140.633	389.132
29	36	50	43	2.591	-5.42	0.0203757	140.095	362.986
1	9	25	17	2.267	-8.46	0.0204241	157.1	356.145
2	10	26	18	2.228	-9.39	0.0204357	158.611	353.384
3	11	27	19	2.066	-10.1	0.0204684	160.594	331.787
4	12	28	20	2.179	-11.86	0.0204484	157.745	343.727
5	13	29	21	2.193	-11.4	0.0204399	150.74	330.574
6	14	30	22	2.351	-10.51	0.0204214	145.697	342.535
7	15	31	23	2.535	-8.42	0.0203883	149.216	378.263
8	16	32	24	2.717	-9.18	0.0203635	151.359	411.244
9	17	33	25	2.708	-9.35	0.0203634	152.243	412.274
10	18	34	26	2.751	-9.47	0.0203595	149.8	412.099
11	19	35	27	2.903	-9.56	0.0203389	148.411	430.839
12	20	36	28	2.896	-8.86	0.0203357	153.909	445.72
13	21	37	29	2.927	-7.75	0.020336	161.031	471.337
14	22	38	30	2.886	-8.35	0.0203369	159.976	461.691
15	23	39	31	2.875	-9.63	0.020339	152.711	439.045
16	24	40	32	2.929	-10.5	0.0203273	144.436	423.053
17	25	41	33	3.039	-11.21	0.0203189	140.025	425.537
18	26	42	34	3.106	-10.41	0.020315	139.751	434.065
19	27	43	35	3.177	-9.04	0.0203076	138	438.425
20	28	44	36	3.28	-10.17	0.0203009	135.418	444.171
21	29	45	37	3.336	-8.27	0.0202949	135.859	453.226
22	30	46	38	3.416	-7.37	0.0202874	139.264	475.727
23	31	47	39	3.224	-6.67	0.020303	143.314	462.043
24	32	48	40	3.025	-5.97	0.020328	149.536	452.347
25	33	49	41	2.871	-5.28	0.0203435	153.712	441.307
26	34	50	42	2.897	-4.6	0.0203396	155.432	450.286
1	10	28	19	1.91	-9.5	0.0205107	180.875	345.472
2	11	29	20	2.009	-10.33	0.0204861	175.971	353.527
3	12	30	21	2.195	-12.31	0.0204468	169.81	372.732
4	13	31	22	2.221	-12.44	0.0204392	167.111	371.155
5	14	32	23	2.403	-11.68	0.02041	170.261	409.138
6	15	33	24	2.467	-11.82	0.0203997	174.609	430.761
7	16	34	25	2.648	-10.87	0.0203724	172.544	456.897
8	17	35	26	2.631	-10.66	0.020375	170.22	447.849
9	18	36	27	2.761	-10.8	0.020356	168.125	464.193
10	19	37	28	2.739	-9.99	0.0203584	167.989	460.121
11	20	38	29	2.7	-8.94	0.0203646	172.25	465.076
12	21	39	30	2.589	-8.1	0.0203798	176.198	456.177
13	22	40	31	2.641	-8.47	0.0203706	175.995	464.804
14	23	41	32	2.591	-9.6	0.0203761	165.811	429.615
15	24	42	33	2.668	-10.49	0.0203666	157.216	419.452
16	25	43	34	2.655	-10.47	0.0203704	155.262	412.22
17	26	44	35	2.691	-10.43	0.0203623	154.31	415.247
18	27	45	36	2.684	-9.14	0.0203676	154.52	414.732
19	28	46	37	2.84	-10.71	0.0203486	154.656	439.223
20	29	47	38	2.929	-8.62	0.0203361	155.79	456.308
21	30	48	39	2.935	-7.7	0.0203351	158.685	465.741
22	31	49	40	2.868	-7.18	0.0203452	160.163	459.347
23	32	50	41	2.873	-5.8	0.0203466	165.661	475.945
1	11	31	21	2.059	-11.78	0.0204764	189.593	390.372
2	12	32	22	2.199	-13.57	0.0204521	187.528	412.374
3	13	33	23	2.273	-12.91	0.0204305	192.342	437.195
4	14	34	24	2.429	-12.5	0.0204065	194.305	471.967
5	15	35	25	2.46	-11.3	0.020401	195.393	480.666
6	16	36	26	2.564	-11.03	0.0203848	190.719	489.005
7	17	37	27	2.618	-10.59	0.0203762	187.584	491.094
8	18	38	28	2.622	-10.01	0.0203765	187.146	490.697
9	19	39	29	2.596	-10.2	0.020382	186.206	483.39
10	20	40	30	2.422	-8.79	0.020407	187.721	454.661
11	21	41	31	2.353	-8.78	0.02042	192.999	454.127
12	22	42	32	2.377	-7.71	0.020411	188.788	448.749
13	23	43	33	2.408	-7.84	0.0204144	178.473	429.763
14	24	44	34	2.38	-9.59	0.0204174	172.763	411.177
15	25	45	35	2.34	-10.94	0.0204198	169.495	396.618
16	26	46	36	2.316	-10.09	0.0204248	170.269	394.344
17	27	47	37	2.377	-9.99	0.0204146	172.962	411.131
18	28	48	38	2.525	-10.45	0.0203917	173.71	438.618
19	29	49	39	2.56	-9.42	0.0203846	175.075	448.191
20	30	50	40	2.68	-7.75	0.0203694	176.717	473.602
1	12	34	23	2.205	-13.86	0.0204472	213.692	471.191
2	13	35	24	2.275	-15.8	0.0204308	217.109	493.922
3	14	36	25	2.444	-12.95	0.020401	214.653	524.613
4	15	37	26	2.415	-12.69	0.0204102	211.559	510.914
5	16	38	27	2.513	-11.6	0.0203931	207.339	521.042
6	17	39	28	2.456	-11.1	0.0204018	207.001	508.395
7	18	40	29	2.466	-10.31	0.0204014	205.543	506.87
8	19	41	30	2.333	-10.06	0.0204241	201.878	470.98
9	20	42	31	2.204	-10.3	0.0204476	204.259	450.187
10	21	43	32	2.141	-10.22	0.02046	205.739	440.487
11	22	44	33	2.185	-8.29	0.0204541	202.234	441.881
12	23	45	34	2.144	-8.75	0.0204695	194.068	416.082
13	24	46	35	2.145	-8.69	0.0204647	186.496	400.034
14	25	47	36	2.055	-11.04	0.0204812	185.594	381.395
15	26	48	37	2.079	-10.49	0.0204735	188.783	392.481
16	27	49	38	2.141	-9.51	0.0204608	191.377	409.738
17	28	50	39	2.273	-10.02	0.0204352	191.099	434.368
1	13	37	25	2.222	-16.32	0.0204415	237.737	528.253
2	14	38	26	2.319	-16.11	0.0204264	231.108	535.939
3	15	39	27	2.387	-12.68	0.0204136	227.978	544.184
4	16	40	28	2.408	-12.15	0.0204105	225.972	544.142
5	17	41	29	2.303	-10.11	0.0204272	225.322	518.917
6	18	42	30	2.171	-11.03	0.0204507	221.427	480.717
7	19	43	31	2.121	-9.66	0.0204653	218.421	463.27
8	20	44	32	2.027	-9.62	0.0204883	217.429	440.728
9	21	45	33	1.98	-10.14	0.0205013	219.063	433.744
10	22	46	34	1.971	-9.92	0.0205061	217.198	428.097
11	23	47	35	1.926	-10.39	0.0205176	208.463	401.5
12	24	48	36	1.885	-10.35	0.0205288	203.133	382.906
13	25	49	37	1.889	-10.92	0.020526	203.533	384.473
14	26	50	38	1.916	-10.81	0.0205147	206.244	395.163
1	14	40	27	2.255	-14.1	0.0204363	248.951	561.385
2	15	41	28	2.248	-12.65	0.020438	247.587	556.575
3	16	42	29	2.234	-11.23	0.0204411	243.914	544.903
4	17	43	30	2.079	-11.3	0.020473	240.204	499.385
5	18	44	31	1.982	-11.31	0.020497	238.065	471.846
6	19	45	32	1.912	-11.55	0.0205152	232.022	443.625
7	20	46	33	1.884	-10.66	0.0205271	230.3	433.885
8	21	47	34	1.822	-10.23	0.0205485	234.131	426.587
9	22	48	35	1.799	-10.33	0.0205513	231.905	417.196
10	23	49	36	1.718	-10.81	0.0205814	224.553	385.783
11	24	50	37	1.751	-12.3	0.0205675	220.749	386.531
1	15	43	29	2.08	-12.33	0.0204737	266.703	554.743
2	16	44	30	2.006	-11.2	0.0204907	259.916	521.392
3	17	45	31	1.898	-11.01	0.0205184	256.644	487.109
4	18	46	32	1.842	-8.5	0.0205336	250.148	460.772
5	19	47	33	1.795	-10.55	0.020554	244.885	439.569
6	20	48	34	1.714	-11.58	0.0205828	246.276	422.117
7	21	49	35	1.678	-11.9	0.0205931	248.223	416.519
8	22	50	36	1.639	-10.87	0.0206075	246.983	404.806
1	16	46	31	1.83	-11.75	0.0205376	276.929	506.78
2	17	47	32	1.764	-9.57	0.0205568	269.624	475.617
3	18	48	33	1.732	-8.52	0.0205747	263.331	456.089
4	19	49	34	1.68	-11.02	0.0205942	259.391	435.777
5	20	50	35	1.607	-11.82	0.0206169	259.268	416.644
1	17	49	33	1.657	-11.32	0.0205977	283.287	469.406
2	18	50	34	1.634	-11.81	0.0206083	277.611	453.616
1	4	2	3	275.806	-7.61	0.0200035	6.22047	1715.64
2	5	3	4	248.633	-7.17	0.0200038	6.36444	1582.41
3	6	4	5	233.566	-7.73	0.020004	6.22273	1453.42
4	7	5	6	186.76	-6.45	0.0200049	6.2405	1165.48
5	8	6	7	125.476	-10.18	0.0200072	6.47375	812.301
6	9	7	8	198.551	-8.56	0.0200047	6.16209	1223.49
7	10	8	9	189.42	-6.18	0.0200048	6.31557	1196.3
8	11	9	10	245.767	-8.72	0.0200039	6.36299	1563.81
9	12	10	11	228.203	-7.32	0.0200041	6.26265	1429.16
10	13	11	12	277.99	-7.88	0.0200036	6.36241	1768.69
11	14	12	13	223.067	-6.14	0.0200042	6.41176	1430.25
12	15	13	14	292.7	-7.88	0.0200035	6.13026	1794.33
13	16	14	15	227.897	-6.82	0.0200042	6.56574	1496.31
14	17	15	16	307.26	-8.38	0.0200033	6.12866	1883.09
15	18	16	17	260.193	-7.93	0.0200039	6.39002	1662.64
16	19	17	18	297.851	-7.93	0.0200035	6.36016	1894.38
17	20	18	19	291.059	-7.67	0.0200036	6.037	1757.12
18	21	19	20	276.509	-7.79	0.0200039	6.27517	1735.14
19	22	20	21	235.104	-7.52	0.0200046	6.49955	1528.07
20	23	21	22	268.45	-8.4	0.020004	6.36039	1707.45
21	24	22	23	203.82	-7.92	0.0200056	6.15538	1254.59
22	25	23	24	260.347	-9.33	0.0200042	6.42789	1673.48
23	26	24	25	239.367	-8.03	0.0200046	6.40438	1533
24	27	25	26	311.963	-9.83	0.0200036	6.40509	1998.15
25	28	26	27	269.217	-8.3	0.020004	6.41941	1728.22
26	29	27	28	323.99	-10.69	0.0200034	6.2526	2025.78
27	30	28	29	265.163	-9.31	0.0200039	6.3265	1677.55
28	31	29	30	270.25	-9.86	0.0200039	6.53592	1766.33
29	32	30	31	235.061	-8.21	0.0200044	6.06013	1424.5
30	33	31	32	209.477	-7.98	0.0200049	6.47702	1356.79
31	34	32	33	185.737	-7.17	0.0200052	6.35732	1180.79
32	35	33	34	211.433	-8.08	0.0200048	6.12946	1295.97
33	36	34	35	189.076	-8.17	0.0200057	6.52476	1233.67
34	37	35	36	175.543	-8.8	0.0200058	6.37449	1119
35	38	36	37	185.936	-9.99	0.0200058	6.31329	1173.87
36	39	37	38	147.874	-8.99	0.0200069	6.46837	956.503
37	40	38	39	143.416	-8.68	0.0200071	6.36957	913.498
38	41	39	40	141.12	-8.95	0.0200071	6.41207	904.871
39	42	40	41	133.176	-7.04	0.0200077	6.44217	857.942
40	43	41	42	105.739	-8.53	0.020009	6.30319	666.493
41	44	42	43	120.511	-6.2	0.0200087	6.37092	767.765
42	45	43	44	94.269	-7.76	0.0200102	6.43922	607.019
43	46	44	45	95.404	-7.18	0.0200103	6.46334	616.629
44	47	45	46	89.362	-6.35	0.0200108	6.12783	547.595
45	48	46	47	81.484	-1.42	0.0200105	6.54819	533.572
46	49	47	48	84.129	-6	0.0200108	6.42162	540.245
47	50	48	49	92.264	-1.98	0.0200097	6.37116	587.829
1	7	3	5	112.52	-7.39	0.0200085	11.5819	1303.2
2	8	4	6	105.82	-6.12	0.0200087	12.0774	1278.03
3	9	5	7	76.27	-7.76	0.020012	13.0035	991.781
4	10	6	8	83.256	-9.55	0.0200112	12.9783	1080.52
5	11	7	9	110.31	-7.66	0.0200084	12.3107	1357.99
6	12	8	10	112.6	-7.31	0.0200082	12.2425	1378.51
7	13	9	11	97.349	-8.93	0.0200096	12.4866	1215.56
8	14	10	12	102.4	-8.68	0.0200092	12.7568	1306.3
9	15	11	13	100.06	-7.6	0.0200093	12.7349	1274.26
10	16	12	14	97.209	-8.11	0.0200096	12.3809	1203.54
11	17	13	15	94.692	-8.75	0.0200099	12.4908	1182.78
12	18	14	16	100.427	-8.68	0.0200096	12.6053	1265.92
13	19	15	17	78.195	-7.94	0.0200118	12.7217	994.774
14	20	16	18	83.26	-7.97	0.0200116	12.3311	1026.69
15	21	17	19	82.858	-7.51	0.0200118	11.7593	974.356
16	22	18	20	84.565	-7.88	0.0200122	12.1087	1023.98
17	23	19	21	69.717	-7.47	0.0200143	14.1624	987.361
18	24	20	22	77.204	-7.84	0.0200129	13.9538	1077.29
19	25	21	23	73.233	-8.05	0.0200137	11.8575	868.362
20	26	22	24	73.506	-8.91	0.0200143	11.2	823.27
21	27	23	25	81.121	-9.47	0.0200126	12.4212	1007.62
22	28	24	26	82.163	-9.15	0.0200118	13.5989	1117.32
23	29	25	27	86.143	-8.47	0.0200118	13.5135	1164.1
24	30	26	28	85.539	-8.78	0.0200117	12.4098	1061.52
25	31	27	29	90.955	-10.49	0.0200109	12.1384	1104.05
26	32	28	30	87.074	-9.27	0.0200107	12.557	1093.39
27	33	29	31	89.017	-8.1	0.0200112	12.5457	1116.78
28	34	30	32	75.184	-8.33	0.0200132	12.7424	958.022
29	35	31	33	73.949	-9.11	0.020013	12.9199	955.416
30	36	32	34	74.745	-8.98	0.0200124	12.5295	936.515
31	37	33	35	64.65	-8.87	0.0200148	12.4947	807.781
32	38	34	36	53.232	-8.13	0.0200181	12.9045	686.931
33	39	35	37	52.021	-8.35	0.0200179	12.547	652.709
34	40	36	38	53.439	-9.08	0.0200177	12.2802	656.241
35	41	37	39	44.244	-8.58	0.0200211	12.5535	555.416
36	42	38	40	39.915	-8.05	0.0200223	12.9058	515.137
37	43	39	41	34.21	-8.09	0.0200259	12.9418	442.739
38	44	40	42	31.697	-7.67	0.0200286	12.5819	398.809
39	45	41	43	31.53	-6.84	0.0200293	12.4052	391.137
40	46	42	44	29.509	-6.45	0.0200307	12.9353	381.707
41	47	43	45	25.586	-6.71	0.0200358	12.8271	328.195
42	48	44	46	27.887	-4.92	0.0200332	12.1253	338.139
43	49	45	47	30.715	-4.77	0.0200304	12.4949	383.78
44	50	46	48	26.87	-6.11	0.0200339	13.3814	359.559
1	10	4	7	46.484	-7.59	0.0200202	18.2539	848.512
2	11	5	8	45.319	-8.84	0.0200204	19.2813	873.807
3	12	6	9	45.675	-8.78	0.02002	19.3421	883.451
4	13	7	10	57.354	-9.17	0.0200164	18.8392	1080.5
5	14	8	11	61.087	-8.36	0.0200151	18.6299	1138.05
6	15	9	12	60.127	-8.63	0.0200158	18.8111	1131.05
7	16	10	13	45.053	-8.17	0.0200205	19.1915	864.634
8	17	11	14	50.614	-8	0.0200188	18.9689	960.093
9	18	12	15	45.592	-7.33	0.0200202	18.898	861.599
10	19	13	16	43.74	-8.8	0.0200213	18.6667	816.48
11	20	14	17	36.845	-9.13	0.0200249	18.574	684.357
12	21	15	18	37.813	-8.7	0.0200251	17.8522	675.046
13	22	16	19	30.603	-7.91	0.0200309	17.7061	541.859
14	23	17	20	32.744	-7.66	0.0200297	18.9474	620.414
15	24	18	21	30.227	-7.23	0.0200319	20.888	631.383
16	25	19	22	30.364	-7.65	0.0200309	21.3644	648.708
17	26	20	23	28.731	-7.6	0.0200332	19.3893	557.074
18	27	21	24	33.338	-8.53	0.0200288	17.3717	579.138
19	28	22	25	30.777	-7.99	0.0200308	17.0003	523.218
20	29	23	26	34.829	-8.03	0.0200277	18.6486	649.513
21	30	24	27	32.953	-6.84	0.0200294	20.0685	661.316
22	31	25	28	34.664	-8.34	0.0200274	19.9288	690.811
23	32	26	29	34.159	-7.86	0.0200277	18.6182	635.98
24	33	27	30	38.072	-8.55	0.0200249	18.0841	688.497
25	34	28	31	36.029	-7.85	0.0200262	18.3878	662.496
26	35	29	32	37.98	-7.81	0.0200254	19.2589	731.453
27	36	30	33	33.997	-7.55	0.0200276	19.5854	665.845
28	37	31	34	32.527	-8.81	0.0200283	19.6619	639.543
29	38	32	35	31.698	-8.25	0.0200289	19.4398	616.204
30	39	33	36	29.533	-7.69	0.0200313	19.0925	563.858
31	40	34	37	26.285	-7.15	0.0200366	18.5886	488.6
32	41	35	38	24.517	-6.58	0.0200391	18.3159	449.051
33	42	36	39	23.238	-6.29	0.0200404	18.4331	428.348
34	43	37	40	21.897	-7.27	0.0200419	18.7986	411.633
35	44	38	41	21.544	-6.71	0.0200429	19.1938	413.511
36	45	39	42	18.931	-6.33	0.0200477	19.218	363.816
37	46	40	43	17.915	-6.06	0.0200519	19.2438	344.752
38	47	41	44	16.765	-7.16	0.020056	19.0855	319.969
39	48	42	45	17.505	-5.46	0.0200541	18.9906	332.431
40	49	43	46	18	-6.5	0.0200525	18.8276	338.896
41	50	44	47	18.678	-4.95	0.0200503	19.2942	360.378
1	13	5	9	25.547	-8.68	0.0200362	24.9143	636.486
2	14	6	10	25.158	-10.02	0.0200369	25.7565	647.982
3	15	7	11	29.838	-9.41	0.0200312	25.4908	760.594
4	16	8	12	34.22	-8.57	0.0200277	25.6427	877.492
5	17	9	13	35.646	-8.31	0.0200269	25.4783	908.201
6	18	10	14	32.141	-7.39	0.0200295	25.063	805.548
7	19	11	15	26.001	-7.63	0.0200365	25.4787	662.472
8	20	12	16	25.143	-8.15	0.0200371	24.5772	617.945
9	21	13	17	23.824	-8.27	0.0200393	23.6952	564.515
10	22	14	18	21.312	-8.78	0.0200442	23.5874	502.694
11	23	15	19	19.826	-9.01	0.0200471	24.0175	476.17
12	24	16	20	18.378	-8.8	0.0200518	25.7448	473.139
13	25	17	21	17.458	-8.31	0.0200544	27.4209	478.714
14	26	18	22	17.906	-7.87	0.020053	27.4636	491.764
15	27	19	23	16.597	-7.82	0.0200564	26.5787	441.126
16	28	20	24	18.026	-8.29	0.0200516	25.0804	452.099
17	29	21	25	18.879	-7.18	0.0200496	23.913	451.453
18	30	22	26	18.779	-7.04	0.0200506	23.5045	441.391
19	31	23	27	19.09	-6.4	0.0200499	24.3777	465.371
20	32	24	28	19.898	-6.7	0.0200481	24.9148	495.755
21	33	25	29	20.975	-7.1	0.0200463	25.2433	529.479
22	34	26	30	21.868	-7.2	0.0200446	25.3017	553.298
23	35	27	31	22.211	-7.64	0.0200436	24.4728	543.566
24	36	28	32	21.487	-7.39	0.0200444	25.1005	539.335
25	37	29	33	20.911	-7.86	0.020045	26.157	546.968
26	38	30	34	20.208	-7.39	0.0200457	26.4266	534.028
27	39	31	35	19.267	-7.79	0.0200486	26.9916	520.048
28	40	32	36	18.507	-7.78	0.0200502	26.0094	481.357
29	41	33	37	18.646	-6.73	0.0200512	24.8582	463.507
30	42	34	38	18.246	-6.25	0.0200535	24.6532	449.822
31	43	35	39	17.663	-6.62	0.0200549	24.0582	424.939
32	44	36	40	16.837	-5.82	0.0200589	24.2718	408.665
33	45	37	41	15.941	-5.98	0.0200591	24.8858	396.704
34	46	38	42	15.8	-6.47	0.0200592	25.3397	400.367
35	47	39	43	15.662	-6.7	0.0200612	25.6482	401.702
36	48	40	44	14.775	-5.77	0.0200649	25.668	379.244
37	49	41	45	14.804	-6.32	0.020065	25.6413	379.594
38	50	42	46	15.661	-6.04	0.0200622	25.7013	402.508
1	16	6	11	15.276	-9.52	0.0200621	31.8257	486.169
2	17	7	12	18.397	-9.28	0.020052	32.2802	593.859
3	18	8	13	20.161	-8.16	0.0200471	32.3539	652.286
4	19	9	14	21.43	-8.25	0.0200455	31.9312	684.286
5	20	10	15	21.051	-7.73	0.0200457	31.0627	653.9
6	21	11	16	20.372	-7.36	0.0200473	29.8741	608.595
7	22	12	17	15.788	-7.71	0.0200601	29.5086	465.882
8	23	13	18	15.75	-8.57	0.0200607	29.8282	469.794
9	24	14	19	14.526	-8.4	0.020065	30.4956	442.979
10	25	15	20	14.045	-9.42	0.0200676	31.5327	442.876
11	26	16	21	12.739	-9.07	0.0200745	33.1552	422.364
12	27	17	22	13.501	-9.16	0.0200708	33.7221	455.282
13	28	18	23	12.653	-9.05	0.0200748	33.0233	417.844
14	29	19	24	12.905	-8.31	0.0200734	32.3921	418.019
15	30	20	25	13.049	-7.34	0.0200727	31.449	410.378
16	31	21	26	13.931	-7.25	0.0200682	30.2291	421.121
17	32	22	27	13.865	-6.14	0.0200693	29.4892	408.868
18	33	23	28	15.27	-6.18	0.0200638	29.5861	451.779
19	34	24	29	15.874	-6.79	0.0200621	30.0454	476.941
20	35	25	30	16.678	-7.02	0.0200589	30.7765	513.291
21	36	26	31	16.484	-6.79	0.0200595	31.2895	515.777
22	37	27	32	16.569	-7.61	0.020059	32.2879	534.977
23	38	28	33	15.754	-7.21	0.0200608	32.8967	518.255
24	39	29	34	15.633	-7.61	0.0200607	33.0411	516.532
25	40	30	35	14.7	-7.52	0.0200648	33.1642	487.514
26	41	31	36	14.25	-6.65	0.0200668	33.2699	474.095
27	42	32	37	14.183	-6.33	0.0200673	32.2554	457.479
28	43	33	38	14.506	-7.13	0.020067	31.0026	449.724
29	44	34	39	14.778	-6.78	0.0200667	30.3483	448.488
30	45	35	40	14.988	-6.6	0.0200649	30.0344	450.155
31	46	36	41	14.517	-6.31	0.0200669	30.2085	438.537
32	47	37	42	14.018	-6.99	0.0200694	30.7298	430.771
33	48	38	43	14.369	-5.95	0.0200675	31.2494	449.022
34	49	39	44	14.014	-6.74	0.0200687	31.9354	447.542
35	50	40	45	13.882	-5.92	0.0200701	32.6474	453.211
1	19	7	13	12.285	-8.33	0.0200785	38.2557	469.971
2	20	8	14	13.546	-7.72	0.0200713	37.8107	512.184
3	21	9	15	14.367	-7.77	0.0200681	37.0467	532.25
4	22	10	16	14.523	-7.5	0.0200673	35.9969	522.784
5	23	11	17	14.928	-7.75	0.0200654	36.0252	537.785
6	24	12	18	13.366	-7.56	0.0200715	36.0997	482.509
7	25	13	19	11.793	-8.48	0.0200821	36.2839	427.896
8	26	14	20	11.041	-9.23	0.0200867	37.3334	412.198
9	27	15	21	10.982	-9.04	0.020087	38.6372	424.313
10	28	16	22	10.774	-8.94	0.0200886	39.6939	427.663
11	29	17	23	10.724	-9.22	0.0200901	39.0496	418.768
12	30	18	24	10.717	-7.85	0.0200896	38.3956	411.485
13	31	19	25	10.472	-8.44	0.020091	38.5339	403.527
14	32	20	26	11.198	-7.09	0.0200861	37.4793	419.693
15	33	21	27	11.794	-6.61	0.0200827	35.9694	424.224
16	34	22	28	12.64	-6.55	0.0200782	34.8899	441.009
17	35	23	29	13.335	-6.48	0.0200735	35.3395	471.252
18	36	24	30	14.027	-6.73	0.0200703	36.3515	509.902
19	37	25	31	14.162	-7.3	0.0200695	36.8851	522.367
20	38	26	32	13.949	-6.45	0.0200707	38.132	531.903
21	39	27	33	13.628	-7.9	0.0200715	39.6182	539.917
22	40	28	34	13.385	-8.07	0.020072	40.3656	540.294
23	41	29	35	13.118	-7.32	0.0200741	40.3917	529.859
24	42	30	36	12.587	-6.51	0.020077	39.6893	499.57
25	43	31	37	12.285	-7.21	0.0200788	39.1094	480.459
26	44	32	38	12.278	-7.83	0.0200785	38.0376	467.026
27	45	33	39	12.719	-6.8	0.0200769	37.084	471.672
28	46	34	40	12.987	-7.03	0.0200759	36.7365	477.097
29	47	35	41	13.178	-7.42	0.0200747	36.0707	475.339
30	48	36	42	13.261	-6.14	0.0200737	35.9439	476.653
31	49	37	43	13.509	-6.94	0.0200727	36.554	493.807
32	50	38	44	13.342	-6.51	0.0200735	37.9189	505.914
1	22	8	15	10.352	-7.21	0.0200949	42.2544	437.418
2	23	9	16	10.815	-7.86	0.0200906	42.7553	462.399
3	24	10	17	10.786	-7.33	0.0200907	43.0299	464.12
4	25	11	18	11.212	-8.12	0.0200882	42.7962	479.831
5	26	12	19	10.78	-8.4	0.02009	41.9883	452.634
6	27	13	20	10.318	-8.8	0.0200939	42.5658	439.194
7	28	14	21	9.086	-11.59	0.0201062	44.6774	405.939
8	29	15	22	9.306	-10.54	0.0201036	45.2912	421.48
9	30	16	23	8.957	-9.57	0.020108	44.6343	399.789
10	31	17	24	9.234	-9.92	0.020105	44.1302	407.498
11	32	18	25	9.268	-9.86	0.0201039	43.8439	406.345
12	33	19	26	9.7	-9.43	0.0201001	44.1165	427.93
13	34	20	27	10.113	-8.6	0.0200971	43.4352	439.26
14	35	21	28	11.048	-8.58	0.0200892	41.4434	457.866
15	36	22	29	11.5	-8.03	0.0200858	40.9126	470.495
16	37	23	30	12.351	-8.27	0.0200797	42.1424	520.501
17	38	24	31	12.61	-8.96	0.0200782	43.3125	546.171
18	39	25	32	12.566	-9.58	0.0200788	44.4798	558.933
19	40	26	33	12.232	-9.25	0.0200806	44.9172	549.427
20	41	27	34	12.292	-9.34	0.0200795	45.585	560.331
21	42	28	35	12.145	-8.6	0.0200807	47.3351	574.885
22	43	29	36	11.96	-8.71	0.0200817	47.6715	570.151
23	44	30	37	11.583	-8.31	0.0200845	46.0702	533.631
24	45	31	38	11.381	-8.94	0.0200858	45.0324	512.514
25	46	32	39	11.367	-8.91	0.0200854	44.0936	501.211
26	47	33	40	11.663	-11.45	0.0200839	43.3088	505.11
27	48	34	41	11.83	-8.87	0.0200835	42.9308	507.871
28	49	35	42	12.04	-10.33	0.0200815	42.2752	508.993
29	50	36	43	12.369	-8.74	0.0200797	42.5304	526.059
1	25	9	17	8.772	-9.21	0.020113	48.6803	427.023
2	26	10	18	8.622	-9.69	0.020114	48.7379	420.218
3	27	11	19	8.941	-9.73	0.0201104	48.5678	434.245
4	28	12	20	8.577	-11.64	0.0201135	49.1329	421.413
5	29	13	21	8.627	-10.54	0.0201135	50.0937	432.158
6	30	14	22	8.262	-10.13	0.020117	50.6271	418.281
7	31	15	23	7.865	-10.21	0.0201239	50.0054	393.293
8	32	16	24	7.939	-9.77	0.0201222	49.3908	392.114
9	33	17	25	8.338	-9.05	0.020117	49.1688	409.97
10	34	18	26	8.694	-8.88	0.0201128	49.6388	431.56
11	35	19	27	8.931	-8.66	0.0201098	49.8429	445.147
12	36	20	28	9.72	-8.83	0.0201016	48.9863	476.147
13	37	21	29	10.287	-8.91	0.0200956	48.0007	493.783
14	38	22	30	11.009	-9.3	0.0200898	48.0048	528.485
15	39	23	31	11.341	-8.92	0.0200869	49.3035	559.151
16	40	24	32	11.545	-9.12	0.020086	50.8299	586.831
17	41	25	33	11.438	-9.31	0.0200864	51.8035	592.529
18	42	26	34	11.531	-9.23	0.0200854	51.883	598.263
19	43	27	35	11.654	-9.15	0.0200845	52.1588	607.859
20	44	28	36	11.47	-9.32	0.0200856	52.9642	607.499
21	45	29	37	11.386	-8.83	0.0200865	53.4691	608.799
22	46	30	38	10.977	-8.5	0.0200893	53.0617	582.459
23	47	31	39	10.814	-11.4	0.020091	51.7789	559.937
24	48	32	40	10.866	-9.14	0.0200898	50.2232	545.726
25	49	33	41	11.026	-9.71	0.020089	49.5448	546.281
26	50	34	42	10.993	-9.06	0.0200895	49.6658	545.976
1	28	10	19	7.395	-10.63	0.0201338	54.1066	400.118
2	29	11	20	7.325	-9.82	0.0201348	55.4458	406.141
3	30	12	21	7.024	-9.83	0.0201392	56.425	396.329
4	31	13	22	7.198	-10.65	0.0201361	56.4461	406.299
5	32	14	23	7.211	-9.81	0.0201356	55.1501	397.688
6	33	15	24	7.451	-9.78	0.0201313	54.1025	403.118
7	34	16	25	7.324	-8.81	0.020134	54.6529	400.278
8	35	17	26	7.753	-8.08	0.0201268	55.0805	427.039
9	36	18	27	8.063	-7.99	0.0201223	55.5206	447.662
10	37	19	28	8.659	-8.5	0.0201141	55.9118	484.141
11	38	20	29	9.282	-9.39	0.0201062	55.5331	515.458
12	39	21	30	9.98	-9.68	0.0200988	55.1264	550.162
13	40	22	31	10.276	-9.38	0.0200961	55.0862	566.066
14	41	23	32	10.698	-8.8	0.0200925	56.7367	606.97
15	42	24	33	10.819	-8.68	0.0200915	58.5322	633.26
16	43	25	34	11.014	-8.99	0.0200896	58.8433	648.1
17	44	26	35	11.106	-8.89	0.0200889	58.9174	654.336
18	45	27	36	11.249	-9.68	0.0200877	58.7149	660.484
19	46	28	37	11.159	-8.84	0.0200883	58.7802	655.928
20	47	29	38	10.874	-12.01	0.0200908	58.9514	641.037
21	48	30	39	10.573	-9.15	0.0200932	58.933	623.099
22	49	31	40	10.457	-9.25	0.0200939	59.0163	617.133
23	50	32	41	10.316	-9.61	0.0200951	57.8991	597.287
1	31	11	21	6.229	-9.43	0.0201594	61.8164	385.054
2	32	12	22	6.142	-10.2	0.0201588	62.0163	380.904
3	33	13	23	6.317	-10.36	0.0201563	60.6959	383.416
4	34	14	24	6.494	-10.06	0.0201517	60.0513	389.973
5	35	15	25	6.841	-9.46	0.0201437	59.5866	407.632
6	36	16	26	7.071	-8.66	0.0201391	60.4268	427.278
7	37	17	27	7.292	-8.36	0.0201358	61.4822	448.328
8	38	18	28	7.859	-9.12	0.020126	61.9011	486.48
9	39	19	29	8.336	-8.84	0.0201184	62.5071	521.059
10	40	20	30	9.071	-8.56	0.0201091	62.566	567.537
11	41	21	31	9.596	-8.77	0.0201029	61.7743	592.786
12	42	22	32	9.997	-9.37	0.0200995	62.6164	625.977
13	43	23	33	10.148	-9.1	0.0200971	64.4896	654.441
14	44	24	34	10.538	-9.6	0.0200935	65.414	689.333
15	45	25	35	10.753	-9.41	0.0200919	66.1485	711.295
16	46	26	36	10.79	-9.15	0.0200916	65.8854	710.903
17	47	27	37	10.903	-12.02	0.0200906	65.1271	710.081
18	48	28	38	10.766	-9.96	0.0200916	64.8871	698.574
19	49	29	39	10.625	-9.67	0.020093	64.8831	689.383
20	50	30	40	10.16	-9.62	0.0200971	65.4241	664.709
1	34	12	23	5.595	-9.61	0.020177	65.807	368.19
2	35	13	24	5.759	-10.47	0.020171	65.2842	375.972
3	36	14	25	5.955	-9.55	0.0201651	65.7637	391.623
4	37	15	26	6.369	-9.14	0.0201549	66.4294	423.089
5	38	16	27	6.727	-9.01	0.0201469	67.2219	452.201
6	39	17	28	7.285	-8.93	0.0201362	67.6037	492.493
7	40	18	29	7.657	-8.17	0.0201298	68.3585	523.421
8	41	19	30	8.303	-7.96	0.0201193	69.463	576.751
9	42	20	31	8.929	-7.73	0.0201109	69.4117	619.777
10	43	21	32	9.396	-8.44	0.0201056	69.3217	651.346
11	44	22	33	9.654	-9.12	0.0201024	69.7737	673.596
12	45	23	34	10.077	-9.62	0.0200976	71.3648	719.143
13	46	24	35	10.273	-9.31	0.0200959	73.1446	751.414
14	47	25	36	10.403	-12.45	0.0200952	73.0836	760.289
15	48	26	37	10.51	-10.43	0.0200942	72.2585	759.437
16	49	27	38	10.583	-10.37	0.0200935	71.6942	758.74
17	50	28	39	10.369	-9.74	0.0200952	72.1634	748.262
1	37	13	25	5.422	-10.18	0.0201819	70.8335	384.059
2	38	14	26	5.694	-10.32	0.0201728	72.4737	412.665
3	39	15	27	6.063	-9.11	0.0201631	73.3444	444.687
4	40	16	28	6.586	-8.8	0.0201511	73.7989	486.04
5	41	17	29	7.223	-7.73	0.0201376	74.0661	534.98
6	42	18	30	7.897	-8.19	0.0201256	75.1726	593.638
7	43	19	31	8.282	-7.57	0.0201196	76.3316	632.178
8	44	20	32	8.807	-7.76	0.0201132	76.817	676.527
9	45	21	33	9.187	-7.73	0.0201076	76.5473	703.24
10	46	22	34	9.553	-8.62	0.0201033	76.978	735.371
11	47	23	35	9.851	-12.48	0.0201002	78.6061	774.348
12	48	24	36	10.044	-10.41	0.0200983	79.7662	801.172
13	49	25	37	10.128	-10.99	0.0200974	79.9184	809.414
14	50	26	38	10.061	-10.94	0.0200984	79.553	800.383
1	40	14	27	5.56	-8.89	0.0201778	78.5812	436.912
2	41	15	28	6.117	-8.28	0.0201625	79.3862	485.606
3	42	16	29	6.66	-8.38	0.0201494	80.5104	536.199
4	43	17	30	7.328	-8.3	0.0201356	81.4727	597.032
5	44	18	31	7.924	-7.73	0.0201253	81.9555	649.415
6	45	19	32	8.389	-8.13	0.0201185	83.5033	700.509
7	46	20	33	8.641	-8.01	0.0201146	84.4397	729.644
8	47	21	34	9.033	-11.56	0.0201093	83.6869	755.944
9	48	22	35	9.386	-9.3	0.0201055	83.9536	787.989
10	49	23	36	9.621	-10.12	0.0201028	85.6294	823.841
11	50	24	37	9.727	-10.65	0.0201016	86.9052	845.327
1	43	15	29	6.285	-8.42	0.0201573	85.4045	536.767
2	44	16	30	6.889	-8.18	0.0201442	87.2706	601.207
3	45	17	31	7.449	-7.95	0.0201334	88.3975	658.473
4	46	18	32	7.871	-8.27	0.0201265	90.0988	709.167
5	47	19	33	8.193	-11.07	0.020121	91.1891	747.112
6	48	20	34	8.644	-9.56	0.0201145	91.0288	786.853
7	49	21	35	8.919	-9.44	0.020111	91.066	812.218
8	50	22	36	9.031	-9.44	0.0201096	91.6434	827.632
1	46	16	31	7.049	-8.22	0.0201408	93.836	661.45
2	47	17	32	7.431	-11.34	0.0201346	95.9855	713.268
3	48	18	33	7.738	-8.69	0.0201282	97.6183	755.371
4	49	19	34	8.09	-8.96	0.0201221	98.8503	799.699
5	50	20	35	8.428	-8.34	0.0201176	99.2567	836.535
1	49	17	33	7.364	-8.85	0.0201348	103.16	759.669
2	50	18	34	7.604	-8.84	0.0201299	105.482	802.082
