50# Number of sensors
#x	y	z
0	0	541.493
0.9871	0	541.333
1.9648	0	541.123
2.9476	0	540.938
3.9377	0	540.798
4.9359	0	540.738
5.9274	0	540.608
6.912	0	540.433
7.8999	0	540.278
8.8862	0	540.113
9.8708	0	539.938
10.8571	0	539.773
11.8302	0	539.543
12.8139	0	539.363
13.8026	0	539.213
14.7853	0	539.028
15.7829	0	538.958
16.7692	0	538.793
17.7689	0	538.768
18.7664	0	538.698
19.7531	0	538.535
20.6841	0	538.17
21.6596	0	537.95
22.6498	0	537.81
23.6483	0	537.755
24.6377	0	537.61
25.6248	0	537.45
26.6056	0	537.255
27.6024	0	537.175
28.5911	0	537.025
29.5826	0	536.895
30.5741	0	536.765
31.5384	0	536.5
32.5092	0	536.26
33.472	0	535.99
34.4194	0	535.67
35.3794	0	535.39
36.349	0	535.145
37.3233	0	534.92
38.301	0	534.71
39.2742	0	534.48
40.2508	0	534.265
41.2326	0	534.075
42.2103	0	533.865
43.1835	0	533.635
44.1623	0	533.43
45.1538	0	533.3
46.1194	0	533.04
47.1012	0	532.85
48.0719	0	532.61
784# Number of data
#a	b	m	n	R	ip	err	k	rhoa
1	2	4	3	77.307	-6.21	0.0200101	19.4897	1506.69
2	3	5	4	77.478	-5.37	0.0200093	19.5546	1515.05
3	4	6	5	61.999	-4.64	0.0200111	19.7817	1226.44
4	5	7	6	43.197	-14.14	0.0200174	18.8222	813.061
5	6	8	7	35.63	-11.5	0.0200222	17.7253	631.551
6	7	9	8	32.53	-7.45	0.0200283	19.572	636.676
7	8	10	9	70.541	-8.23	0.020011	19.2949	1361.08
8	9	11	10	71.569	-4.62	0.0200117	18.988	1358.95
9	10	12	11	65.472	-8.63	0.0200114	19.1462	1253.54
10	11	13	12	66.403	-6.17	0.0200118	18.7237	1243.31
11	12	14	13	71.628	-4.49	0.0200094	18.8301	1348.76
12	13	15	14	61.256	-5.29	0.0200121	20.0586	1228.71
13	14	16	15	72.42	-7.16	0.0200093	18.2025	1318.22
14	15	17	16	73.587	-6.69	0.0200117	19.6545	1446.31
15	16	18	17	80.028	-7.9	0.0200084	18.3828	1471.14
16	17	19	18	85.352	-6.66	0.0200091	18.8286	1607.06
17	18	20	19	77.322	-5.66	0.0200097	20.2701	1567.33
18	19	21	20	74.757	-7.11	0.0200107	18.3173	1369.35
19	20	22	21	78.618	-8.06	0.0200096	17.2824	1358.71
20	21	23	22	53.239	-7.78	0.020015	18.9626	1009.55
21	22	24	23	63.594	-8.25	0.0200114	21.2428	1350.91
22	23	25	24	47.134	-7.52	0.020015	19.6516	926.259
23	24	26	25	63.145	-7.75	0.0200103	18.6559	1178.02
24	25	27	26	60.67	-7.94	0.0200113	18.4255	1117.87
25	26	28	27	72.083	-8.75	0.0200085	18.8423	1358.21
26	27	29	28	63.934	-8.34	0.0200107	19.9828	1277.58
27	28	30	29	70.911	-10.21	0.0200098	19.3933	1375.2
28	29	31	30	64.688	-9.3	0.0200109	18.3405	1186.41
29	30	32	31	57.716	-7.93	0.0200119	19.9388	1150.79
30	31	33	32	53.919	-6.66	0.020013	18.0592	973.734
31	32	34	33	49.693	-8.18	0.0200147	18.8302	935.727
32	33	35	34	41.944	-6.86	0.0200171	20.0747	842.015
33	34	36	35	56.982	-8.19	0.0200121	18.3368	1044.87
34	35	37	36	46.088	-9.39	0.0200134	19.1405	882.149
35	36	38	37	38.448	-8.28	0.020021	19.8855	764.558
36	37	39	38	38.922	-8.11	0.0200187	19.2432	748.983
37	38	40	39	38.552	-8.39	0.0200164	19.4282	748.996
38	39	41	40	35.608	-7.44	0.0200184	19.0734	679.164
39	40	42	41	33.628	-9.21	0.0200203	18.9059	635.769
40	41	43	42	32.471	-7.06	0.0200201	19.6492	638.029
41	42	44	43	29.899	-7.86	0.0200262	19.3419	578.303
42	43	45	44	28.816	-7.51	0.0200256	18.8629	543.553
43	44	46	45	30.913	-7.68	0.0200256	18.9774	586.648
44	45	47	46	28.541	-7.23	0.0200258	20.4911	584.838
45	46	48	47	25.144	-6.32	0.0200328	18.4756	464.551
46	47	49	48	27.292	-0.43	0.0200284	18.8189	513.604
47	48	50	49	35.984	-8.31	0.0200231	19.4429	699.635
1	3	7	5	26.492	-7.13	0.0200302	41.2338	1092.37
2	4	8	6	23.836	-12.3	0.020034	39.6893	946.035
3	5	9	7	34.171	-5.52	0.0200232	35.2313	1203.89
4	6	10	8	36.137	-2.19	0.0200213	35.295	1275.46
5	7	11	9	23.242	-8.21	0.0200316	38.1621	886.964
6	8	12	10	30.711	-9.04	0.0200244	38.2234	1173.88
7	9	13	11	41.074	-6.21	0.0200201	37.8021	1552.68
8	10	14	12	37.973	-6.47	0.0200215	37.0855	1408.25
9	11	15	13	31.853	-6.91	0.0200232	36.7558	1170.78
10	12	16	14	31.261	-6.89	0.0200244	38.5365	1204.69
11	13	17	15	26.949	-7.53	0.0200277	38.0366	1025.05
12	14	18	16	26.973	-7.72	0.0200273	36.8378	993.627
13	15	19	17	27.456	-7.42	0.020026	38.1369	1047.09
14	16	20	18	30.048	-7.13	0.0200223	38.0523	1143.39
15	17	21	19	26.408	-6.35	0.0200309	41.3243	1091.29
16	18	22	20	26.883	-5.98	0.0200284	38.4701	1034.19
17	19	23	21	25.329	-5.09	0.0200308	31.689	802.652
18	20	24	22	19.529	-6.22	0.0200411	32.247	629.752
19	21	25	23	20.007	-6.09	0.0200383	41.8975	838.244
20	22	26	24	20.116	-7.33	0.020034	45.4705	914.684
21	23	27	25	18.861	-7.18	0.0200364	40.1251	756.8
22	24	28	26	22.888	-7.05	0.0200307	35.2891	807.697
23	25	29	27	26.598	-7.08	0.0200255	35.268	938.058
24	26	30	28	27.405	-7.98	0.0200243	39.0676	1070.65
25	27	31	29	25.433	-8.21	0.0200233	41.0141	1043.11
26	28	32	30	25.256	-8.54	0.0200265	38.2639	966.392
27	29	33	31	25.997	-8.44	0.0200273	37.9982	987.838
28	30	34	32	25.089	-7.66	0.0200283	37.107	930.977
29	31	35	33	21.589	-7.21	0.0200344	35.1079	757.945
30	32	36	34	18.262	-7.41	0.0200447	37.7517	689.421
31	33	37	35	20.831	-7.08	0.0200387	37.741	786.182
32	34	38	36	19.63	-8.54	0.0200333	36.6457	719.356
33	35	39	37	16.792	-8.55	0.0200422	39.1332	657.124
34	36	40	38	14.948	-8.13	0.0200505	40.1907	600.771
35	37	41	39	12.373	-7.8	0.0200576	38.9924	482.452
36	38	42	40	9.788	-8.64	0.0200666	37.6275	368.298
37	39	43	41	9.342	-8.91	0.0200773	36.8525	344.276
38	40	44	42	9.585	-8.52	0.0200735	38.3305	367.398
39	41	45	43	9.137	-7.75	0.0200932	38.8612	355.075
40	42	46	44	9.136	-7.78	0.0200944	36.9847	337.892
41	43	47	45	9.164	-6.76	0.020084	36.7617	336.884
42	44	48	46	8.31	-7.12	0.0201032	39.729	330.148
43	45	49	47	7.825	-6.8	0.0201252	38.079	297.968
44	46	50	48	9.106	-2.81	0.0201085	34.5299	314.43
1	4	10	7	22.071	-8.44	0.0200371	57.7962	1275.62
2	5	11	8	27.701	-5.29	0.0200281	53.8762	1492.42
3	6	12	9	23.337	-7.3	0.0200304	53.9967	1260.12
4	7	13	10	16.56	-8.66	0.020045	56.3676	933.447
5	8	14	11	19.365	-10.14	0.0200401	56.9222	1102.3
6	9	15	12	21.034	-7.62	0.020041	56.1564	1181.19
7	10	16	13	19.406	-8.21	0.0200413	55.0871	1069.02
8	11	17	14	16.397	-9.27	0.0200506	56.3143	923.385
9	12	18	15	14.853	-9.83	0.0200523	57.0185	846.895
10	13	19	16	12.434	-8.99	0.0200652	58.2143	723.836
11	14	20	17	11.647	-8.97	0.0200605	58.0274	675.845
12	15	21	18	11.369	-8.03	0.0200668	60.4744	687.533
13	16	22	19	10.849	-7.84	0.0200714	61.0698	662.546
14	17	23	20	10.382	-7.91	0.0200816	56.9715	591.478
15	18	24	21	10.148	-6.89	0.020078	49.6	503.341
16	19	25	22	8.314	-6.64	0.0201045	46.861	389.602
17	20	26	23	8.334	-8.03	0.020099	54.564	454.736
18	21	27	24	7.584	-7.85	0.0201048	65.391	495.926
19	22	28	25	8.521	-7.99	0.0200868	67.141	572.108
20	23	29	26	8.51	-8.39	0.0200926	58.6019	498.703
21	24	30	27	10.936	-8.78	0.0200687	53.5354	585.463
22	25	31	28	11.476	-8.82	0.0200646	55.1082	632.422
23	26	32	29	11.692	-8.75	0.0200556	59.7876	699.037
24	27	33	30	10.743	-8.31	0.0200617	60.6365	651.417
25	28	34	31	11.592	-8.49	0.0200624	58.768	681.239
26	29	35	32	12.516	-8.3	0.0200625	55.0542	689.059
27	30	36	33	12.51	-8.03	0.0200645	53.5402	669.788
28	31	37	34	11.007	-8.13	0.0200789	53.0561	583.988
29	32	38	35	10.497	-7.96	0.0200839	54.3529	570.543
30	33	39	36	9.207	-7.91	0.0200891	55.8306	514.032
31	34	40	37	8.745	-8.48	0.0200915	57.8556	505.947
32	35	41	38	7.944	-8.11	0.0200966	60.4598	480.293
33	36	42	39	6.66	-7.62	0.0201229	60.6308	403.801
34	37	43	40	5.156	-7.39	0.0201587	58.4853	301.55
35	38	44	41	4.494	-7.23	0.0201882	56.8277	255.384
36	39	45	42	4.339	-6.64	0.0201945	56.9204	246.978
37	40	46	43	4.419	-6.94	0.0202146	56.966	251.733
38	41	47	44	4.564	-5.86	0.0202107	56.6627	258.609
39	42	48	45	4.683	-6.42	0.0202044	56.0763	262.605
40	43	49	46	4.574	-5.87	0.0202035	57.6134	263.524
41	44	50	47	4.866	-6.16	0.0202136	56.3017	273.964
1	5	13	9	17.146	-7.91	0.0200436	73.8986	1267.07
2	6	14	10	14.972	-8.2	0.0200499	72.1833	1080.73
3	7	15	11	11.773	-8.77	0.0200669	74.3204	874.974
4	8	16	12	11.843	-9.68	0.0200699	73.7078	872.922
5	9	17	13	11.589	-7.86	0.0200743	73.5541	852.419
6	10	18	14	10.268	-9.71	0.0200855	75.4482	774.702
7	11	19	15	8.932	-9.55	0.0200942	75.1184	670.958
8	12	20	16	7.898	-9.31	0.0201084	78.7812	622.214
9	13	21	17	6.46	-8.81	0.0201242	81.5985	527.126
10	14	22	18	6.005	-8.34	0.0201308	80.8826	485.7
11	15	23	19	5.361	-7.67	0.0201645	81.7902	438.477
12	16	24	20	5.341	-7.53	0.0201574	75.0927	401.07
13	17	25	21	5.196	-6.48	0.0201726	68.3166	354.973
14	18	26	22	4.614	-6.5	0.0201952	65.6202	302.772
15	19	27	23	4.716	-6.22	0.0201935	69.1392	326.06
16	20	28	24	4.468	-7.23	0.0202012	77.1256	344.597
17	21	29	25	4.624	-7.6	0.0201914	85.0274	393.167
18	22	30	26	5.261	-8.33	0.0201665	84.7281	445.754
19	23	31	27	5.702	-8.45	0.0201525	78.125	445.469
20	24	32	28	6.429	-9.01	0.0201326	75.9829	488.494
21	25	33	29	6.587	-8.86	0.0201177	76.8966	506.518
22	26	34	30	6.504	-8.02	0.0201178	77.2532	502.455
23	27	35	31	6.487	-7.6	0.0201196	79.2451	514.063
24	28	36	32	7.279	-7.14	0.0201138	74.6808	543.601
25	29	37	33	7.92	-7.47	0.0201121	70.5189	558.51
26	30	38	34	7.876	-7.11	0.0201171	70.6124	556.143
27	31	39	35	7.822	-7.23	0.0201207	68.644	536.933
28	32	40	36	6.62	-7.5	0.020139	72.0684	477.092
29	33	41	37	5.973	-7.02	0.0201568	76.7449	458.398
30	34	42	38	5.537	-6.93	0.0201585	78.539	434.87
31	35	43	39	4.679	-6.88	0.0201851	81.7644	382.576
32	36	44	40	3.946	-6.15	0.020235	81.0234	319.718
33	37	45	41	3.404	-6.42	0.02028	78.2501	266.363
34	38	46	42	3.129	-5.78	0.0203032	77.2606	241.749
35	39	47	43	3.047	-5.54	0.0203336	75.9677	231.474
36	40	48	44	3.127	-5.59	0.0203228	75.1232	234.91
37	41	49	45	3.315	-5.41	0.0203077	74.9336	248.405
38	42	50	46	3.5	-5.65	0.0202976	75.6545	264.791
1	6	16	11	10.149	-8.08	0.0200786	90.9501	923.052
2	7	17	12	7.626	-8.86	0.020111	91.3193	696.401
3	8	18	13	7.226	-9.5	0.0201167	90.9858	657.463
4	9	19	14	6.974	-8.12	0.0201322	92.9138	647.981
5	10	20	15	6.08	-9.02	0.0201462	95.1741	578.659
6	11	21	16	5.066	-9.43	0.0201796	99.3029	503.068
7	12	22	17	4.638	-8.49	0.0201845	102.106	473.566
8	13	23	18	4.036	-7.58	0.0202211	102.067	411.943
9	14	24	19	3.558	-7.84	0.0202541	100.554	357.77
10	15	25	20	3.422	-6.77	0.0202725	96.4365	330.006
11	16	26	21	3.507	-6.47	0.0202573	87.8534	308.102
12	17	27	22	3.243	-6.23	0.0203008	84.6929	274.659
13	18	28	23	3.385	-6.48	0.0202779	87.7199	296.932
14	19	29	24	3.453	-6.5	0.0202782	91.2105	314.95
15	20	30	25	3.598	-8.14	0.0202655	96.862	348.51
16	21	31	26	3.738	-8.18	0.0202608	102.703	383.903
17	22	32	27	4.305	-8.28	0.0202169	103.597	445.983
18	23	33	28	4.421	-8.53	0.0202141	100.241	443.164
19	24	34	29	4.704	-8.52	0.020189	97.8299	460.192
20	25	35	30	4.698	-8.9	0.0201877	95.8382	450.248
21	26	36	31	4.869	-8.32	0.0201787	95.9768	467.311
22	27	37	32	5.005	-7.57	0.0201763	92.2896	461.91
23	28	38	33	5.548	-7.15	0.0201646	87.7721	486.959
24	29	39	34	5.962	-7.18	0.0201632	86.655	516.637
25	30	40	35	6.261	-6.76	0.0201557	86.3045	540.352
26	31	41	36	5.677	-6.67	0.02017	86.2267	489.509
27	32	42	37	5.158	-6.62	0.0201912	91.522	472.071
28	33	43	38	4.692	-6.26	0.0202076	96.7846	454.114
29	34	44	39	4.043	-6.44	0.0202331	99.467	402.145
30	35	45	40	3.363	-5.89	0.0202813	101.543	341.488
31	36	46	41	3.059	-5.54	0.0203268	100.96	308.838
32	37	47	42	2.788	-5.54	0.0203535	99.18	276.514
33	38	48	43	2.636	-5.21	0.0203915	97.0582	255.845
34	39	49	44	2.666	-5.34	0.0203874	94.2798	251.35
35	40	50	45	2.854	-5.21	0.020364	92.6496	264.422
1	7	19	13	4.931	-8.44	0.0201758	109.803	541.438
2	8	20	14	4.659	-9.68	0.020196	112.174	522.619
3	9	21	15	4.44	-8.06	0.0202104	114.14	506.781
4	10	22	16	3.897	-8.39	0.0202429	118.388	461.356
5	11	23	17	3.309	-8.34	0.020273	119.94	396.881
6	12	24	18	3.126	-8.2	0.0202992	121.523	379.88
7	13	25	19	2.863	-6.61	0.0203455	122.506	350.734
8	14	26	20	2.767	-6.52	0.0203431	116.378	322.017
9	15	27	21	2.722	-5.86	0.020354	109.3	297.514
10	16	28	22	2.726	-6.41	0.0203536	103.913	283.266
11	17	29	23	2.92	-7.16	0.0203409	107.319	313.373
12	18	30	24	2.965	-7.61	0.0203234	110.583	327.877
13	19	31	25	3.122	-7.93	0.0203077	111.06	346.729
14	20	32	26	3.219	-9.16	0.0203084	114.94	369.993
15	21	33	27	3.452	-8.66	0.0202855	121.677	420.029
16	22	34	28	3.725	-9.08	0.020262	125.192	466.342
17	23	35	29	3.714	-8.33	0.0202546	120.756	448.486
18	24	36	30	3.875	-8.65	0.0202465	114.963	445.483
19	25	37	31	3.922	-8.68	0.0202407	113.869	446.594
20	26	38	32	4.101	-8.58	0.0202293	110.363	452.598
21	27	39	33	4.29	-8.14	0.0202197	105.86	454.141
22	28	40	34	4.626	-7.48	0.0202098	102.687	475.028
23	29	41	35	5.019	-6.57	0.020201	100.997	506.904
24	30	42	36	4.844	-6.81	0.0202038	103.048	499.163
25	31	43	37	4.638	-6.26	0.0202148	105.801	490.707
26	32	44	38	4.278	-5.73	0.0202328	111.604	477.443
27	33	45	39	3.778	-5.5	0.020266	116.483	440.074
28	34	46	40	3.3	-5.67	0.0203002	118.043	389.543
29	35	47	41	2.929	-5.44	0.0203353	120.973	354.331
30	36	48	42	2.74	-5.1	0.0203675	121.89	333.977
31	37	49	43	2.565	-5.24	0.0204026	119.067	305.406
32	38	50	44	2.577	-3.37	0.0204002	114.655	295.465
1	8	22	15	3.17	-9.08	0.0202933	134.704	427.01
2	9	23	16	3.031	-7.81	0.0203261	135.992	412.193
3	10	24	17	2.774	-7.32	0.0203412	137.37	381.065
4	11	25	18	2.571	-6.92	0.0203775	139.067	357.542
5	12	26	19	2.464	-6.47	0.0204026	142.931	352.182
6	13	27	20	2.375	-6.78	0.0204239	139.105	330.375
7	14	28	21	2.469	-6.09	0.0203975	128.68	317.711
8	15	29	22	2.511	-6.46	0.0203992	125.188	314.348
9	16	30	23	2.696	-7.68	0.0203587	127.328	343.276
10	17	31	24	2.761	-7.26	0.020355	130.657	360.745
11	18	32	25	2.823	-8.09	0.0203403	131.539	371.336
12	19	33	26	2.914	-8.47	0.0203344	129.772	378.156
13	20	34	27	3.089	-8.78	0.0203166	133.284	411.713
14	21	35	28	3.158	-8.3	0.0203139	142.718	450.702
15	22	36	29	3.317	-8.27	0.0202907	144.837	480.425
16	23	37	30	3.254	-8.05	0.0203031	136.707	444.846
17	24	38	31	3.372	-8.87	0.0202914	131.396	443.069
18	25	39	32	3.498	-8.91	0.0202817	126.751	443.376
19	26	40	33	3.637	-8.64	0.0202675	124.455	452.641
20	27	41	34	3.707	-8.45	0.0202646	122.761	455.076
21	28	42	35	3.998	-8.33	0.0202492	117.574	470.061
22	29	43	36	4.045	-6.71	0.0202497	116.624	471.742
23	30	44	37	4.088	-6.24	0.0202463	121.494	496.668
24	31	45	38	3.924	-6.04	0.0202566	125.238	491.433
25	32	46	39	3.563	-5.77	0.0202834	130.99	466.716
26	33	47	40	3.214	-4.86	0.0203153	135.116	434.262
27	34	48	41	3.015	-5.24	0.0203352	136.885	412.709
28	35	49	42	2.829	-4.77	0.0203555	140.633	397.851
29	36	50	43	2.765	-5.05	0.0203757	140.095	387.362
1	9	25	17	2.315	-7.08	0.0204241	157.1	363.685
2	10	26	18	2.285	-6.55	0.0204357	158.611	362.425
3	11	27	19	2.167	-6.29	0.0204684	160.594	348.007
4	12	28	20	2.244	-5.69	0.0204484	157.745	353.981
5	13	29	21	2.318	-6.97	0.0204399	150.74	349.416
6	14	30	22	2.372	-7.85	0.0204214	145.697	345.594
7	15	31	23	2.561	-7.5	0.0203883	149.216	382.142
8	16	32	24	2.648	-7.42	0.0203635	151.359	400.8
9	17	33	25	2.676	-8.31	0.0203634	152.243	407.402
10	18	34	26	2.708	-8.44	0.0203595	149.8	405.658
11	19	35	27	2.869	-8.38	0.0203389	148.411	425.793
12	20	36	28	2.901	-8.81	0.0203357	153.909	446.49
13	21	37	29	2.874	-8.77	0.020336	161.031	462.802
14	22	38	30	2.931	-8.71	0.0203369	159.976	468.89
15	23	39	31	2.933	-8.14	0.020339	152.711	447.902
16	24	40	32	3.072	-8.92	0.0203273	144.436	443.707
17	25	41	33	3.126	-8.89	0.0203189	140.025	437.719
18	26	42	34	3.174	-8.46	0.020315	139.751	443.568
19	27	43	35	3.24	-8.06	0.0203076	138	447.119
20	28	44	36	3.315	-7.61	0.0203009	135.418	448.91
21	29	45	37	3.485	-6.8	0.0202949	135.859	473.469
22	30	46	38	3.531	-6.23	0.0202874	139.264	491.743
23	31	47	39	3.345	-6.02	0.020303	143.314	479.384
24	32	48	40	3.091	-5.12	0.020328	149.536	462.216
25	33	49	41	2.984	-4.48	0.0203435	153.712	458.677
26	34	50	42	2.993	-4.28	0.0203396	155.432	465.207
1	10	28	19	2.011	-6.28	0.0205107	180.875	363.74
2	11	29	20	2.093	-7.15	0.0204861	175.971	368.308
3	12	30	21	2.267	-7.07	0.0204468	169.81	384.959
4	13	31	22	2.334	-6.32	0.0204392	167.111	390.038
5	14	32	23	2.428	-7.58	0.02041	170.261	413.394
6	15	33	24	2.467	-9.27	0.0203997	174.609	430.761
7	16	34	25	2.589	-7.16	0.0203724	172.544	446.717
8	17	35	26	2.63	-9.34	0.020375	170.22	447.679
9	18	36	27	2.702	-9.34	0.020356	168.125	454.274
10	19	37	28	2.72	-7.39	0.0203584	167.989	456.929
11	20	38	29	2.675	-8.44	0.0203646	172.25	460.769
12	21	39	30	2.596	-8.73	0.0203798	176.198	457.411
13	22	40	31	2.661	-7.9	0.0203706	175.995	468.324
14	23	41	32	2.674	-7.93	0.0203761	165.811	443.378
15	24	42	33	2.761	-8.74	0.0203666	157.216	434.073
16	25	43	34	2.749	-9.03	0.0203704	155.262	426.815
17	26	44	35	2.788	-8.3	0.0203623	154.31	430.215
18	27	45	36	2.744	-8.41	0.0203676	154.52	424.003
19	28	46	37	2.904	-7.63	0.0203486	154.656	449.121
20	29	47	38	3.057	-7.46	0.0203361	155.79	476.249
21	30	48	39	3.056	-6.57	0.0203351	158.685	484.942
22	31	49	40	2.967	-5.72	0.0203452	160.163	475.203
23	32	50	41	2.957	-4.76	0.0203466	165.661	489.86
1	11	31	21	2.121	-6.61	0.0204764	189.593	402.127
2	12	32	22	2.255	-8.96	0.0204521	187.528	422.875
3	13	33	23	2.369	-7.17	0.0204305	192.342	455.659
4	14	34	24	2.41	-6.72	0.0204065	194.305	468.275
5	15	35	25	2.432	-9.29	0.020401	195.393	475.195
6	16	36	26	2.496	-9.19	0.0203848	190.719	476.036
7	17	37	27	2.621	-8.94	0.0203762	187.584	491.657
8	18	38	28	2.597	-7.88	0.0203765	187.146	486.018
9	19	39	29	2.534	-8.64	0.020382	186.206	471.846
10	20	40	30	2.434	-8.89	0.020407	187.721	456.914
11	21	41	31	2.379	-9.2	0.02042	192.999	459.145
12	22	42	32	2.426	-8.95	0.020411	188.788	457.999
13	23	43	33	2.415	-8.07	0.0204144	178.473	431.013
14	24	44	34	2.446	-10.27	0.0204174	172.763	422.579
15	25	45	35	2.444	-9.92	0.0204198	169.495	414.245
16	26	46	36	2.391	-7.92	0.0204248	170.269	407.114
17	27	47	37	2.434	-8.52	0.0204146	172.962	420.99
18	28	48	38	2.585	-7.65	0.0203917	173.71	449.04
19	29	49	39	2.69	-6.63	0.0203846	175.075	470.951
20	30	50	40	2.784	-5.51	0.0203694	176.717	491.98
1	12	34	23	2.271	-8.02	0.0204472	213.692	485.294
2	13	35	24	2.337	-8.76	0.0204308	217.109	507.383
3	14	36	25	2.377	-7.14	0.020401	214.653	510.231
4	15	37	26	2.399	-9.06	0.0204102	211.559	507.53
5	16	38	27	2.477	-10.49	0.0203931	207.339	513.578
6	17	39	28	2.469	-7.75	0.0204018	207.001	511.086
7	18	40	29	2.421	-9.09	0.0204014	205.543	497.621
8	19	41	30	2.327	-9.26	0.0204241	201.878	469.769
9	20	42	31	2.225	-8.82	0.0204476	204.259	454.477
10	21	43	32	2.183	-8.69	0.02046	205.739	449.128
11	22	44	33	2.214	-8.35	0.0204541	202.234	447.746
12	23	45	34	2.165	-8.71	0.0204695	194.068	420.157
13	24	46	35	2.2	-9.71	0.0204647	186.496	410.291
14	25	47	36	2.124	-9.78	0.0204812	185.594	394.201
15	26	48	37	2.14	-8.77	0.0204735	188.783	403.996
16	27	49	38	2.198	-8.45	0.0204608	191.377	420.646
17	28	50	39	2.332	-7.91	0.0204352	191.099	445.643
1	13	37	25	2.278	-8.28	0.0204415	237.737	541.566
2	14	38	26	2.31	-8.05	0.0204264	231.108	533.859
3	15	39	27	2.376	-9.62	0.0204136	227.978	541.676
4	16	40	28	2.379	-9.22	0.0204105	225.972	537.588
5	17	41	29	2.292	-8.73	0.0204272	225.322	516.438
6	18	42	30	2.167	-8.65	0.0204507	221.427	479.832
7	19	43	31	2.129	-8.26	0.0204653	218.421	465.017
8	20	44	32	2.075	-8.49	0.0204883	217.429	451.164
9	21	45	33	2.011	-8.53	0.0205013	219.063	440.535
10	22	46	34	2.011	-9.33	0.0205061	217.198	436.785
11	23	47	35	1.979	-9.67	0.0205176	208.463	412.549
12	24	48	36	1.937	-9.99	0.0205288	203.133	393.468
13	25	49	37	1.922	-9.68	0.020526	203.533	391.19
14	26	50	38	1.954	-10.45	0.0205147	206.244	403
1	14	40	27	2.264	-9.21	0.0204363	248.951	563.625
2	15	41	28	2.25	-9.15	0.020438	247.587	557.07
3	16	42	29	2.189	-9.11	0.0204411	243.914	533.927
4	17	43	30	2.088	-8.43	0.020473	240.204	501.547
5	18	44	31	1.989	-9.14	0.020497	238.065	473.512
6	19	45	32	1.946	-9.46	0.0205152	232.022	451.514
7	20	46	33	1.919	-8.85	0.0205271	230.3	441.946
8	21	47	34	1.862	-8.84	0.0205485	234.131	435.952
9	22	48	35	1.854	-9.1	0.0205513	231.905	429.951
10	23	49	36	1.779	-9.51	0.0205814	224.553	399.481
11	24	50	37	1.802	-10.25	0.0205675	220.749	397.789
1	15	43	29	2.063	-8.58	0.0204737	266.703	550.209
2	16	44	30	1.992	-9.08	0.0204907	259.916	517.753
3	17	45	31	1.919	-8.75	0.0205184	256.644	492.499
4	18	46	32	1.864	-8.62	0.0205336	250.148	466.276
5	19	47	33	1.819	-8.67	0.020554	244.885	445.446
6	20	48	34	1.756	-10.03	0.0205828	246.276	432.461
7	21	49	35	1.74	-9.1	0.0205931	248.223	431.909
8	22	50	36	1.717	-9.18	0.0206075	246.983	424.071
1	16	46	31	1.833	-8.19	0.0205376	276.929	507.61
2	17	47	32	1.798	-8.52	0.0205568	269.624	484.784
3	18	48	33	1.746	-8.51	0.0205747	263.331	459.776
4	19	49	34	1.705	-8.54	0.0205942	259.391	442.261
5	20	50	35	1.667	-9.08	0.0206169	259.268	432.2
1	17	49	33	1.687	-8.02	0.0205977	283.287	477.904
2	18	50	34	1.648	-8.47	0.0206083	277.611	457.503
1	4	2	3	228.093	-5.86	0.0200035	6.22047	1418.85
2	5	3	4	196.76	-5.85	0.0200038	6.36444	1252.27
3	6	4	5	183.623	-7.22	0.020004	6.22273	1142.64
4	7	5	6	152.953	-5.11	0.0200049	6.2405	954.503
5	8	6	7	112.616	-11.94	0.0200072	6.47375	729.048
6	9	7	8	164.807	-8.48	0.0200047	6.16209	1015.56
7	10	8	9	176.371	-4.44	0.0200048	6.31557	1113.88
8	11	9	10	194.269	-7.98	0.0200039	6.36299	1236.13
9	12	10	11	194.123	-5.45	0.0200041	6.26265	1215.72
10	13	11	12	201.563	-6.23	0.0200036	6.36241	1282.43
11	14	12	13	185.509	-5.58	0.0200042	6.41176	1189.44
12	15	13	14	199.12	-5.77	0.0200035	6.13026	1220.66
13	16	14	15	188.947	-5.84	0.0200042	6.56574	1240.58
14	17	15	16	205.41	-7.2	0.0200033	6.12866	1258.89
15	18	16	17	208.014	-6.23	0.0200039	6.39002	1329.21
16	19	17	18	205.946	-6.47	0.0200035	6.36016	1309.85
17	20	18	19	210.517	-6.08	0.0200036	6.037	1270.89
18	21	19	20	197.46	-6.43	0.0200039	6.27517	1239.09
19	22	20	21	170.407	-6.71	0.0200046	6.49955	1107.57
20	23	21	22	186.227	-7.33	0.020004	6.36039	1184.48
21	24	22	23	135.399	-7.29	0.0200056	6.15538	833.433
22	25	23	24	168.473	-7.63	0.0200042	6.42789	1082.93
23	26	24	25	150.53	-7.53	0.0200046	6.40438	964.051
24	27	25	26	177.809	-8.1	0.0200036	6.40509	1138.88
25	28	26	27	167.484	-7.36	0.020004	6.41941	1075.15
26	29	27	28	191.143	-8.8	0.0200034	6.2526	1195.14
27	30	28	29	178.379	-8.18	0.0200039	6.3265	1128.51
28	31	29	30	175.616	-8.55	0.0200039	6.53592	1147.81
29	32	30	31	161.813	-7.57	0.0200044	6.06013	980.608
30	33	31	32	147.451	-7.75	0.0200049	6.47702	955.043
31	34	32	33	137.963	-6.49	0.0200052	6.35732	877.075
32	35	33	34	146.364	-7.93	0.0200048	6.12946	897.132
33	36	34	35	120.477	-7.76	0.0200057	6.52476	786.083
34	37	35	36	130.264	-7.81	0.0200058	6.37449	830.366
35	38	36	37	115.51	-8.05	0.0200058	6.31329	729.248
36	39	37	38	103.101	-7.97	0.0200069	6.46837	666.895
37	40	38	39	99.524	-7.71	0.0200071	6.36957	633.925
38	41	39	40	95.461	-8.41	0.0200071	6.41207	612.103
39	42	40	41	88.105	-7.27	0.0200077	6.44217	567.587
40	43	41	42	82.745	-8.23	0.020009	6.30319	521.558
41	44	42	43	80.781	-7.29	0.0200087	6.37092	514.649
42	45	43	44	79.275	-7.53	0.0200102	6.43922	510.469
43	46	44	45	75.734	-7.27	0.0200103	6.46334	489.495
44	47	45	46	76.27	-6.63	0.0200108	6.12783	467.37
45	48	46	47	74.937	-4.05	0.0200105	6.54819	490.701
46	49	47	48	79.706	-7.66	0.0200108	6.42162	511.842
47	50	48	49	81.83	-4.38	0.0200097	6.37116	521.352
1	7	3	5	92.031	-6.2	0.0200085	11.5819	1065.89
2	8	4	6	88.099	-4.14	0.0200087	12.0774	1064
3	9	5	7	65.593	-8.18	0.020012	13.0035	852.942
4	10	6	8	71.295	-10.77	0.0200112	12.9783	925.286
5	11	7	9	97.934	-6.18	0.0200084	12.3107	1205.63
6	12	8	10	99.045	-5.08	0.0200082	12.2425	1212.56
7	13	9	11	77.885	-7.6	0.0200096	12.4866	972.517
8	14	10	12	82.465	-8.08	0.0200092	12.7568	1051.99
9	15	11	13	85.615	-7.16	0.0200093	12.7349	1090.3
10	16	12	14	82.293	-6.99	0.0200096	12.3809	1018.86
11	17	13	15	76.053	-6.91	0.0200099	12.4908	949.963
12	18	14	16	77.072	-7.28	0.0200096	12.6053	971.519
13	19	15	17	67.628	-7.33	0.0200118	12.7217	860.344
14	20	16	18	66.543	-7.29	0.0200116	12.3311	820.547
15	21	17	19	64.457	-6.63	0.0200118	11.7593	757.972
16	22	18	20	60.609	-6.97	0.0200122	12.1087	733.899
17	23	19	21	56.774	-6.88	0.0200143	14.1624	804.057
18	24	20	22	58.231	-7	0.0200129	13.9538	812.544
19	25	21	23	55.567	-6.5	0.0200137	11.8575	658.887
20	26	22	24	53.844	-7.35	0.0200143	11.2	603.055
21	27	23	25	58.59	-7.72	0.0200126	12.4212	727.76
22	28	24	26	59.237	-7.9	0.0200118	13.5989	805.555
23	29	25	27	55.992	-7.52	0.0200118	13.5135	756.651
24	30	26	28	61.289	-7.77	0.0200117	12.4098	760.584
25	31	27	29	67.34	-8.05	0.0200109	12.1384	817.402
26	32	28	30	67.813	-7.84	0.0200107	12.557	851.528
27	33	29	31	61.896	-7.69	0.0200112	12.5457	776.53
28	34	30	32	56.732	-7.87	0.0200132	12.7424	722.9
29	35	31	33	59.219	-7.75	0.020013	12.9199	765.106
30	36	32	34	57.607	-7.68	0.0200124	12.5295	721.785
31	37	33	35	51.154	-7.83	0.0200148	12.4947	639.153
32	38	34	36	45.695	-7.46	0.0200181	12.9045	589.67
33	39	35	37	45.229	-7.15	0.0200179	12.547	567.489
34	40	36	38	40.008	-7.78	0.0200177	12.2802	491.306
35	41	37	39	36.711	-7.53	0.0200211	12.5535	460.851
36	42	38	40	35.336	-7.16	0.0200223	12.9058	456.041
37	43	39	41	31.628	-6.77	0.0200259	12.9418	409.323
38	44	40	42	28.303	-6.56	0.0200286	12.5819	356.106
39	45	41	43	27.698	-6.62	0.0200293	12.4052	343.6
40	46	42	44	27.26	-6.36	0.0200307	12.9353	352.616
41	47	43	45	26.844	-6.08	0.0200358	12.8271	344.332
42	48	44	46	29.081	-4.81	0.0200332	12.1253	352.616
43	49	45	47	29.865	-4.95	0.0200304	12.4949	373.159
44	50	46	48	28.607	-6.24	0.0200339	13.3814	382.803
1	10	4	7	39.54	-7.65	0.0200202	18.2539	721.758
2	11	5	8	40.799	-8.91	0.0200204	19.2813	786.656
3	12	6	9	44.771	-8.42	0.02002	19.3421	865.966
4	13	7	10	51.133	-7.42	0.0200164	18.8392	963.306
5	14	8	11	54.174	-5.75	0.0200151	18.6299	1009.26
6	15	9	12	48.224	-7.11	0.0200158	18.8111	907.145
7	16	10	13	38.746	-7.75	0.0200205	19.1915	743.594
8	17	11	14	41.03	-8.15	0.0200188	18.9689	778.295
9	18	12	15	41.579	-6.47	0.0200202	18.898	785.761
10	19	13	16	38.197	-7.07	0.0200213	18.6667	713.01
11	20	14	17	34.645	-7.47	0.0200249	18.574	643.495
12	21	15	18	32.654	-7.38	0.0200251	17.8522	582.946
13	22	16	19	27.964	-6.89	0.0200309	17.7061	495.133
14	23	17	20	26.726	-7.05	0.0200297	18.9474	506.389
15	24	18	21	25.675	-6.69	0.0200319	20.888	536.3
16	25	19	22	26.153	-6.86	0.0200309	21.3644	558.743
17	26	20	23	25.671	-6.64	0.0200332	19.3893	497.743
18	27	21	24	28.268	-6.7	0.0200288	17.3717	491.063
19	28	22	25	27.057	-6.82	0.0200308	17.0003	459.977
20	29	23	26	27.811	-7.15	0.0200277	18.6486	518.637
21	30	24	27	26.209	-6.51	0.0200294	20.0685	525.974
22	31	25	28	28.702	-6.89	0.0200274	19.9288	571.996
23	32	26	29	30.444	-6.73	0.0200277	18.6182	566.813
24	33	27	30	33.408	-6.9	0.0200249	18.0841	604.153
25	34	28	31	32.39	-6.98	0.0200262	18.3878	595.582
26	35	29	32	31.348	-7.14	0.0200254	19.2589	603.728
27	36	30	33	28.404	-6.94	0.0200276	19.5854	556.303
28	37	31	34	28.395	-7.12	0.0200283	19.6619	558.3
29	38	32	35	28.43	-6.82	0.0200289	19.4398	552.674
30	39	33	36	27.408	-6.69	0.0200313	19.0925	523.286
31	40	34	37	24.449	-6.45	0.0200366	18.5886	454.472
32	41	35	38	23.532	-6.22	0.0200391	18.3159	431.01
33	42	36	39	21.947	-6.07	0.0200404	18.4331	404.551
34	43	37	40	21.684	-6.09	0.0200419	18.7986	407.629
35	44	38	41	20.99	-5.74	0.0200429	19.1938	402.878
36	45	39	42	19.605	-5.61	0.0200477	19.218	376.769
37	46	40	43	17.862	-5.73	0.0200519	19.2438	343.732
38	47	41	44	17.466	-5.7	0.020056	19.0855	333.348
39	48	42	45	18.3	-5.23	0.0200541	18.9906	347.528
40	49	43	46	19.805	-5.35	0.0200525	18.8276	372.88
41	50	44	47	20.37	-4.65	0.0200503	19.2942	393.023
1	13	5	9	25.236	-7.26	0.0200362	24.9143	628.738
2	14	6	10	25.011	-8.99	0.0200369	25.7565	644.195
3	15	7	11	28.295	-7.92	0.0200312	25.4908	721.262
4	16	8	12	30.91	-6.62	0.0200277	25.6427	792.615
5	17	9	13	29.514	-7.2	0.0200269	25.4783	751.968
6	18	10	14	26.775	-6.69	0.0200295	25.063	671.061
7	19	11	15	23.175	-7.28	0.0200365	25.4787	590.47
8	20	12	16	23.144	-7.55	0.0200371	24.5772	568.815
9	21	13	17	22.692	-6.47	0.0200393	23.6952	537.692
10	22	14	18	20.543	-6.96	0.0200442	23.5874	484.556
11	23	15	19	18.985	-7.04	0.0200471	24.0175	455.972
12	24	16	20	17.556	-7.09	0.0200518	25.7448	451.976
13	25	17	21	16.187	-6.67	0.0200544	27.4209	443.862
14	26	18	22	16.528	-6.75	0.020053	27.4636	453.919
15	27	19	23	16.262	-6.72	0.0200564	26.5787	432.223
16	28	20	24	17.391	-6.88	0.0200516	25.0804	436.173
17	29	21	25	17.742	-6.71	0.0200496	23.913	424.264
18	30	22	26	17.307	-6.96	0.0200506	23.5045	406.792
19	31	23	27	17.73	-5.61	0.0200499	24.3777	432.217
20	32	24	28	18.697	-6.16	0.0200481	24.9148	465.833
21	33	25	29	20.089	-6.03	0.0200463	25.2433	507.114
22	34	26	30	21.11	-6.14	0.0200446	25.3017	534.119
23	35	27	31	21.697	-5.92	0.0200436	24.4728	530.987
24	36	28	32	20.86	-6.67	0.0200444	25.1005	523.597
25	37	29	33	19.868	-6.55	0.020045	26.157	519.686
26	38	30	34	19.055	-6.41	0.0200457	26.4266	503.558
27	39	31	35	17.92	-6.21	0.0200486	26.9916	483.69
28	40	32	36	18.211	-6.06	0.0200502	26.0094	473.658
29	41	33	37	18.313	-5.92	0.0200512	24.8582	455.229
30	42	34	38	17.942	-5.42	0.0200535	24.6532	442.328
31	43	35	39	17.988	-5.71	0.0200549	24.0582	432.758
32	44	36	40	16.941	-5.78	0.0200589	24.2718	411.189
33	45	37	41	16.728	-5.43	0.0200591	24.8858	416.289
34	46	38	42	16.582	-5.02	0.0200592	25.3397	420.182
35	47	39	43	15.987	-5.41	0.0200612	25.6482	410.038
36	48	40	44	15.632	-5.19	0.0200649	25.668	401.242
37	49	41	45	15.878	-5.42	0.020065	25.6413	407.133
38	50	42	46	16.621	-5.08	0.0200622	25.7013	427.182
1	16	6	11	15.458	-8.77	0.0200621	31.8257	491.961
2	17	7	12	17.623	-7.66	0.020052	32.2802	568.874
3	18	8	13	19.229	-6.42	0.0200471	32.3539	622.133
4	19	9	14	18.739	-7.36	0.0200455	31.9312	598.359
5	20	10	15	18.566	-6.72	0.0200457	31.0627	576.709
6	21	11	16	18.085	-6.32	0.0200473	29.8741	540.273
7	22	12	17	15.25	-6.49	0.0200601	29.5086	450.006
8	23	13	18	14.93	-6.99	0.0200607	29.8282	445.335
9	24	14	19	14.72	-6.54	0.020065	30.4956	448.895
10	25	15	20	13.92	-7.03	0.0200676	31.5327	438.935
11	26	16	21	12.936	-6.61	0.0200745	33.1552	428.895
12	27	17	22	13.11	-7.04	0.0200708	33.7221	442.096
13	28	18	23	12.777	-6.7	0.0200748	33.0233	421.938
14	29	19	24	12.912	-7.26	0.0200734	32.3921	418.246
15	30	20	25	13.116	-6.31	0.0200727	31.449	412.485
16	31	21	26	13.673	-6.2	0.0200682	30.2291	413.322
17	32	22	27	13.774	-5.88	0.0200693	29.4892	406.185
18	33	23	28	14.997	-4.63	0.0200638	29.5861	443.702
19	34	24	29	15.914	-5.58	0.0200621	30.0454	478.143
20	35	25	30	16.713	-6.36	0.0200589	30.7765	514.368
21	36	26	31	16.467	-6.16	0.0200595	31.2895	515.245
22	37	27	32	16.647	-5.78	0.020059	32.2879	537.496
23	38	28	33	16.111	-6.29	0.0200608	32.8967	529.999
24	39	29	34	15.512	-6.34	0.0200607	33.0411	512.534
25	40	30	35	14.517	-6.56	0.0200648	33.1642	481.445
26	41	31	36	14.318	-6.1	0.0200668	33.2699	476.358
27	42	32	37	14.181	-5.49	0.0200673	32.2554	457.414
28	43	33	38	14.559	-5.72	0.020067	31.0026	451.367
29	44	34	39	15.054	-5.79	0.0200667	30.3483	456.864
30	45	35	40	15.564	-5.61	0.0200649	30.0344	467.455
31	46	36	41	14.961	-5.53	0.0200669	30.2085	451.95
32	47	37	42	14.839	-5.78	0.0200694	30.7298	456
33	48	38	43	14.992	-6.11	0.0200675	31.2494	468.49
34	49	39	44	14.835	-5.39	0.0200687	31.9354	473.761
35	50	40	45	14.687	-5.13	0.0200701	32.6474	479.492
1	19	7	13	12.404	-7.01	0.0200785	38.2557	474.523
2	20	8	14	13.239	-6.78	0.0200713	37.8107	500.576
3	21	9	15	13.353	-7.01	0.0200681	37.0467	494.685
4	22	10	16	13.347	-6.51	0.0200673	35.9969	480.451
5	23	11	17	13.855	-6.33	0.0200654	36.0252	499.13
6	24	12	18	12.862	-6.04	0.0200715	36.0997	464.315
7	25	13	19	11.43	-6.36	0.0200821	36.2839	414.725
8	26	14	20	11.247	-7.44	0.0200867	37.3334	419.888
9	27	15	21	11.294	-7.26	0.020087	38.6372	436.368
10	28	16	22	11.179	-6.8	0.0200886	39.6939	443.739
11	29	17	23	10.718	-6.62	0.0200901	39.0496	418.533
12	30	18	24	10.961	-5.84	0.0200896	38.3956	420.854
13	31	19	25	10.952	-6.48	0.020091	38.5339	422.024
14	32	20	26	11.384	-4.66	0.0200861	37.4793	426.664
15	33	21	27	11.865	-5.19	0.0200827	35.9694	426.777
16	34	22	28	12.627	-5.14	0.0200782	34.8899	440.555
17	35	23	29	13.787	-5.21	0.0200735	35.3395	487.226
18	36	24	30	14.094	-5.55	0.0200703	36.3515	512.337
19	37	25	31	14.307	-5.91	0.0200695	36.8851	527.715
20	38	26	32	14.119	-6.36	0.0200707	38.132	538.385
21	39	27	33	13.962	-7.12	0.0200715	39.6182	553.149
22	40	28	34	13.688	-6.51	0.020072	40.3656	552.525
23	41	29	35	13.067	-5.92	0.0200741	40.3917	527.799
24	42	30	36	12.867	-5.31	0.020077	39.6893	510.683
25	43	31	37	12.535	-5.72	0.0200788	39.1094	490.236
26	44	32	38	12.599	-5.06	0.0200785	38.0376	479.236
27	45	33	39	12.879	-6.05	0.0200769	37.084	477.605
28	46	34	40	13.308	-5.88	0.0200759	36.7365	488.89
29	47	35	41	13.877	-5.67	0.0200747	36.0707	500.553
30	48	36	42	13.883	-5.67	0.0200737	35.9439	499.01
31	49	37	43	14.073	-5.75	0.0200727	36.554	514.424
32	50	38	44	14.029	-4.91	0.0200735	37.9189	531.965
1	22	8	15	10.329	-4.96	0.0200949	42.2544	436.446
2	23	9	16	10.364	-6.26	0.0200906	42.7553	443.116
3	24	10	17	10.467	-6.73	0.0200907	43.0299	450.393
4	25	11	18	10.694	-6.89	0.0200882	42.7962	457.663
5	26	12	19	10.605	-6.18	0.02009	41.9883	445.286
6	27	13	20	10.195	-5.92	0.0200939	42.5658	433.958
7	28	14	21	9.395	-7.72	0.0201062	44.6774	419.744
8	29	15	22	9.494	-8.43	0.0201036	45.2912	429.995
9	30	16	23	9.395	-7.49	0.020108	44.6343	419.339
10	31	17	24	9.519	-7.62	0.020105	44.1302	420.075
11	32	18	25	9.719	-7.36	0.0201039	43.8439	426.119
12	33	19	26	10.062	-7.25	0.0201001	44.1165	443.9
13	34	20	27	10.383	-6.57	0.0200971	43.4352	450.988
14	35	21	28	11.236	-6.92	0.0200892	41.4434	465.657
15	36	22	29	11.843	-6.32	0.0200858	40.9126	484.528
16	37	23	30	12.624	-6.76	0.0200797	42.1424	532.005
17	38	24	31	12.829	-6.72	0.0200782	43.3125	555.657
18	39	25	32	12.617	-7.5	0.0200788	44.4798	561.202
19	40	26	33	12.428	-7.04	0.0200806	44.9172	558.23
20	41	27	34	12.536	-7.41	0.0200795	45.585	571.453
21	42	28	35	12.31	-6.95	0.0200807	47.3351	582.695
22	43	29	36	12.214	-6.61	0.0200817	47.6715	582.26
23	44	30	37	11.77	-6.61	0.0200845	46.0702	542.246
24	45	31	38	11.664	-6.83	0.0200858	45.0324	525.258
25	46	32	39	11.789	-6.95	0.0200854	44.0936	519.819
26	47	33	40	12.056	-7.89	0.0200839	43.3088	522.131
27	48	34	41	12.231	-7.23	0.0200835	42.9308	525.087
28	49	35	42	12.698	-7.62	0.0200815	42.2752	536.811
29	50	36	43	12.822	-6.84	0.0200797	42.5304	545.325
1	25	9	17	8.608	-7.8	0.020113	48.6803	419.04
2	26	10	18	8.524	-8.04	0.020114	48.7379	415.442
3	27	11	19	8.881	-7.8	0.0201104	48.5678	431.331
4	28	12	20	8.763	-7.84	0.0201135	49.1329	430.552
5	29	13	21	8.641	-7.4	0.0201135	50.0937	432.86
6	30	14	22	8.548	-7.32	0.020117	50.6271	432.76
7	31	15	23	8.141	-7.43	0.0201239	50.0054	407.094
8	32	16	24	8.394	-7.53	0.0201222	49.3908	414.587
9	33	17	25	8.709	-6.94	0.020117	49.1688	428.211
10	34	18	26	9.048	-7.14	0.0201128	49.6388	449.132
11	35	19	27	9.312	-6.79	0.0201098	49.8429	464.137
12	36	20	28	9.952	-6.84	0.0201016	48.9863	487.512
13	37	21	29	10.769	-6.58	0.0200956	48.0007	516.92
14	38	22	30	11.316	-6.74	0.0200898	48.0048	543.223
15	39	23	31	11.633	-6.58	0.0200869	49.3035	573.548
16	40	24	32	11.594	-6.94	0.020086	50.8299	589.322
17	41	25	33	11.589	-6.7	0.0200864	51.8035	600.351
18	42	26	34	11.636	-7.15	0.0200854	51.883	603.71
19	43	27	35	11.802	-6.36	0.0200845	52.1588	615.578
20	44	28	36	11.809	-7.45	0.0200856	52.9642	625.454
21	45	29	37	11.469	-6.84	0.0200865	53.4691	613.237
22	46	30	38	11.201	-6.9	0.0200893	53.0617	594.345
23	47	31	39	11.109	-7.48	0.020091	51.7789	575.212
24	48	32	40	11.338	-7.13	0.0200898	50.2232	569.431
25	49	33	41	11.46	-7.47	0.020089	49.5448	567.784
26	50	34	42	11.504	-6.97	0.0200895	49.6658	571.355
1	28	10	19	7.433	-7.64	0.0201338	54.1066	402.175
2	29	11	20	7.435	-7.77	0.0201348	55.4458	412.24
3	30	12	21	7.336	-7.2	0.0201392	56.425	413.934
4	31	13	22	7.446	-7.51	0.0201361	56.4461	420.298
5	32	14	23	7.569	-6.86	0.0201356	55.1501	417.431
6	33	15	24	7.779	-6.82	0.0201313	54.1025	420.863
7	34	16	25	7.732	-6.55	0.020134	54.6529	422.576
8	35	17	26	8.052	-7.11	0.0201268	55.0805	443.508
9	36	18	27	8.392	-6.11	0.0201223	55.5206	465.929
10	37	19	28	9.001	-6.28	0.0201141	55.9118	503.262
11	38	20	29	9.725	-6.32	0.0201062	55.5331	540.059
12	39	21	30	10.353	-6.67	0.0200988	55.1264	570.724
13	40	22	31	10.625	-6.53	0.0200961	55.0862	585.291
14	41	23	32	10.872	-6.64	0.0200925	56.7367	616.842
15	42	24	33	10.95	-6.51	0.0200915	58.5322	640.928
16	43	25	34	11.118	-6.62	0.0200896	58.8433	654.22
17	44	26	35	11.197	-7.15	0.0200889	58.9174	659.698
18	45	27	36	11.467	-7.14	0.0200877	58.7149	673.284
19	46	28	37	11.323	-6.89	0.0200883	58.7802	665.568
20	47	29	38	11.012	-8.24	0.0200908	58.9514	649.172
21	48	30	39	10.797	-7.34	0.0200932	58.933	636.3
22	49	31	40	10.784	-7.52	0.0200939	59.0163	636.431
23	50	32	41	10.741	-6.78	0.0200951	57.8991	621.894
1	31	11	21	6.439	-7.25	0.0201594	61.8164	398.036
2	32	12	22	6.542	-7.3	0.0201588	62.0163	405.711
3	33	13	23	6.658	-6.61	0.0201563	60.6959	404.113
4	34	14	24	6.931	-6.83	0.0201517	60.0513	416.216
5	35	15	25	7.227	-6.57	0.0201437	59.5866	430.632
6	36	16	26	7.4	-6.61	0.0201391	60.4268	447.158
7	37	17	27	7.54	-5.86	0.0201358	61.4822	463.576
8	38	18	28	8.145	-6.51	0.020126	61.9011	504.184
9	39	19	29	8.813	-6.55	0.0201184	62.5071	550.875
10	40	20	30	9.427	-6.47	0.0201091	62.566	589.81
11	41	21	31	9.92	-6.07	0.0201029	61.7743	612.801
12	42	22	32	10.215	-6.67	0.0200995	62.6164	639.627
13	43	23	33	10.498	-6.32	0.0200971	64.4896	677.012
14	44	24	34	10.677	-6.81	0.0200935	65.414	698.425
15	45	25	35	10.787	-7.05	0.0200919	66.1485	713.544
16	46	26	36	10.963	-7.02	0.0200916	65.8854	722.301
17	47	27	37	11.07	-8.3	0.0200906	65.1271	720.957
18	48	28	38	10.931	-7.79	0.0200916	64.8871	709.28
19	49	29	39	10.721	-7.49	0.020093	64.8831	695.611
20	50	30	40	10.406	-7.45	0.0200971	65.4241	680.803
1	34	12	23	5.983	-6.39	0.020177	65.807	393.723
2	35	13	24	6.212	-7.29	0.020171	65.2842	405.546
3	36	14	25	6.42	-6.39	0.0201651	65.7637	422.203
4	37	15	26	6.734	-6.45	0.0201549	66.4294	447.336
5	38	16	27	7.049	-6	0.0201469	67.2219	473.847
6	39	17	28	7.517	-6.55	0.0201362	67.6037	508.177
7	40	18	29	8.027	-6.01	0.0201298	68.3585	548.714
8	41	19	30	8.648	-5.98	0.0201193	69.463	600.716
9	42	20	31	9.244	-5.75	0.0201109	69.4117	641.642
10	43	21	32	9.677	-5.98	0.0201056	69.3217	670.826
11	44	22	33	9.935	-6.28	0.0201024	69.7737	693.202
12	45	23	34	10.323	-6.62	0.0200976	71.3648	736.699
13	46	24	35	10.437	-6.98	0.0200959	73.1446	763.41
14	47	25	36	10.6	-7.59	0.0200952	73.0836	774.686
15	48	26	37	10.612	-7.46	0.0200942	72.2585	766.808
16	49	27	38	10.689	-8.05	0.0200935	71.6942	766.34
17	50	28	39	10.549	-7.43	0.0200952	72.1634	761.252
1	37	13	25	5.871	-6.78	0.0201819	70.8335	415.863
2	38	14	26	6.139	-6.75	0.0201728	72.4737	444.916
3	39	15	27	6.421	-6.5	0.0201631	73.3444	470.944
4	40	16	28	6.892	-6.26	0.0201511	73.7989	508.622
5	41	17	29	7.55	-5.55	0.0201376	74.0661	559.199
6	42	18	30	8.192	-6.22	0.0201256	75.1726	615.814
7	43	19	31	8.615	-5.51	0.0201196	76.3316	657.597
8	44	20	32	9.038	-6.55	0.0201132	76.817	694.272
9	45	21	33	9.478	-5.98	0.0201076	76.5473	725.515
10	46	22	34	9.799	-6.53	0.0201033	76.978	754.308
11	47	23	35	10.063	-7.71	0.0201002	78.6061	791.013
12	48	24	36	10.297	-6.99	0.0200983	79.7662	821.352
13	49	25	37	10.285	-7.58	0.0200974	79.9184	821.961
14	50	26	38	10.176	-7.71	0.0200984	79.553	809.531
1	40	14	27	5.956	-6.02	0.0201778	78.5812	468.03
2	41	15	28	6.438	-5.96	0.0201625	79.3862	511.089
3	42	16	29	7.051	-5.59	0.0201494	80.5104	567.679
4	43	17	30	7.659	-5.68	0.0201356	81.4727	623.999
5	44	18	31	8.218	-6.23	0.0201253	81.9555	673.51
6	45	19	32	8.62	-6.31	0.0201185	83.5033	719.798
7	46	20	33	8.892	-5.76	0.0201146	84.4397	750.838
8	47	21	34	9.279	-7.56	0.0201093	83.6869	776.531
9	48	22	35	9.589	-6.94	0.0201055	83.9536	805.031
10	49	23	36	9.909	-7.47	0.0201028	85.6294	848.502
11	50	24	37	9.864	-7.5	0.0201016	86.9052	857.233
1	43	15	29	6.705	-5.94	0.0201573	85.4045	572.637
2	44	16	30	7.253	-6.51	0.0201442	87.2706	632.974
3	45	17	31	7.745	-6.04	0.0201334	88.3975	684.639
4	46	18	32	8.121	-5.83	0.0201265	90.0988	731.692
5	47	19	33	8.48	-6.98	0.020121	91.1891	773.283
6	48	20	34	8.864	-6.83	0.0201145	91.0288	806.88
7	49	21	35	9.085	-6.76	0.020111	91.066	827.335
8	50	22	36	9.291	-6.69	0.0201096	91.6434	851.459
1	46	16	31	7.385	-6.02	0.0201408	93.836	692.979
2	47	17	32	7.698	-7.83	0.0201346	95.9855	738.896
3	48	18	33	8.03	-6.61	0.0201282	97.6183	783.875
4	49	19	34	8.343	-7.04	0.0201221	98.8503	824.708
5	50	20	35	8.595	-6.42	0.0201176	99.2567	853.111
1	49	17	33	7.637	-6.72	0.0201348	103.16	787.832
2	50	18	34	7.86	-6.57	0.0201299	105.482	829.086
