50# Number of sensors
#x	y	z
0	0	541.493
0.9871	0	541.333
1.9648	0	541.123
2.9476	0	540.938
3.9377	0	540.798
4.9359	0	540.738
5.9274	0	540.608
6.912	0	540.433
7.8999	0	540.278
8.8862	0	540.113
9.8708	0	539.938
10.8571	0	539.773
11.8302	0	539.543
12.8139	0	539.363
13.8026	0	539.213
14.7853	0	539.028
15.7829	0	538.958
16.7692	0	538.793
17.7689	0	538.768
18.7664	0	538.698
19.7531	0	538.535
20.6841	0	538.17
21.6596	0	537.95
22.6498	0	537.81
23.6483	0	537.755
24.6377	0	537.61
25.6248	0	537.45
26.6056	0	537.255
27.6024	0	537.175
28.5911	0	537.025
29.5826	0	536.895
30.5741	0	536.765
31.5384	0	536.5
32.5092	0	536.26
33.472	0	535.99
34.4194	0	535.67
35.3794	0	535.39
36.349	0	535.145
37.3233	0	534.92
38.301	0	534.71
39.2742	0	534.48
40.2508	0	534.265
41.2326	0	534.075
42.2103	0	533.865
43.1835	0	533.635
44.1623	0	533.43
45.1538	0	533.3
46.1194	0	533.04
47.1012	0	532.85
48.0719	0	532.61
784# Number of data
#a	b	m	n	R	ip	err	k	rhoa
1	2	4	3	105.864	-7.28	0.0200101	19.4897	2063.26
2	3	5	4	110.477	-6.71	0.0200093	19.5546	2160.33
3	4	6	5	93.266	-6.28	0.0200111	19.7817	1844.96
4	5	7	6	57.401	-11.4	0.0200174	18.8222	1080.41
5	6	8	7	40.765	-10.08	0.0200222	17.7253	722.57
6	7	9	8	35.715	-6.71	0.0200283	19.572	699.012
7	8	10	9	96.857	-8.78	0.020011	19.2949	1868.85
8	9	11	10	92.844	-6.43	0.0200117	18.988	1762.92
9	10	12	11	95.74	-9.08	0.0200114	19.1462	1833.06
10	11	13	12	95.01	-7.22	0.0200118	18.7237	1778.94
11	12	14	13	127.477	-7.45	0.0200094	18.8301	2400.4
12	13	15	14	82.883	-6.03	0.0200121	20.0586	1662.52
13	14	16	15	117.237	-8.67	0.0200093	18.2025	2134
14	15	17	16	102.89	-9.33	0.0200117	19.6545	2022.25
15	16	18	17	132.2	-9.41	0.0200084	18.3828	2430.21
16	17	19	18	142.113	-7.66	0.0200091	18.8286	2675.79
17	18	20	19	124.716	-7.6	0.0200097	20.2701	2528.01
18	19	21	20	117.977	-7.27	0.0200107	18.3173	2161.03
19	20	22	21	125.227	-8.27	0.0200096	17.2824	2164.22
20	21	23	22	80.736	-8.42	0.020015	18.9626	1530.97
21	22	24	23	111.727	-8.53	0.0200114	21.2428	2373.39
22	23	25	24	82.502	-7.88	0.020015	19.6516	1621.3
23	24	26	25	128.91	-9.53	0.0200103	18.6559	2404.93
24	25	27	26	108.24	-7.5	0.0200113	18.4255	1994.37
25	26	28	27	168.214	-11.02	0.0200085	18.8423	3169.54
26	27	29	28	126.993	-9.04	0.0200107	19.9828	2537.68
27	28	30	29	133	-11.3	0.0200098	19.3933	2579.31
28	29	31	30	116.913	-9.17	0.0200109	18.3405	2144.25
29	30	32	31	98.469	-9.49	0.0200119	19.9388	1963.36
30	31	33	32	83.482	-8.74	0.020013	18.0592	1507.62
31	32	34	33	76.521	-7.41	0.0200147	18.8302	1440.9
32	33	35	34	65.156	-6.04	0.0200171	20.0747	1307.99
33	34	36	35	92.74	-10.02	0.0200121	18.3368	1700.56
34	35	37	36	99.48	-9.77	0.0200134	19.1405	1904.1
35	36	38	37	59.026	-10.05	0.020021	19.8855	1173.76
36	37	39	38	64.443	-10.88	0.0200187	19.2432	1240.09
37	38	40	39	76.59	-10.06	0.0200164	19.4282	1488.01
38	39	41	40	65.506	-7.7	0.0200184	19.0734	1249.42
39	40	42	41	55.748	-9.67	0.0200203	18.9059	1053.97
40	41	43	42	52.882	-6.62	0.0200201	19.6492	1039.09
41	42	44	43	42.367	-7.27	0.0200262	19.3419	819.457
42	43	45	44	44.06	-5.87	0.0200256	18.8629	831.099
43	44	46	45	43.592	-7.1	0.0200256	18.9774	827.263
44	45	47	46	34.496	-6.5	0.0200258	20.4911	706.863
45	46	48	47	29.81	-2.86	0.0200328	18.4756	550.759
46	47	49	48	31.791	-11.06	0.0200284	18.8189	598.27
47	48	50	49	38.099	-7.78	0.0200231	19.4429	740.757
1	3	7	5	29.764	-6.84	0.0200302	41.2338	1227.28
2	4	8	6	27.5	-10.38	0.020034	39.6893	1091.46
3	5	9	7	41.81	-7.05	0.0200232	35.2313	1473.02
4	6	10	8	46.098	-5.13	0.0200213	35.295	1627.03
5	7	11	9	30.893	-8.3	0.0200316	38.1621	1178.94
6	8	12	10	38.793	-9.13	0.0200244	38.2234	1482.8
7	9	13	11	46.23	-7.37	0.0200201	37.8021	1747.59
8	10	14	12	44.451	-8.21	0.0200215	37.0855	1648.49
9	11	15	13	43.293	-8.79	0.0200232	36.7558	1591.27
10	12	16	14	39.732	-8.71	0.0200244	38.5365	1531.13
11	13	17	15	31.828	-7.9	0.0200277	38.0366	1210.63
12	14	18	16	35.278	-8.07	0.0200273	36.8378	1299.57
13	15	19	17	35.548	-8.23	0.020026	38.1369	1355.69
14	16	20	18	42.882	-8.14	0.0200223	38.0523	1631.76
15	17	21	19	31.07	-7.36	0.0200309	41.3243	1283.94
16	18	22	20	33.771	-7.87	0.0200284	38.4701	1299.17
17	19	23	21	33.235	-7.65	0.0200308	31.689	1053.19
18	20	24	22	23.093	-8.78	0.0200411	32.247	744.681
19	21	25	23	25.623	-8.65	0.0200383	41.8975	1073.54
20	22	26	24	29.857	-8.65	0.020034	45.4705	1357.61
21	23	27	25	27.369	-9.01	0.0200364	40.1251	1098.18
22	24	28	26	31.373	-9.38	0.0200307	35.2891	1107.12
23	25	29	27	39.591	-10.64	0.0200255	35.268	1396.3
24	26	30	28	44.205	-9.79	0.0200243	39.0676	1726.98
25	27	31	29	44.439	-8.49	0.0200233	41.0141	1822.63
26	28	32	30	38.902	-9.39	0.0200265	38.2639	1488.54
27	29	33	31	35.906	-10.65	0.0200273	37.9982	1364.36
28	30	34	32	31.197	-10.31	0.0200283	37.107	1157.63
29	31	35	33	27.602	-8.52	0.0200344	35.1079	969.049
30	32	36	34	23.459	-6.45	0.0200447	37.7517	885.617
31	33	37	35	24.502	-8.32	0.0200387	37.741	924.729
32	34	38	36	27.893	-10.94	0.0200333	36.6457	1022.16
33	35	39	37	23.128	-10.68	0.0200422	39.1332	905.072
34	36	40	38	18.51	-10.64	0.0200505	40.1907	743.931
35	37	41	39	15.236	-10.25	0.0200576	38.9924	594.088
36	38	42	40	13.615	-9.85	0.0200666	37.6275	512.298
37	39	43	41	11.253	-8.24	0.0200773	36.8525	414.701
38	40	44	42	10.772	-7.42	0.0200735	38.3305	412.896
39	41	45	43	9.01	-8.74	0.0200932	38.8612	350.14
40	42	46	44	9.267	-8.07	0.0200944	36.9847	342.737
41	43	47	45	10.267	-7.34	0.020084	36.7617	377.432
42	44	48	46	7.822	-7.33	0.0201032	39.729	310.76
43	45	49	47	6.89	-6.81	0.0201252	38.079	262.364
44	46	50	48	8.476	-2.1	0.0201085	34.5299	292.676
1	4	10	7	25.34	-9.82	0.0200371	57.7962	1464.56
2	5	11	8	34.795	-7.14	0.0200281	53.8762	1874.62
3	6	12	9	31.694	-7.73	0.0200304	53.9967	1711.37
4	7	13	10	20.335	-8.54	0.020045	56.3676	1146.23
5	8	14	11	22.167	-9.3	0.0200401	56.9222	1261.79
6	9	15	12	21.178	-7.94	0.020041	56.1564	1189.28
7	10	16	13	21.999	-9.37	0.0200413	55.0871	1211.86
8	11	17	14	17.744	-9.67	0.0200506	56.3143	999.241
9	12	18	15	17.245	-10.06	0.0200523	57.0185	983.284
10	13	19	16	13.317	-8.24	0.0200652	58.2143	775.239
11	14	20	17	14.056	-7.48	0.0200605	58.0274	815.632
12	15	21	18	12.92	-6.91	0.0200668	60.4744	781.329
13	16	22	19	11.578	-6.84	0.0200714	61.0698	707.066
14	17	23	20	10.387	-6.54	0.0200816	56.9715	591.763
15	18	24	21	10.938	-7.09	0.020078	49.6	542.525
16	19	25	22	8.363	-8.04	0.0201045	46.861	391.898
17	20	26	23	8.651	-9.35	0.020099	54.564	472.033
18	21	27	24	8.242	-9.25	0.0201048	65.391	538.953
19	22	28	25	10.236	-10.17	0.0200868	67.141	687.255
20	23	29	26	9.032	-10.75	0.0200926	58.6019	529.293
21	24	30	27	12.579	-12.37	0.0200687	53.5354	673.422
22	25	31	28	13.406	-10.75	0.0200646	55.1082	738.781
23	26	32	29	15.987	-9.51	0.0200556	59.7876	955.825
24	27	33	30	14.271	-7.94	0.0200617	60.6365	865.343
25	28	34	31	13.903	-11.42	0.0200624	58.768	817.052
26	29	35	32	13.604	-10.6	0.0200625	55.0542	748.958
27	30	36	33	13.603	-9.54	0.0200645	53.5402	728.307
28	31	37	34	12.179	-10.34	0.0200789	53.0561	646.17
29	32	38	35	11.232	-8.67	0.0200839	54.3529	610.492
30	33	39	36	9.881	-9.36	0.0200891	55.8306	551.662
31	34	40	37	9.041	-10.95	0.0200915	57.8556	523.072
32	35	41	38	8.83	-10.43	0.0200966	60.4598	533.86
33	36	42	39	6.792	-10.07	0.0201229	60.6308	411.805
34	37	43	40	5.206	-9.63	0.0201587	58.4853	304.475
35	38	44	41	4.447	-9.21	0.0201882	56.8277	252.713
36	39	45	42	4.156	-7.9	0.0201945	56.9204	236.561
37	40	46	43	3.872	-8.33	0.0202146	56.966	220.573
38	41	47	44	4.016	-7.46	0.0202107	56.6627	227.558
39	42	48	45	4.185	-7.89	0.0202044	56.0763	234.679
40	43	49	46	4.125	-7	0.0202035	57.6134	237.655
41	44	50	47	4.279	-7.52	0.0202136	56.3017	240.915
1	5	13	9	21.944	-9.99	0.0200436	73.8986	1621.63
2	6	14	10	18.308	-10.19	0.0200499	72.1833	1321.53
3	7	15	11	13.437	-10.05	0.0200669	74.3204	998.644
4	8	16	12	12.321	-10.89	0.0200699	73.7078	908.154
5	9	17	13	11.701	-10.46	0.0200743	73.5541	860.657
6	10	18	14	10.172	-12.13	0.0200855	75.4482	767.459
7	11	19	15	9.371	-11.35	0.0200942	75.1184	703.935
8	12	20	16	8.407	-11.07	0.0201084	78.7812	662.314
9	13	21	17	6.753	-9.65	0.0201242	81.5985	551.035
10	14	22	18	6.614	-8.84	0.0201308	80.8826	534.957
11	15	23	19	5.097	-8.01	0.0201645	81.7902	416.885
12	16	24	20	5.176	-7.24	0.0201574	75.0927	388.68
13	17	25	21	4.906	-6.71	0.0201726	68.3166	335.161
14	18	26	22	4.293	-7.14	0.0201952	65.6202	281.708
15	19	27	23	4.5	-7.07	0.0201935	69.1392	311.126
16	20	28	24	4.288	-8.54	0.0202012	77.1256	330.715
17	21	29	25	4.535	-9.56	0.0201914	85.0274	385.599
18	22	30	26	5.136	-10.27	0.0201665	84.7281	435.163
19	23	31	27	5.619	-10.88	0.0201525	78.125	438.984
20	24	32	28	6.416	-11.59	0.0201326	75.9829	487.506
21	25	33	29	7.01	-10.14	0.0201177	76.8966	539.045
22	26	34	30	7.18	-8.66	0.0201178	77.2532	554.678
23	27	35	31	7.022	-7.95	0.0201196	79.2451	556.459
24	28	36	32	7.437	-10.22	0.0201138	74.6808	555.401
25	29	37	33	8.03	-8.86	0.0201121	70.5189	566.267
26	30	38	34	8.062	-8.04	0.0201171	70.6124	569.277
27	31	39	35	7.773	-8.23	0.0201207	68.644	533.57
28	32	40	36	6.707	-10.01	0.020139	72.0684	483.362
29	33	41	37	5.687	-8.65	0.0201568	76.7449	436.448
30	34	42	38	5.326	-8.47	0.0201585	78.539	418.299
31	35	43	39	4.661	-8.49	0.0201851	81.7644	381.104
32	36	44	40	3.708	-7.33	0.020235	81.0234	300.435
33	37	45	41	3.134	-7.84	0.02028	78.2501	245.236
34	38	46	42	2.934	-7.61	0.0203032	77.2606	226.683
35	39	47	43	2.687	-7.05	0.0203336	75.9677	204.125
36	40	48	44	2.748	-7.45	0.0203228	75.1232	206.439
37	41	49	45	2.917	-7.12	0.0203077	74.9336	218.581
38	42	50	46	3.013	-7.44	0.0202976	75.6545	227.947
1	6	16	11	11.443	-10.43	0.0200786	90.9501	1040.74
2	7	17	12	7.941	-10.27	0.020111	91.3193	725.167
3	8	18	13	7.546	-11.33	0.0201167	90.9858	686.579
4	9	19	14	6.508	-10.72	0.0201322	92.9138	604.683
5	10	20	15	6.029	-11.2	0.0201462	95.1741	573.805
6	11	21	16	5.07	-11.28	0.0201796	99.3029	503.466
7	12	22	17	4.851	-9.97	0.0201845	102.106	495.314
8	13	23	18	4.004	-8.97	0.0202211	102.067	408.677
9	14	24	19	3.487	-8.16	0.0202541	100.554	350.631
10	15	25	20	3.226	-7.26	0.0202725	96.4365	311.104
11	16	26	21	3.386	-6.47	0.0202573	87.8534	297.471
12	17	27	22	2.972	-5.75	0.0203008	84.6929	251.707
13	18	28	23	3.215	-6.5	0.0202779	87.7199	282.019
14	19	29	24	3.318	-7.82	0.0202782	91.2105	302.636
15	20	30	25	3.455	-9.25	0.0202655	96.862	334.658
16	21	31	26	3.465	-9.63	0.0202608	102.703	355.866
17	22	32	27	4.19	-10.83	0.0202169	103.597	434.069
18	23	33	28	4.206	-10.43	0.0202141	100.241	421.612
19	24	34	29	4.569	-10.81	0.020189	97.8299	446.985
20	25	35	30	4.621	-10.21	0.0201877	95.8382	442.868
21	26	36	31	4.904	-9.29	0.0201787	95.9768	470.67
22	27	37	32	4.903	-8.25	0.0201763	92.2896	452.496
23	28	38	33	5.541	-9.97	0.0201646	87.7721	486.345
24	29	39	34	5.94	-7.9	0.0201632	86.655	514.731
25	30	40	35	6.054	-7.66	0.0201557	86.3045	522.487
26	31	41	36	5.583	-7.78	0.02017	86.2267	481.404
27	32	42	37	5.019	-7.51	0.0201912	91.522	459.349
28	33	43	38	4.439	-8.97	0.0202076	96.7846	429.627
29	34	44	39	3.814	-7.76	0.0202331	99.467	379.367
30	35	45	40	3.257	-6.64	0.0202813	101.543	330.724
31	36	46	41	2.839	-6.85	0.0203268	100.96	286.627
32	37	47	42	2.577	-6.72	0.0203535	99.18	255.587
33	38	48	43	2.391	-7.42	0.0203915	97.0582	232.066
34	39	49	44	2.421	-6.39	0.0203874	94.2798	228.251
35	40	50	45	2.548	-6.83	0.020364	92.6496	236.071
1	7	19	13	5.133	-10.7	0.0201758	109.803	563.618
2	8	20	14	4.498	-11.43	0.020196	112.174	504.559
3	9	21	15	4.199	-9.95	0.0202104	114.14	479.274
4	10	22	16	3.782	-10.38	0.0202429	118.388	447.742
5	11	23	17	3.322	-9.39	0.020273	119.94	398.44
6	12	24	18	3.127	-10.63	0.0202992	121.523	380.002
7	13	25	19	2.646	-8.02	0.0203455	122.506	324.15
8	14	26	20	2.714	-7.12	0.0203431	116.378	315.849
9	15	27	21	2.643	-7.18	0.020354	109.3	288.879
10	16	28	22	2.635	-7.03	0.0203536	103.913	273.81
11	17	29	23	2.78	-6.95	0.0203409	107.319	298.348
12	18	30	24	2.911	-7.91	0.0203234	110.583	321.906
13	19	31	25	3.133	-8.08	0.0203077	111.06	347.951
14	20	32	26	3.07	-9.6	0.0203084	114.94	352.867
15	21	33	27	3.288	-10.11	0.0202855	121.677	400.074
16	22	34	28	3.566	-9.96	0.020262	125.192	446.436
17	23	35	29	3.62	-10.02	0.0202546	120.756	437.135
18	24	36	30	3.714	-11.16	0.0202465	114.963	426.974
19	25	37	31	3.728	-10.59	0.0202407	113.869	424.503
20	26	38	32	3.956	-10.3	0.0202293	110.363	436.596
21	27	39	33	4.228	-8.54	0.0202197	105.86	447.578
22	28	40	34	4.609	-9.98	0.0202098	102.687	473.283
23	29	41	35	4.795	-8.04	0.020201	100.997	484.28
24	30	42	36	4.691	-6.88	0.0202038	103.048	483.397
25	31	43	37	4.508	-7.15	0.0202148	105.801	476.952
26	32	44	38	4.149	-6.3	0.0202328	111.604	463.046
27	33	45	39	3.573	-6.9	0.020266	116.483	416.195
28	34	46	40	3.114	-8.26	0.0203002	118.043	367.587
29	35	47	41	2.815	-6.23	0.0203353	120.973	340.54
30	36	48	42	2.574	-6.04	0.0203675	121.89	313.744
31	37	49	43	2.36	-6.62	0.0204026	119.067	280.997
32	38	50	44	2.372	-6.89	0.0204002	114.655	271.961
1	8	22	15	3.083	-10.1	0.0202933	134.704	415.291
2	9	23	16	2.826	-9.1	0.0203261	135.992	384.314
3	10	24	17	2.71	-8.95	0.0203412	137.37	372.273
4	11	25	18	2.516	-8.49	0.0203775	139.067	349.893
5	12	26	19	2.366	-9.04	0.0204026	142.931	338.174
6	13	27	20	2.24	-8.59	0.0204239	139.105	311.596
7	14	28	21	2.442	-8.25	0.0203975	128.68	314.237
8	15	29	22	2.44	-7.88	0.0203992	125.188	305.46
9	16	30	23	2.694	-8.59	0.0203587	127.328	343.021
10	17	31	24	2.759	-8.35	0.020355	130.657	360.484
11	18	32	25	2.853	-9.23	0.0203403	131.539	375.282
12	19	33	26	2.881	-7.7	0.0203344	129.772	373.873
13	20	34	27	3.036	-9.67	0.0203166	133.284	404.649
14	21	35	28	3.042	-9.37	0.0203139	142.718	434.147
15	22	36	29	3.262	-10.32	0.0202907	144.837	472.459
16	23	37	30	3.141	-9.65	0.0203031	136.707	429.398
17	24	38	31	3.202	-10.78	0.0202914	131.396	420.731
18	25	39	32	3.276	-10.99	0.0202817	126.751	415.237
19	26	40	33	3.542	-9.69	0.0202675	124.455	440.818
20	27	41	34	3.665	-9.64	0.0202646	122.761	449.92
21	28	42	35	3.873	-10.58	0.0202492	117.574	455.364
22	29	43	36	3.889	-8.51	0.0202497	116.624	453.549
23	30	44	37	3.925	-7.48	0.0202463	121.494	476.864
24	31	45	38	3.784	-7.12	0.0202566	125.238	473.9
25	32	46	39	3.458	-6.4	0.0202834	130.99	452.962
26	33	47	40	3.062	-6.06	0.0203153	135.116	413.725
27	34	48	41	2.84	-5.95	0.0203352	136.885	388.754
28	35	49	42	2.702	-7.37	0.0203555	140.633	379.991
29	36	50	43	2.574	-6.43	0.0203757	140.095	360.604
1	9	25	17	2.18	-7.95	0.0204241	157.1	342.477
2	10	26	18	2.211	-7.87	0.0204357	158.611	350.688
3	11	27	19	2.083	-7.64	0.0204684	160.594	334.517
4	12	28	20	2.194	-9.45	0.0204484	157.745	346.093
5	13	29	21	2.227	-9.38	0.0204399	150.74	335.699
6	14	30	22	2.346	-9.02	0.0204214	145.697	341.806
7	15	31	23	2.549	-8.53	0.0203883	149.216	380.352
8	16	32	24	2.709	-8.9	0.0203635	151.359	410.033
9	17	33	25	2.73	-10.53	0.0203634	152.243	415.623
10	18	34	26	2.703	-10.06	0.0203595	149.8	404.909
11	19	35	27	2.889	-10.37	0.0203389	148.411	428.761
12	20	36	28	2.874	-9.59	0.0203357	153.909	442.334
13	21	37	29	2.851	-9.15	0.020336	161.031	459.098
14	22	38	30	2.871	-8.55	0.0203369	159.976	459.292
15	23	39	31	2.822	-10.04	0.020339	152.711	430.951
16	24	40	32	2.884	-10.99	0.0203273	144.436	416.553
17	25	41	33	2.985	-11.33	0.0203189	140.025	417.976
18	26	42	34	3.119	-10.55	0.020315	139.751	435.882
19	27	43	35	3.12	-9.27	0.0203076	138	430.559
20	28	44	36	3.22	-10.41	0.0203009	135.418	436.046
21	29	45	37	3.332	-8.82	0.0202949	135.859	452.682
22	30	46	38	3.378	-7.5	0.0202874	139.264	470.435
23	31	47	39	3.213	-6.49	0.020303	143.314	460.466
24	32	48	40	3	-6.15	0.020328	149.536	448.609
25	33	49	41	2.842	-5.63	0.0203435	153.712	436.85
26	34	50	42	2.826	-5.28	0.0203396	155.432	439.25
1	10	28	19	1.914	-8.41	0.0205107	180.875	346.195
2	11	29	20	2.047	-8.89	0.0204861	175.971	360.214
3	12	30	21	2.254	-10.56	0.0204468	169.81	382.751
4	13	31	22	2.275	-10.73	0.0204392	167.111	380.179
5	14	32	23	2.45	-11.15	0.02041	170.261	417.14
6	15	33	24	2.499	-11.05	0.0203997	174.609	436.349
7	16	34	25	2.658	-9.97	0.0203724	172.544	458.622
8	17	35	26	2.654	-12.13	0.020375	170.22	451.764
9	18	36	27	2.766	-9.89	0.020356	168.125	465.034
10	19	37	28	2.748	-9.43	0.0203584	167.989	461.633
11	20	38	29	2.67	-9	0.0203646	172.25	459.908
12	21	39	30	2.552	-8.97	0.0203798	176.198	449.658
13	22	40	31	2.611	-9.46	0.0203706	175.995	459.524
14	23	41	32	2.553	-9.68	0.0203761	165.811	423.315
15	24	42	33	2.644	-10.33	0.0203666	157.216	415.679
16	25	43	34	2.65	-11.26	0.0203704	155.262	411.444
17	26	44	35	2.69	-11.49	0.0203623	154.31	415.093
18	27	45	36	2.649	-10.1	0.0203676	154.52	409.324
19	28	46	37	2.808	-10.18	0.0203486	154.656	434.274
20	29	47	38	2.915	-8.56	0.0203361	155.79	454.127
21	30	48	39	2.913	-8.12	0.0203351	158.685	462.25
22	31	49	40	2.849	-7.3	0.0203452	160.163	456.304
23	32	50	41	2.857	-6.14	0.0203466	165.661	473.294
1	11	31	21	2.109	-9.67	0.0204764	189.593	399.852
2	12	32	22	2.248	-11.23	0.0204521	187.528	421.563
3	13	33	23	2.341	-12.07	0.0204305	192.342	450.274
4	14	34	24	2.468	-11.26	0.0204065	194.305	479.545
5	15	35	25	2.499	-11.73	0.020401	195.393	488.286
6	16	36	26	2.561	-10.28	0.0203848	190.719	488.433
7	17	37	27	2.65	-9.54	0.0203762	187.584	497.097
8	18	38	28	2.631	-9.96	0.0203765	187.146	492.381
9	19	39	29	2.587	-10.2	0.020382	186.206	481.714
10	20	40	30	2.417	-9.78	0.020407	187.721	453.722
11	21	41	31	2.316	-9.73	0.02042	192.999	446.986
12	22	42	32	2.351	-9.37	0.020411	188.788	443.84
13	23	43	33	2.364	-9.6	0.0204144	178.473	421.91
14	24	44	34	2.37	-10.99	0.0204174	172.763	409.449
15	25	45	35	2.322	-11.77	0.0204198	169.495	393.567
16	26	46	36	2.316	-11.38	0.0204248	170.269	394.344
17	27	47	37	2.354	-10.38	0.0204146	172.962	407.153
18	28	48	38	2.488	-10.49	0.0203917	173.71	432.19
19	29	49	39	2.55	-8.28	0.0203846	175.075	446.44
20	30	50	40	2.66	-8.66	0.0203694	176.717	470.067
1	12	34	23	2.269	-11.74	0.0204472	213.692	484.867
2	13	35	24	2.342	-12.77	0.0204308	217.109	508.468
3	14	36	25	2.499	-11.94	0.020401	214.653	536.419
4	15	37	26	2.44	-12.82	0.0204102	211.559	516.203
5	16	38	27	2.539	-11.71	0.0203931	207.339	526.433
6	17	39	28	2.49	-11.1	0.0204018	207.001	515.433
7	18	40	29	2.455	-9.07	0.0204014	205.543	504.609
8	19	41	30	2.347	-9.88	0.0204241	201.878	473.807
9	20	42	31	2.201	-10.01	0.0204476	204.259	449.575
10	21	43	32	2.118	-9.82	0.02046	205.739	435.755
11	22	44	33	2.172	-8.84	0.0204541	202.234	439.252
12	23	45	34	2.127	-9.83	0.0204695	194.068	412.782
13	24	46	35	2.122	-10.74	0.0204647	186.496	395.744
14	25	47	36	2.034	-12.54	0.0204812	185.594	377.498
15	26	48	37	2.081	-10.87	0.0204735	188.783	392.858
16	27	49	38	2.116	-11.01	0.0204608	191.377	404.953
17	28	50	39	2.245	-11.5	0.0204352	191.099	429.017
1	13	37	25	2.295	-14.46	0.0204415	237.737	545.608
2	14	38	26	2.367	-12.86	0.0204264	231.108	547.032
3	15	39	27	2.436	-12.8	0.0204136	227.978	555.354
4	16	40	28	2.435	-11.71	0.0204105	225.972	550.243
5	17	41	29	2.327	-10.33	0.0204272	225.322	524.324
6	18	42	30	2.178	-10.98	0.0204507	221.427	482.267
7	19	43	31	2.122	-9.67	0.0204653	218.421	463.488
8	20	44	32	2.03	-10.44	0.0204883	217.429	441.38
9	21	45	33	1.977	-10.33	0.0205013	219.063	433.087
10	22	46	34	1.986	-10.51	0.0205061	217.198	431.355
11	23	47	35	1.914	-10.44	0.0205176	208.463	398.999
12	24	48	36	1.862	-4.04	0.0205288	203.133	378.233
13	25	49	37	1.869	-11.37	0.020526	203.533	380.403
14	26	50	38	1.913	-11.58	0.0205147	206.244	394.544
1	14	40	27	2.324	-14.1	0.0204363	248.951	578.563
2	15	41	28	2.301	-11.03	0.020438	247.587	569.697
3	16	42	29	2.258	-11.46	0.0204411	243.914	550.757
4	17	43	30	2.115	-10.67	0.020473	240.204	508.032
5	18	44	31	1.989	-9.55	0.020497	238.065	473.512
6	19	45	32	1.921	-11.45	0.0205152	232.022	445.714
7	20	46	33	1.894	-10.29	0.0205271	230.3	436.188
8	21	47	34	1.836	-9.71	0.0205485	234.131	429.865
9	22	48	35	1.811	-10.69	0.0205513	231.905	419.979
10	23	49	36	1.715	-11.69	0.0205814	224.553	385.109
11	24	50	37	1.744	-12.21	0.0205675	220.749	384.986
1	15	43	29	2.112	-10.9	0.0204737	266.703	563.277
2	16	44	30	2.037	-11.35	0.0204907	259.916	529.45
3	17	45	31	1.925	-10.25	0.0205184	256.644	494.039
4	18	46	32	1.857	-9.75	0.0205336	250.148	464.525
5	19	47	33	1.814	-10.39	0.020554	244.885	444.222
6	20	48	34	1.739	-10.42	0.0205828	246.276	428.274
7	21	49	35	1.686	-11.1	0.0205931	248.223	418.505
8	22	50	36	1.655	-10.92	0.0206075	246.983	408.758
1	16	46	31	1.854	-10.47	0.0205376	276.929	513.426
2	17	47	32	1.795	-11.71	0.0205568	269.624	483.975
3	18	48	33	1.749	-9.37	0.0205747	263.331	460.566
4	19	49	34	1.709	-10.12	0.0205942	259.391	443.299
5	20	50	35	1.63	-11.17	0.0206169	259.268	422.607
1	17	49	33	1.685	-3.14	0.0205977	283.287	477.338
2	18	50	34	1.658	-10.17	0.0206083	277.611	460.279
1	4	2	3	285.589	-7.29	0.0200035	6.22047	1776.5
2	5	3	4	268.754	-6.78	0.0200038	6.36444	1710.47
3	6	4	5	245.469	-7.44	0.020004	6.22273	1527.49
4	7	5	6	200.156	-6.26	0.0200049	6.2405	1249.07
5	8	6	7	136.07	-9.91	0.0200072	6.47375	880.884
6	9	7	8	208.066	-8.53	0.0200047	6.16209	1282.12
7	10	8	9	210.061	-5.9	0.0200048	6.31557	1326.66
8	11	9	10	266.594	-8.47	0.0200039	6.36299	1696.34
9	12	10	11	261.823	-6.78	0.0200041	6.26265	1639.71
10	13	11	12	302.17	-7.6	0.0200036	6.36241	1922.53
11	14	12	13	243.077	-6.28	0.0200042	6.41176	1558.55
12	15	13	14	319.656	-7.48	0.0200035	6.13026	1959.58
13	16	14	15	252.197	-7.3	0.0200042	6.56574	1655.86
14	17	15	16	318.9	-8.28	0.0200033	6.12866	1954.43
15	18	16	17	304.463	-7.82	0.0200039	6.39002	1945.53
16	19	17	18	318.77	-7.94	0.0200035	6.36016	2027.43
17	20	18	19	329.927	-7.23	0.0200036	6.037	1991.77
18	21	19	20	298.813	-7.85	0.0200039	6.27517	1875.1
19	22	20	21	252.033	-7.22	0.0200046	6.49955	1638.1
20	23	21	22	297.461	-8.04	0.020004	6.36039	1891.97
21	24	22	23	207.963	-7.68	0.0200056	6.15538	1280.09
22	25	23	24	295.037	-8.76	0.0200042	6.42789	1896.47
23	26	24	25	253.193	-7.35	0.0200046	6.40438	1621.54
24	27	25	26	363.674	-9.95	0.0200036	6.40509	2329.36
25	28	26	27	300.873	-7.97	0.020004	6.41941	1931.43
26	29	27	28	372.243	-11.09	0.0200034	6.2526	2327.49
27	30	28	29	315.184	-9.19	0.0200039	6.3265	1994.01
28	31	29	30	300.674	-9.85	0.0200039	6.53592	1965.18
29	32	30	31	260.96	-8.23	0.0200044	6.06013	1581.45
30	33	31	32	229.119	-7.51	0.0200049	6.47702	1484.01
31	34	32	33	198.727	-7.27	0.0200052	6.35732	1263.37
32	35	33	34	221.474	-8.05	0.0200048	6.12946	1357.52
33	36	34	35	208.514	-7.81	0.0200057	6.52476	1360.5
34	37	35	36	191.147	-9.45	0.0200058	6.37449	1218.46
35	38	36	37	205.044	-9.55	0.0200058	6.31329	1294.5
36	39	37	38	170.371	-9.44	0.0200069	6.46837	1102.02
37	40	38	39	159.424	-8.07	0.0200071	6.36957	1015.46
38	41	39	40	159.144	-8.92	0.0200071	6.41207	1020.44
39	42	40	41	141.807	-6.29	0.0200077	6.44217	913.545
40	43	41	42	119	-7.78	0.020009	6.30319	750.08
41	44	42	43	118.967	-5.56	0.0200087	6.37092	757.929
42	45	43	44	103.567	-6.47	0.0200102	6.43922	666.891
43	46	44	45	95.945	-6.32	0.0200103	6.46334	620.125
44	47	45	46	94.131	-6.36	0.0200108	6.12783	576.819
45	48	46	47	83.975	-0.63	0.0200105	6.54819	549.884
46	49	47	48	83.819	-5.93	0.0200108	6.42162	538.254
47	50	48	49	89.927	-0.62	0.0200097	6.37116	572.939
1	7	3	5	111.663	-7.55	0.0200085	11.5819	1293.27
2	8	4	6	107.013	-5.94	0.0200087	12.0774	1292.43
3	9	5	7	76.913	-8.27	0.020012	13.0035	1000.14
4	10	6	8	82.579	-10.14	0.0200112	12.9783	1071.73
5	11	7	9	110.467	-7.58	0.0200084	12.3107	1359.92
6	12	8	10	117.27	-7.13	0.0200082	12.2425	1435.68
7	13	9	11	101.9	-8.83	0.0200096	12.4866	1272.38
8	14	10	12	102.8	-8.93	0.0200092	12.7568	1311.4
9	15	11	13	97.306	-8	0.0200093	12.7349	1239.18
10	16	12	14	98.2	-8.24	0.0200096	12.3809	1215.81
11	17	13	15	95.796	-8.46	0.0200099	12.4908	1196.57
12	18	14	16	98.125	-8.59	0.0200096	12.6053	1236.9
13	19	15	17	77.177	-8.07	0.0200118	12.7217	981.823
14	20	16	18	81.786	-8.19	0.0200116	12.3311	1008.51
15	21	17	19	80.655	-7.63	0.0200118	11.7593	948.45
16	22	18	20	77.419	-8.07	0.0200122	12.1087	937.446
17	23	19	21	66.595	-7.76	0.0200143	14.1624	943.146
18	24	20	22	74.674	-8.17	0.0200129	13.9538	1041.99
19	25	21	23	71.696	-8.68	0.0200137	11.8575	850.137
20	26	22	24	65.51	-9.43	0.0200143	11.2	733.714
21	27	23	25	77.311	-9.58	0.0200126	12.4212	960.297
22	28	24	26	86.521	-9.66	0.0200118	13.5989	1176.59
23	29	25	27	84.155	-8.55	0.0200118	13.5135	1137.23
24	30	26	28	83.618	-9.22	0.0200117	12.4098	1037.68
25	31	27	29	90.243	-10.45	0.0200109	12.1384	1095.41
26	32	28	30	90.839	-9.7	0.0200107	12.557	1140.67
27	33	29	31	87.561	-8.13	0.0200112	12.5457	1098.52
28	34	30	32	76.594	-8.83	0.0200132	12.7424	975.989
29	35	31	33	72.998	-9.33	0.020013	12.9199	943.129
30	36	32	34	71.815	-9.8	0.0200124	12.5295	899.803
31	37	33	35	63.734	-9.29	0.0200148	12.4947	796.336
32	38	34	36	54.325	-8.41	0.0200181	12.9045	701.036
33	39	35	37	51.371	-8.7	0.0200179	12.547	644.553
34	40	36	38	52.083	-9.93	0.0200177	12.2802	639.589
35	41	37	39	44.307	-9.13	0.0200211	12.5535	556.207
36	42	38	40	39.394	-8.55	0.0200223	12.9058	508.413
37	43	39	41	33.83	-8.33	0.0200259	12.9418	437.821
38	44	40	42	31.527	-7.82	0.0200286	12.5819	396.67
39	45	41	43	30.173	-6.97	0.0200293	12.4052	374.303
40	46	42	44	27.326	-6.67	0.0200307	12.9353	353.47
41	47	43	45	24.72	-7.2	0.0200358	12.8271	317.087
42	48	44	46	27.651	-4.52	0.0200332	12.1253	335.277
43	49	45	47	29.146	-5.44	0.0200304	12.4949	364.176
44	50	46	48	25.179	-6.42	0.0200339	13.3814	336.931
1	10	4	7	44.256	-8.05	0.0200202	18.2539	807.843
2	11	5	8	42.971	-9.11	0.0200204	19.2813	828.535
3	12	6	9	43.886	-8.68	0.02002	19.3421	848.848
4	13	7	10	56.592	-8.76	0.0200164	18.8392	1066.15
5	14	8	11	62.555	-7.74	0.0200151	18.6299	1165.4
6	15	9	12	59.796	-8.68	0.0200158	18.8111	1124.83
7	16	10	13	43.926	-8.58	0.0200205	19.1915	843.005
8	17	11	14	46.99	-8.6	0.0200188	18.9689	891.35
9	18	12	15	43.328	-7.86	0.0200202	18.898	818.813
10	19	13	16	41.604	-8.84	0.0200213	18.6667	776.608
11	20	14	17	35.504	-8.84	0.0200249	18.574	659.45
12	21	15	18	35.448	-8.79	0.0200251	17.8522	632.825
13	22	16	19	28.688	-7.68	0.0200309	17.7061	507.952
14	23	17	20	29.265	-7.55	0.0200297	18.9474	554.496
15	24	18	21	27.648	-7.38	0.0200319	20.888	577.512
16	25	19	22	28.199	-8.19	0.0200309	21.3644	602.454
17	26	20	23	25.937	-7.95	0.0200332	19.3893	502.901
18	27	21	24	30.331	-9.07	0.0200288	17.3717	526.901
19	28	22	25	28.587	-8.84	0.0200308	17.0003	485.988
20	29	23	26	32.165	-8.42	0.0200277	18.6486	599.833
21	30	24	27	30.346	-6.88	0.0200294	20.0685	608.998
22	31	25	28	32.864	-8.48	0.0200274	19.9288	654.939
23	32	26	29	31.698	-8.35	0.0200277	18.6182	590.16
24	33	27	30	35.905	-9	0.0200249	18.0841	649.309
25	34	28	31	35.301	-8.27	0.0200262	18.3878	649.109
26	35	29	32	36.423	-7.89	0.0200254	19.2589	701.467
27	36	30	33	32.472	-7.12	0.0200276	19.5854	635.977
28	37	31	34	30.695	-9.61	0.0200283	19.6619	603.523
29	38	32	35	30.17	-9.39	0.0200289	19.4398	586.5
30	39	33	36	28.322	-8.2	0.0200313	19.0925	540.737
31	40	34	37	25.569	-7.26	0.0200366	18.5886	475.291
32	41	35	38	23.81	-7	0.0200391	18.3159	436.102
33	42	36	39	22.202	-7.12	0.0200404	18.4331	409.252
34	43	37	40	20.976	-7.58	0.0200419	18.7986	394.32
35	44	38	41	20.867	-7.13	0.0200429	19.1938	400.517
36	45	39	42	18.669	-6.85	0.0200477	19.218	358.781
37	46	40	43	17.081	-6.43	0.0200519	19.2438	328.703
38	47	41	44	16.354	-7.63	0.020056	19.0855	312.125
39	48	42	45	16.881	-6.32	0.0200541	18.9906	320.58
40	49	43	46	17.856	-6.99	0.0200525	18.8276	336.185
41	50	44	47	18.333	-5.2	0.0200503	19.2942	353.721
1	13	5	9	24.329	-8.56	0.0200362	24.9143	606.141
2	14	6	10	24.13	-9.92	0.0200369	25.7565	621.504
3	15	7	11	29.077	-9	0.0200312	25.4908	741.196
4	16	8	12	34.006	-8.48	0.0200277	25.6427	872.004
5	17	9	13	34.718	-8.46	0.0200269	25.4783	884.557
6	18	10	14	30.822	-8.18	0.0200295	25.063	772.49
7	19	11	15	24.53	-8.3	0.0200365	25.4787	624.993
8	20	12	16	23.37	-8.55	0.0200371	24.5772	574.37
9	21	13	17	22.524	-8.16	0.0200393	23.6952	533.712
10	22	14	18	19.917	-8.76	0.0200442	23.5874	469.79
11	23	15	19	19.069	-8.26	0.0200471	24.0175	457.989
12	24	16	20	17.63	-8.51	0.0200518	25.7448	453.882
13	25	17	21	16.135	-8.25	0.0200544	27.4209	442.436
14	26	18	22	16.797	-8.19	0.020053	27.4636	461.307
15	27	19	23	15.61	-8.13	0.0200564	26.5787	414.893
16	28	20	24	16.85	-8.36	0.0200516	25.0804	422.605
17	29	21	25	17.541	-8.04	0.0200496	23.913	419.457
18	30	22	26	17.507	-6.65	0.0200506	23.5045	411.493
19	31	23	27	17.861	-6.36	0.0200499	24.3777	435.411
20	32	24	28	18.665	-7.13	0.0200481	24.9148	465.035
21	33	25	29	20.029	-7.14	0.0200463	25.2433	505.599
22	34	26	30	21.005	-7.7	0.0200446	25.3017	531.462
23	35	27	31	21.515	-7.96	0.0200436	24.4728	526.533
24	36	28	32	20.969	-8.17	0.0200444	25.1005	526.333
25	37	29	33	19.943	-7.74	0.020045	26.157	521.648
26	38	30	34	19.396	-7.65	0.0200457	26.4266	512.569
27	39	31	35	18.325	-7.21	0.0200486	26.9916	494.622
28	40	32	36	17.746	-8.46	0.0200502	26.0094	461.564
29	41	33	37	17.97	-6.83	0.0200512	24.8582	446.702
30	42	34	38	17.825	-6.7	0.0200535	24.6532	439.443
31	43	35	39	17.278	-6.64	0.0200549	24.0582	415.677
32	44	36	40	16.423	-5.63	0.0200589	24.2718	398.617
33	45	37	41	15.668	-6.02	0.0200591	24.8858	389.91
34	46	38	42	15.456	-6.39	0.0200592	25.3397	391.65
35	47	39	43	15.245	-7.06	0.0200612	25.6482	391.007
36	48	40	44	14.593	-6.68	0.0200649	25.668	374.573
37	49	41	45	14.627	-6.81	0.020065	25.6413	375.055
38	50	42	46	15.455	-6.34	0.0200622	25.7013	397.214
1	16	6	11	14.918	-9.64	0.0200621	31.8257	474.775
2	17	7	12	17.652	-8.79	0.020052	32.2802	569.81
3	18	8	13	19.625	-8.16	0.0200471	32.3539	634.945
4	19	9	14	20.753	-8.57	0.0200455	31.9312	662.669
5	20	10	15	20.236	-8.34	0.0200457	31.0627	628.584
6	21	11	16	19.206	-8.07	0.0200473	29.8741	573.762
7	22	12	17	15.073	-7.93	0.0200601	29.5086	444.783
8	23	13	18	14.929	-8.24	0.0200607	29.8282	445.305
9	24	14	19	13.927	-8.03	0.020065	30.4956	424.712
10	25	15	20	13.539	-8.86	0.0200676	31.5327	426.921
11	26	16	21	12.431	-8.88	0.0200745	33.1552	412.152
12	27	17	22	13.015	-8.87	0.0200708	33.7221	438.893
13	28	18	23	12.285	-8.45	0.0200748	33.0233	405.691
14	29	19	24	12.367	-8.18	0.0200734	32.3921	400.593
15	30	20	25	12.51	-7.61	0.0200727	31.449	393.427
16	31	21	26	13.407	-7.04	0.0200682	30.2291	405.281
17	32	22	27	13.204	-5.99	0.0200693	29.4892	389.376
18	33	23	28	14.697	-6.66	0.0200638	29.5861	434.827
19	34	24	29	15.656	-6.85	0.0200621	30.0454	470.391
20	35	25	30	16.341	-6.95	0.0200589	30.7765	502.92
21	36	26	31	16.119	-7.3	0.0200595	31.2895	504.356
22	37	27	32	16.445	-7.85	0.020059	32.2879	530.974
23	38	28	33	15.596	-7.53	0.0200608	32.8967	513.057
24	39	29	34	15.124	-7.98	0.0200607	33.0411	499.714
25	40	30	35	14.332	-7.69	0.0200648	33.1642	475.31
26	41	31	36	13.928	-8.31	0.0200668	33.2699	463.383
27	42	32	37	13.686	-6.78	0.0200673	32.2554	441.448
28	43	33	38	14.184	-7.56	0.020067	31.0026	439.741
29	44	34	39	14.653	-6.69	0.0200667	30.3483	444.694
30	45	35	40	14.755	-6.14	0.0200649	30.0344	443.157
31	46	36	41	14.327	-6.38	0.0200669	30.2085	432.798
32	47	37	42	14.005	-7.74	0.0200694	30.7298	430.371
33	48	38	43	14.168	-6.47	0.0200675	31.2494	442.741
34	49	39	44	13.869	-6.83	0.0200687	31.9354	442.912
35	50	40	45	13.775	-6.15	0.0200701	32.6474	449.718
1	19	7	13	11.94	-8.22	0.0200785	38.2557	456.773
2	20	8	14	13.182	-8.16	0.0200713	37.8107	498.421
3	21	9	15	13.883	-8.04	0.0200681	37.0467	514.32
4	22	10	16	13.909	-7.84	0.0200673	35.9969	500.682
5	23	11	17	14.307	-8.11	0.0200654	36.0252	515.413
6	24	12	18	12.861	-7.51	0.0200715	36.0997	464.279
7	25	13	19	11.468	-8.42	0.0200821	36.2839	416.104
8	26	14	20	10.666	-9.3	0.0200867	37.3334	398.198
9	27	15	21	10.652	-8.48	0.020087	38.6372	411.563
10	28	16	22	10.694	-8.99	0.0200886	39.6939	424.487
11	29	17	23	10.423	-9.11	0.0200901	39.0496	407.014
12	30	18	24	10.541	-8.1	0.0200896	38.3956	404.728
13	31	19	25	10.25	-7.66	0.020091	38.5339	394.973
14	32	20	26	10.983	-7.27	0.0200861	37.4793	411.635
15	33	21	27	11.523	-5.75	0.0200827	35.9694	414.476
16	34	22	28	12.367	-6.74	0.0200782	34.8899	431.484
17	35	23	29	13.267	-5.93	0.0200735	35.3395	468.849
18	36	24	30	13.857	-6.49	0.0200703	36.3515	503.722
19	37	25	31	14.164	-7.08	0.0200695	36.8851	522.441
20	38	26	32	13.878	-8.16	0.0200707	38.132	529.196
21	39	27	33	13.596	-7.72	0.0200715	39.6182	538.649
22	40	28	34	13.318	-7.75	0.020072	40.3656	537.59
23	41	29	35	12.928	-6.8	0.0200741	40.3917	522.184
24	42	30	36	12.464	-7.34	0.020077	39.6893	494.688
25	43	31	37	12.082	-7.23	0.0200788	39.1094	472.52
26	44	32	38	12.124	-7.41	0.0200785	38.0376	461.168
27	45	33	39	12.508	-6.58	0.0200769	37.084	463.847
28	46	34	40	12.907	-7.49	0.0200759	36.7365	474.158
29	47	35	41	13.111	-8.3	0.0200747	36.0707	472.923
30	48	36	42	13.212	-6.41	0.0200737	35.9439	474.891
31	49	37	43	13.443	-7.41	0.0200727	36.554	491.395
32	50	38	44	13.304	-6.67	0.0200735	37.9189	504.473
1	22	8	15	10.139	-6.99	0.0200949	42.2544	428.418
2	23	9	16	10.515	-7.8	0.0200906	42.7553	449.572
3	24	10	17	10.478	-8.14	0.0200907	43.0299	450.867
4	25	11	18	10.761	-8.21	0.0200882	42.7962	460.53
5	26	12	19	10.465	-8.31	0.02009	41.9883	439.408
6	27	13	20	10.091	-8.43	0.0200939	42.5658	429.531
7	28	14	21	8.899	-11.9	0.0201062	44.6774	397.584
8	29	15	22	9.128	-10.57	0.0201036	45.2912	413.418
9	30	16	23	8.842	-9.51	0.020108	44.6343	394.656
10	31	17	24	9.028	-9.92	0.020105	44.1302	398.407
11	32	18	25	9.17	-9.26	0.0201039	43.8439	402.049
12	33	19	26	9.663	-9.17	0.0201001	44.1165	426.298
13	34	20	27	10.021	-8.3	0.0200971	43.4352	435.264
14	35	21	28	10.948	-8.39	0.0200892	41.4434	453.722
15	36	22	29	11.455	-8.41	0.0200858	40.9126	468.654
16	37	23	30	12.309	-8.92	0.0200797	42.1424	518.731
17	38	24	31	12.644	-8.99	0.0200782	43.3125	547.644
18	39	25	32	12.599	-9.52	0.0200788	44.4798	560.401
19	40	26	33	12.221	-9.5	0.0200806	44.9172	548.933
20	41	27	34	12.277	-9.5	0.0200795	45.585	559.647
21	42	28	35	12.126	-8.95	0.0200807	47.3351	573.986
22	43	29	36	11.945	-8.8	0.0200817	47.6715	569.436
23	44	30	37	11.529	-8.29	0.0200845	46.0702	531.143
24	45	31	38	11.303	-8.69	0.0200858	45.0324	509.002
25	46	32	39	11.255	-8.99	0.0200854	44.0936	496.273
26	47	33	40	11.609	-11.61	0.0200839	43.3088	502.772
27	48	34	41	11.829	-8.84	0.0200835	42.9308	507.829
28	49	35	42	12.052	-10.52	0.0200815	42.2752	509.501
29	50	36	43	12.302	-9.06	0.0200797	42.5304	523.209
1	25	9	17	8.646	-9.53	0.020113	48.6803	420.89
2	26	10	18	8.392	-9.79	0.020114	48.7379	409.009
3	27	11	19	8.685	-9.82	0.0201104	48.5678	421.812
4	28	12	20	8.389	-11.77	0.0201135	49.1329	412.176
5	29	13	21	8.423	-10.44	0.0201135	50.0937	421.939
6	30	14	22	8.17	-10.33	0.020117	50.6271	413.623
7	31	15	23	7.751	-9.56	0.0201239	50.0054	387.592
8	32	16	24	7.85	-9.39	0.0201222	49.3908	387.718
9	33	17	25	8.187	-9.06	0.020117	49.1688	402.545
10	34	18	26	8.709	-9.04	0.0201128	49.6388	432.304
11	35	19	27	8.881	-8.25	0.0201098	49.8429	442.655
12	36	20	28	9.665	-8.88	0.0201016	48.9863	473.452
13	37	21	29	10.36	-9.09	0.0200956	48.0007	497.287
14	38	22	30	10.995	-9.38	0.0200898	48.0048	527.813
15	39	23	31	11.415	-9.24	0.0200869	49.3035	562.8
16	40	24	32	11.589	-8.97	0.020086	50.8299	589.068
17	41	25	33	11.521	-8.9	0.0200864	51.8035	596.828
18	42	26	34	11.469	-9.22	0.0200854	51.883	595.046
19	43	27	35	11.735	-9.4	0.0200845	52.1588	612.084
20	44	28	36	11.552	-9.22	0.0200856	52.9642	611.842
21	45	29	37	11.332	-8.82	0.0200865	53.4691	605.912
22	46	30	38	11.008	-8.5	0.0200893	53.0617	584.104
23	47	31	39	10.77	-11.23	0.020091	51.7789	557.659
24	48	32	40	10.835	-9.31	0.0200898	50.2232	544.169
25	49	33	41	11.014	-9.71	0.020089	49.5448	545.687
26	50	34	42	11.111	-9.18	0.0200895	49.6658	551.837
1	28	10	19	7.285	-11.05	0.0201338	54.1066	394.167
2	29	11	20	7.151	-9.78	0.0201348	55.4458	396.493
3	30	12	21	6.88	-9.49	0.0201392	56.425	388.204
4	31	13	22	7.106	-10.21	0.0201361	56.4461	401.106
5	32	14	23	7.108	-9.65	0.0201356	55.1501	392.007
6	33	15	24	7.371	-10.25	0.0201313	54.1025	398.789
7	34	16	25	7.306	-8.72	0.020134	54.6529	399.294
8	35	17	26	7.696	-8.1	0.0201268	55.0805	423.899
9	36	18	27	7.998	-8.34	0.0201223	55.5206	444.054
10	37	19	28	8.623	-8.95	0.0201141	55.9118	482.128
11	38	20	29	9.338	-9.43	0.0201062	55.5331	518.568
12	39	21	30	10.045	-9.69	0.0200988	55.1264	553.745
13	40	22	31	10.351	-9.02	0.0200961	55.0862	570.197
14	41	23	32	10.791	-8.99	0.0200925	56.7367	612.246
15	42	24	33	10.883	-8.7	0.0200915	58.5322	637.006
16	43	25	34	11.057	-9.13	0.0200896	58.8433	650.631
17	44	26	35	11.149	-9.12	0.0200889	58.9174	656.87
18	45	27	36	11.331	-9.72	0.0200877	58.7149	665.298
19	46	28	37	11.219	-8.9	0.0200883	58.7802	659.455
20	47	29	38	10.89	-11.67	0.0200908	58.9514	641.98
21	48	30	39	10.603	-9.37	0.0200932	58.933	624.867
22	49	31	40	10.484	-9.42	0.0200939	59.0163	618.726
23	50	32	41	10.326	-8.87	0.0200951	57.8991	597.866
1	31	11	21	6.102	-9.22	0.0201594	61.8164	377.204
2	32	12	22	6.081	-9.53	0.0201588	62.0163	377.121
3	33	13	23	6.24	-9.94	0.0201563	60.6959	378.742
4	34	14	24	6.455	-9.81	0.0201517	60.0513	387.631
5	35	15	25	6.786	-8.9	0.0201437	59.5866	404.355
6	36	16	26	7.075	-8.95	0.0201391	60.4268	427.519
7	37	17	27	7.223	-8.32	0.0201358	61.4822	444.086
8	38	18	28	7.818	-9.03	0.020126	61.9011	483.942
9	39	19	29	8.371	-8.98	0.0201184	62.5071	523.247
10	40	20	30	9.098	-9.15	0.0201091	62.566	569.226
11	41	21	31	9.698	-8.76	0.0201029	61.7743	599.087
12	42	22	32	10.076	-8.89	0.0200995	62.6164	630.923
13	43	23	33	10.282	-8.72	0.0200971	64.4896	663.082
14	44	24	34	10.6	-9.08	0.0200935	65.414	693.388
15	45	25	35	10.84	-9.31	0.0200919	66.1485	717.05
16	46	26	36	10.839	-9.36	0.0200916	65.8854	714.132
17	47	27	37	10.999	-12.11	0.0200906	65.1271	716.333
18	48	28	38	10.856	-9.87	0.0200916	64.8871	704.414
19	49	29	39	10.666	-9.79	0.020093	64.8831	692.043
20	50	30	40	10.227	-9.44	0.0200971	65.4241	669.093
1	34	12	23	5.566	-9.59	0.020177	65.807	366.282
2	35	13	24	5.732	-9.75	0.020171	65.2842	374.209
3	36	14	25	5.917	-9.51	0.0201651	65.7637	389.124
4	37	15	26	6.363	-9.21	0.0201549	66.4294	422.69
5	38	16	27	6.695	-8.47	0.0201469	67.2219	450.05
6	39	17	28	7.239	-9.39	0.0201362	67.6037	489.383
7	40	18	29	7.699	-8.07	0.0201298	68.3585	526.292
8	41	19	30	8.318	-8.28	0.0201193	69.463	577.793
9	42	20	31	8.969	-8.28	0.0201109	69.4117	622.554
10	43	21	32	9.497	-8.27	0.0201056	69.3217	658.348
11	44	22	33	9.743	-8.76	0.0201024	69.7737	679.806
12	45	23	34	10.164	-9.71	0.0200976	71.3648	725.352
13	46	24	35	10.379	-9.14	0.0200959	73.1446	759.167
14	47	25	36	10.536	-12.26	0.0200952	73.0836	770.009
15	48	26	37	10.587	-10.19	0.0200942	72.2585	765.001
16	49	27	38	10.7	-10.76	0.0200935	71.6942	767.128
17	50	28	39	10.485	-9.53	0.0200952	72.1634	756.633
1	37	13	25	5.41	-9.9	0.0201819	70.8335	383.209
2	38	14	26	5.709	-9.75	0.0201728	72.4737	413.752
3	39	15	27	6.033	-8.72	0.0201631	73.3444	442.487
4	40	16	28	6.569	-8.41	0.0201511	73.7989	484.785
5	41	17	29	7.237	-7.64	0.0201376	74.0661	536.016
6	42	18	30	7.916	-8.55	0.0201256	75.1726	595.067
7	43	19	31	8.353	-8.03	0.0201196	76.3316	637.598
8	44	20	32	8.866	-8.16	0.0201132	76.817	681.059
9	45	21	33	9.265	-8.37	0.0201076	76.5473	709.21
10	46	22	34	9.586	-8.74	0.0201033	76.978	737.911
11	47	23	35	9.958	-11.68	0.0201002	78.6061	782.759
12	48	24	36	10.189	-9.97	0.0200983	79.7662	812.738
13	49	25	37	10.272	-10.85	0.0200974	79.9184	820.922
14	50	26	38	10.179	-10.51	0.0200984	79.553	809.77
1	40	14	27	5.553	-9.26	0.0201778	78.5812	436.362
2	41	15	28	6.1	-7.99	0.0201625	79.3862	484.256
3	42	16	29	6.692	-8.34	0.0201494	80.5104	538.776
4	43	17	30	7.348	-8.2	0.0201356	81.4727	598.661
5	44	18	31	7.984	-7.93	0.0201253	81.9555	654.333
6	45	19	32	8.453	-8.51	0.0201185	83.5033	705.853
7	46	20	33	8.699	-7.71	0.0201146	84.4397	734.541
8	47	21	34	9.072	-11.35	0.0201093	83.6869	759.207
9	48	22	35	9.445	-9.36	0.0201055	83.9536	792.942
10	49	23	36	9.74	-9.55	0.0201028	85.6294	834.031
11	50	24	37	9.855	-9.72	0.0201016	86.9052	856.451
1	43	15	29	6.336	-7.77	0.0201573	85.4045	541.123
2	44	16	30	6.923	-8.17	0.0201442	87.2706	604.174
3	45	17	31	7.491	-8.17	0.0201334	88.3975	662.186
4	46	18	32	7.928	-8.04	0.0201265	90.0988	714.303
5	47	19	33	8.253	-10.69	0.020121	91.1891	752.583
6	48	20	34	8.686	-8.77	0.0201145	91.0288	790.677
7	49	21	35	8.997	-9.36	0.020111	91.066	819.321
8	50	22	36	9.11	-8.44	0.0201096	91.6434	834.871
1	46	16	31	7.107	-7.74	0.0201408	93.836	666.892
2	47	17	32	7.484	-10.57	0.0201346	95.9855	718.355
3	48	18	33	7.801	-8.41	0.0201282	97.6183	761.521
4	49	19	34	8.132	-9.43	0.0201221	98.8503	803.851
5	50	20	35	8.496	-8.64	0.0201176	99.2567	843.285
1	49	17	33	7.426	-9.02	0.0201348	103.16	766.065
2	50	18	34	7.656	-8.75	0.0201299	105.482	807.567
