50# Number of sensors
#x	y	z
0	0	541.493
0.9871	0	541.333
1.9648	0	541.123
2.9476	0	540.938
3.9377	0	540.798
4.9359	0	540.738
5.9274	0	540.608
6.912	0	540.433
7.8999	0	540.278
8.8862	0	540.113
9.8708	0	539.938
10.8571	0	539.773
11.8302	0	539.543
12.8139	0	539.363
13.8026	0	539.213
14.7853	0	539.028
15.7829	0	538.958
16.7692	0	538.793
17.7689	0	538.768
18.7664	0	538.698
19.7531	0	538.535
20.6841	0	538.17
21.6596	0	537.95
22.6498	0	537.81
23.6483	0	537.755
24.6377	0	537.61
25.6248	0	537.45
26.6056	0	537.255
27.6024	0	537.175
28.5911	0	537.025
29.5826	0	536.895
30.5741	0	536.765
31.5384	0	536.5
32.5092	0	536.26
33.472	0	535.99
34.4194	0	535.67
35.3794	0	535.39
36.349	0	535.145
37.3233	0	534.92
38.301	0	534.71
39.2742	0	534.48
40.2508	0	534.265
41.2326	0	534.075
42.2103	0	533.865
43.1835	0	533.635
44.1623	0	533.43
45.1538	0	533.3
46.1194	0	533.04
47.1012	0	532.85
48.0719	0	532.61
784# Number of data
#a	b	m	n	R	ip	err	k	rhoa
1	2	4	3	98.982	-6.49	0.0200101	19.4897	1929.13
2	3	5	4	101.663	-5.86	0.0200093	19.5546	1987.98
3	4	6	5	85.587	-5.94	0.0200111	19.7817	1693.05
4	5	7	6	51.506	-8.98	0.0200174	18.8222	969.455
5	6	8	7	38.297	-6.94	0.0200222	17.7253	678.824
6	7	9	8	29.907	-5.48	0.0200283	19.572	585.338
7	8	10	9	97.277	-6.88	0.020011	19.2949	1876.95
8	9	11	10	84.999	-5.53	0.0200117	18.988	1613.96
9	10	12	11	94.81	-8.55	0.0200114	19.1462	1815.25
10	11	13	12	94.956	-6.08	0.0200118	18.7237	1777.93
11	12	14	13	121.373	-6.56	0.0200094	18.8301	2285.46
12	13	15	14	82.653	-5.3	0.0200121	20.0586	1657.9
13	14	16	15	109.067	-7.97	0.0200093	18.2025	1985.29
14	15	17	16	102.053	-8.31	0.0200117	19.6545	2005.8
15	16	18	17	117.59	-8.69	0.0200084	18.3828	2161.63
16	17	19	18	128.617	-7.23	0.0200091	18.8286	2421.68
17	18	20	19	112.2	-7.45	0.0200097	20.2701	2274.31
18	19	21	20	103.72	-7.4	0.0200107	18.3173	1899.88
19	20	22	21	108.293	-8.43	0.0200096	17.2824	1871.56
20	21	23	22	69.993	-7.41	0.020015	18.9626	1327.25
21	22	24	23	101	-7.69	0.0200114	21.2428	2145.52
22	23	25	24	76.603	-6.84	0.020015	19.6516	1505.37
23	24	26	25	123.96	-8.45	0.0200103	18.6559	2312.58
24	25	27	26	106.86	-6.91	0.0200113	18.4255	1968.95
25	26	28	27	162.406	-10.81	0.0200085	18.8423	3060.11
26	27	29	28	129.464	-8.19	0.0200107	19.9828	2587.06
27	28	30	29	135.627	-11.39	0.0200098	19.3933	2630.26
28	29	31	30	114.403	-8.38	0.0200109	18.3405	2098.21
29	30	32	31	94.25	-8.52	0.0200119	19.9388	1879.24
30	31	33	32	83.947	-7.24	0.020013	18.0592	1516.02
31	32	34	33	71.347	-6.77	0.0200147	18.8302	1343.47
32	33	35	34	60.76	-5.84	0.0200171	20.0747	1219.74
33	34	36	35	83.024	-8.87	0.0200121	18.3368	1522.39
34	35	37	36	93.478	-8.69	0.0200134	19.1405	1789.22
35	36	38	37	58.055	-8.79	0.020021	19.8855	1154.45
36	37	39	38	64.778	-9.42	0.0200187	19.2432	1246.53
37	38	40	39	72.692	-9.59	0.0200164	19.4282	1412.28
38	39	41	40	60.831	-7.02	0.0200184	19.0734	1160.25
39	40	42	41	55.423	-8.75	0.0200203	18.9059	1047.82
40	41	43	42	49.451	-5.89	0.0200201	19.6492	971.673
41	42	44	43	40.812	-6.25	0.0200262	19.3419	789.381
42	43	45	44	38.103	-5.13	0.0200256	18.8629	718.732
43	44	46	45	38.695	-7.19	0.0200256	18.9774	734.33
44	45	47	46	32.451	-5.97	0.0200258	20.4911	664.958
45	46	48	47	28.358	-2.02	0.0200328	18.4756	523.932
46	47	49	48	33.124	-3.99	0.0200284	18.8189	623.356
47	48	50	49	37.464	-6.79	0.0200231	19.4429	728.411
1	3	7	5	27.551	-5.93	0.0200302	41.2338	1136.03
2	4	8	6	26.466	-8.91	0.020034	39.6893	1050.42
3	5	9	7	40.632	-6.88	0.0200232	35.2313	1431.52
4	6	10	8	42.889	-5.43	0.0200213	35.295	1513.77
5	7	11	9	29.528	-7.26	0.0200316	38.1621	1126.85
6	8	12	10	39.089	-7.84	0.0200244	38.2234	1494.11
7	9	13	11	44.654	-6.84	0.0200201	37.8021	1688.01
8	10	14	12	42.738	-7.24	0.0200215	37.0855	1584.96
9	11	15	13	41.667	-7.91	0.0200232	36.7558	1531.5
10	12	16	14	40.264	-7.9	0.0200244	38.5365	1551.63
11	13	17	15	31.792	-7.49	0.0200277	38.0366	1209.26
12	14	18	16	34.003	-7.3	0.0200273	36.8378	1252.6
13	15	19	17	34.624	-7.33	0.020026	38.1369	1320.45
14	16	20	18	41.088	-7.29	0.0200223	38.0523	1563.49
15	17	21	19	30.524	-6.52	0.0200309	41.3243	1261.38
16	18	22	20	30.746	-7.53	0.0200284	38.4701	1182.8
17	19	23	21	31.724	-7.33	0.0200308	31.689	1005.3
18	20	24	22	22.433	-8	0.0200411	32.247	723.398
19	21	25	23	25.006	-7.89	0.0200383	41.8975	1047.69
20	22	26	24	29.262	-7.61	0.020034	45.4705	1330.56
21	23	27	25	26.974	-7.94	0.0200364	40.1251	1082.33
22	24	28	26	32.56	-8.65	0.0200307	35.2891	1149.01
23	25	29	27	41.635	-10.03	0.0200255	35.268	1468.38
24	26	30	28	46.973	-8.88	0.0200243	39.0676	1835.12
25	27	31	29	45.622	-7.68	0.0200233	41.0141	1871.15
26	28	32	30	39.852	-8.7	0.0200265	38.2639	1524.89
27	29	33	31	36.468	-9.53	0.0200273	37.9982	1385.72
28	30	34	32	31.537	-9.77	0.0200283	37.107	1170.24
29	31	35	33	26.811	-7.55	0.0200344	35.1079	941.279
30	32	36	34	22.156	-6.73	0.0200447	37.7517	836.427
31	33	37	35	24.344	-7.81	0.0200387	37.741	918.766
32	34	38	36	28.054	-10.12	0.0200333	36.6457	1028.06
33	35	39	37	22.605	-9.59	0.0200422	39.1332	884.605
34	36	40	38	18.766	-9.64	0.0200505	40.1907	754.22
35	37	41	39	15.807	-9.62	0.0200576	38.9924	616.352
36	38	42	40	13.012	-8.66	0.0200666	37.6275	489.609
37	39	43	41	10.872	-6.9	0.0200773	36.8525	400.66
38	40	44	42	10.313	-6.55	0.0200735	38.3305	395.303
39	41	45	43	8.786	-7.7	0.0200932	38.8612	341.435
40	42	46	44	8.937	-7.37	0.0200944	36.9847	330.532
41	43	47	45	9.495	-7.45	0.020084	36.7617	349.052
42	44	48	46	7.418	-6.45	0.0201032	39.729	294.71
43	45	49	47	6.611	-5.63	0.0201252	38.079	251.74
44	46	50	48	8.574	-4.21	0.0201085	34.5299	296.06
1	4	10	7	24.715	-9.64	0.0200371	57.7962	1428.43
2	5	11	8	33.401	-6.33	0.0200281	53.8762	1799.52
3	6	12	9	31.356	-7.41	0.0200304	53.9967	1693.12
4	7	13	10	19.866	-7.87	0.020045	56.3676	1119.8
5	8	14	11	22.347	-7.68	0.0200401	56.9222	1272.04
6	9	15	12	20.242	-7.38	0.020041	56.1564	1136.72
7	10	16	13	20.924	-8.38	0.0200413	55.0871	1152.64
8	11	17	14	17.677	-9.24	0.0200506	56.3143	995.467
9	12	18	15	17.202	-9.26	0.0200523	57.0185	980.832
10	13	19	16	13.426	-7.69	0.0200652	58.2143	781.585
11	14	20	17	13.57	-7.34	0.0200605	58.0274	787.431
12	15	21	18	13.076	-6.5	0.0200668	60.4744	790.763
13	16	22	19	11.604	-6.37	0.0200714	61.0698	708.654
14	17	23	20	10.198	-7.43	0.0200816	56.9715	580.995
15	18	24	21	10.693	-6.97	0.020078	49.6	530.373
16	19	25	22	8.631	-7.27	0.0201045	46.861	404.457
17	20	26	23	9.054	-8.65	0.020099	54.564	494.023
18	21	27	24	8.483	-8.45	0.0201048	65.391	554.712
19	22	28	25	10.35	-9.48	0.0200868	67.141	694.909
20	23	29	26	9.251	-9.57	0.0200926	58.6019	542.127
21	24	30	27	13.306	-11.71	0.0200687	53.5354	712.342
22	25	31	28	14.528	-9.85	0.0200646	55.1082	800.612
23	26	32	29	16.673	-8.31	0.0200556	59.7876	996.839
24	27	33	30	14.653	-6.99	0.0200617	60.6365	888.506
25	28	34	31	14.29	-10.98	0.0200624	58.768	839.795
26	29	35	32	14.016	-9.68	0.0200625	55.0542	771.64
27	30	36	33	13.344	-9.46	0.0200645	53.5402	714.441
28	31	37	34	11.953	-9.65	0.0200789	53.0561	634.18
29	32	38	35	11.138	-8.53	0.0200839	54.3529	605.383
30	33	39	36	10.361	-8.7	0.0200891	55.8306	578.461
31	34	40	37	9.199	-10.12	0.0200915	57.8556	532.214
32	35	41	38	8.852	-10.16	0.0200966	60.4598	535.191
33	36	42	39	6.845	-9.04	0.0201229	60.6308	415.018
34	37	43	40	5.206	-7.98	0.0201587	58.4853	304.475
35	38	44	41	4.388	-7.94	0.0201882	56.8277	249.36
36	39	45	42	4.022	-6.81	0.0201945	56.9204	228.934
37	40	46	43	3.84	-7.5	0.0202146	56.966	218.75
38	41	47	44	4.004	-6.49	0.0202107	56.6627	226.878
39	42	48	45	4.215	-7.44	0.0202044	56.0763	236.361
40	43	49	46	4.107	-6.58	0.0202035	57.6134	236.618
41	44	50	47	4.209	-4.92	0.0202136	56.3017	236.974
1	5	13	9	22.013	-9.43	0.0200436	73.8986	1626.73
2	6	14	10	18.151	-9.83	0.0200499	72.1833	1310.2
3	7	15	11	13.22	-9.49	0.0200669	74.3204	982.516
4	8	16	12	12.332	-9.78	0.0200699	73.7078	908.965
5	9	17	13	11.083	-9.15	0.0200743	73.5541	815.2
6	10	18	14	10.045	-10.79	0.0200855	75.4482	757.877
7	11	19	15	9.249	-10.02	0.0200942	75.1184	694.77
8	12	20	16	8.436	-10.12	0.0201084	78.7812	664.598
9	13	21	17	6.772	-9.41	0.0201242	81.5985	552.585
10	14	22	18	6.594	-8.46	0.0201308	80.8826	533.34
11	15	23	19	5.24	-6.99	0.0201645	81.7902	428.581
12	16	24	20	5.142	-7.54	0.0201574	75.0927	386.126
13	17	25	21	5.008	-6.46	0.0201726	68.3166	342.129
14	18	26	22	4.407	-5.23	0.0201952	65.6202	289.188
15	19	27	23	4.766	-6.7	0.0201935	69.1392	329.517
16	20	28	24	4.516	-8.84	0.0202012	77.1256	348.299
17	21	29	25	4.645	-8.55	0.0201914	85.0274	394.952
18	22	30	26	5.253	-8.74	0.0201665	84.7281	445.077
19	23	31	27	5.688	-10.07	0.0201525	78.125	444.375
20	24	32	28	6.667	-10.54	0.0201326	75.9829	506.578
21	25	33	29	7.249	-8.91	0.0201177	76.8966	557.423
22	26	34	30	7.323	-7.4	0.0201178	77.2532	565.725
23	27	35	31	7.103	-7.88	0.0201196	79.2451	562.878
24	28	36	32	7.539	-9.79	0.0201138	74.6808	563.018
25	29	37	33	8.036	-7.89	0.0201121	70.5189	566.69
26	30	38	34	7.978	-7.62	0.0201171	70.6124	563.346
27	31	39	35	7.832	-8.43	0.0201207	68.644	537.62
28	32	40	36	6.892	-9.31	0.020139	72.0684	496.695
29	33	41	37	5.805	-8.56	0.0201568	76.7449	445.504
30	34	42	38	5.416	-7.85	0.0201585	78.539	425.367
31	35	43	39	4.654	-7.73	0.0201851	81.7644	380.531
32	36	44	40	3.662	-6.32	0.020235	81.0234	296.708
33	37	45	41	3.122	-7.16	0.02028	78.2501	244.297
34	38	46	42	2.883	-6.55	0.0203032	77.2606	222.742
35	39	47	43	2.675	-5.55	0.0203336	75.9677	203.214
36	40	48	44	2.759	-7.03	0.0203228	75.1232	207.265
37	41	49	45	2.959	-5.98	0.0203077	74.9336	221.729
38	42	50	46	3.08	-4.51	0.0202976	75.6545	233.016
1	6	16	11	11.389	-9.97	0.0200786	90.9501	1035.83
2	7	17	12	7.8	-9.39	0.020111	91.3193	712.291
3	8	18	13	7.475	-10.17	0.0201167	90.9858	680.119
4	9	19	14	6.411	-9.84	0.0201322	92.9138	595.671
5	10	20	15	5.911	-10.76	0.0201462	95.1741	562.574
6	11	21	16	5.055	-9.99	0.0201796	99.3029	501.976
7	12	22	17	4.857	-8.11	0.0201845	102.106	495.927
8	13	23	18	4.092	-8.22	0.0202211	102.067	417.659
9	14	24	19	3.534	-10.26	0.0202541	100.554	355.357
10	15	25	20	3.279	-6.98	0.0202725	96.4365	316.215
11	16	26	21	3.458	-6.01	0.0202573	87.8534	303.797
12	17	27	22	3.059	-7.04	0.0203008	84.6929	259.076
13	18	28	23	3.309	-5.99	0.0202779	87.7199	290.265
14	19	29	24	3.457	-3.74	0.0202782	91.2105	315.315
15	20	30	25	3.55	-8.4	0.0202655	96.862	343.86
16	21	31	26	3.516	-11.77	0.0202608	102.703	361.103
17	22	32	27	4.211	-9.39	0.0202169	103.597	436.245
18	23	33	28	4.212	-9.08	0.0202141	100.241	422.214
19	24	34	29	4.564	-8.78	0.020189	97.8299	446.496
20	25	35	30	4.628	-8.87	0.0201877	95.8382	443.539
21	26	36	31	4.876	-6.28	0.0201787	95.9768	467.983
22	27	37	32	4.919	-7.55	0.0201763	92.2896	453.973
23	28	38	33	5.502	-12.01	0.0201646	87.7721	482.922
24	29	39	34	5.937	-7.59	0.0201632	86.655	514.471
25	30	40	35	6.101	-6.8	0.0201557	86.3045	526.544
26	31	41	36	5.736	-7.37	0.02017	86.2267	494.596
27	32	42	37	5.058	-7.31	0.0201912	91.522	462.918
28	33	43	38	4.524	-7.66	0.0202076	96.7846	437.854
29	34	44	39	3.854	-6.79	0.0202331	99.467	383.346
30	35	45	40	3.226	-7.25	0.0202813	101.543	327.576
31	36	46	41	2.809	-6.09	0.0203268	100.96	283.598
32	37	47	42	2.567	-5.14	0.0203535	99.18	254.595
33	38	48	43	2.377	-6.33	0.0203915	97.0582	230.707
34	39	49	44	2.423	-6.72	0.0203874	94.2798	228.44
35	40	50	45	2.579	-5.66	0.020364	92.6496	238.943
1	7	19	13	5.017	-9.41	0.0201758	109.803	550.881
2	8	20	14	4.581	-10.57	0.020196	112.174	513.869
3	9	21	15	4.126	-9.3	0.0202104	114.14	470.941
4	10	22	16	3.762	-8.87	0.0202429	118.388	445.374
5	11	23	17	3.305	-8.56	0.020273	119.94	396.401
6	12	24	18	3.196	-9.7	0.0202992	121.523	388.387
7	13	25	19	2.738	-7.39	0.0203455	122.506	335.421
8	14	26	20	2.728	-3.36	0.0203431	116.378	317.478
9	15	27	21	2.722	-6.93	0.020354	109.3	297.514
10	16	28	22	2.704	-6.77	0.0203536	103.913	280.98
11	17	29	23	2.877	-9.91	0.0203409	107.319	308.758
12	18	30	24	2.95	-6.73	0.0203234	110.583	326.218
13	19	31	25	3.16	-5.41	0.0203077	111.06	350.949
14	20	32	26	3.125	-9.09	0.0203084	114.94	359.188
15	21	33	27	3.313	-9.38	0.0202855	121.677	403.116
16	22	34	28	3.563	-8.91	0.020262	125.192	446.061
17	23	35	29	3.541	-10.04	0.0202546	120.756	427.596
18	24	36	30	3.655	-9.98	0.0202465	114.963	420.191
19	25	37	31	3.701	-9.41	0.0202407	113.869	421.429
20	26	38	32	3.925	-8.49	0.0202293	110.363	433.175
21	27	39	33	4.171	-8.09	0.0202197	105.86	441.544
22	28	40	34	4.588	-10.47	0.0202098	102.687	471.126
23	29	41	35	4.863	-7.69	0.020201	100.997	491.148
24	30	42	36	4.809	-6.84	0.0202038	103.048	495.557
25	31	43	37	4.552	-7.04	0.0202148	105.801	481.608
26	32	44	38	4.183	-5.62	0.0202328	111.604	466.841
27	33	45	39	3.636	-6.12	0.020266	116.483	423.533
28	34	46	40	3.139	-7.67	0.0203002	118.043	370.538
29	35	47	41	2.81	-6.39	0.0203353	120.973	339.935
30	36	48	42	2.548	-5.63	0.0203675	121.89	310.574
31	37	49	43	2.353	-5.09	0.0204026	119.067	280.164
32	38	50	44	2.377	-5.44	0.0204002	114.655	272.534
1	8	22	15	3.112	-7.48	0.0202933	134.704	419.197
2	9	23	16	2.81	-8.18	0.0203261	135.992	382.139
3	10	24	17	2.705	-8.51	0.0203412	137.37	371.586
4	11	25	18	2.565	-9.8	0.0203775	139.067	356.707
5	12	26	19	2.429	-8.23	0.0204026	142.931	347.179
6	13	27	20	2.288	-13.11	0.0204239	139.105	318.273
7	14	28	21	2.481	-6.97	0.0203975	128.68	319.255
8	15	29	22	2.506	-2.51	0.0203992	125.188	313.722
9	16	30	23	2.764	-7.62	0.0203587	127.328	351.934
10	17	31	24	2.809	-9.92	0.020355	130.657	367.017
11	18	32	25	2.861	-8.47	0.0203403	131.539	376.334
12	19	33	26	2.902	-7.93	0.0203344	129.772	376.599
13	20	34	27	3.045	-7.84	0.0203166	133.284	405.849
14	21	35	28	3.04	-8.49	0.0203139	142.718	433.861
15	22	36	29	3.206	-6.87	0.0202907	144.837	464.348
16	23	37	30	3.084	-8.9	0.0203031	136.707	421.605
17	24	38	31	3.156	-9.51	0.0202914	131.396	414.687
18	25	39	32	3.261	-9.76	0.0202817	126.751	413.336
19	26	40	33	3.495	-8.27	0.0202675	124.455	434.969
20	27	41	34	3.619	-7.98	0.0202646	122.761	444.273
21	28	42	35	3.889	-9.88	0.0202492	117.574	457.245
22	29	43	36	3.996	-8.91	0.0202497	116.624	466.028
23	30	44	37	3.964	-6.91	0.0202463	121.494	481.603
24	31	45	38	3.824	-6.58	0.0202566	125.238	478.909
25	32	46	39	3.498	-6.11	0.0202834	130.99	458.202
26	33	47	40	3.123	-5.79	0.0203153	135.116	421.967
27	34	48	41	2.872	-5.46	0.0203352	136.885	393.134
28	35	49	42	2.702	-8.92	0.0203555	140.633	379.991
29	36	50	43	2.572	-5.77	0.0203757	140.095	360.324
1	9	25	17	2.175	-7.03	0.0204241	157.1	341.691
2	10	26	18	2.235	-7.04	0.0204357	158.611	354.495
3	11	27	19	2.123	-7.24	0.0204684	160.594	340.941
4	12	28	20	2.241	-3.11	0.0204484	157.745	353.507
5	13	29	21	2.292	-8.41	0.0204399	150.74	345.497
6	14	30	22	2.377	-15.25	0.0204214	145.697	346.323
7	15	31	23	2.607	-8.14	0.0203883	149.216	389.006
8	16	32	24	2.738	-5.27	0.0203635	151.359	414.422
9	17	33	25	2.756	-8.18	0.0203634	152.243	419.581
10	18	34	26	2.712	-9.65	0.0203595	149.8	406.257
11	19	35	27	2.919	-8.47	0.0203389	148.411	433.213
12	20	36	28	2.868	-8.56	0.0203357	153.909	441.411
13	21	37	29	2.798	-7.19	0.020336	161.031	450.564
14	22	38	30	2.844	-8.3	0.0203369	159.976	454.972
15	23	39	31	2.778	-10.35	0.020339	152.711	424.232
16	24	40	32	2.856	-9.13	0.0203273	144.436	412.509
17	25	41	33	2.95	-8.73	0.0203189	140.025	413.075
18	26	42	34	3.083	-8.05	0.020315	139.751	430.851
19	27	43	35	3.119	-7.97	0.0203076	138	430.421
20	28	44	36	3.284	-9.3	0.0203009	135.418	444.712
21	29	45	37	3.366	-8.22	0.0202949	135.859	457.301
22	30	46	38	3.4	-7.14	0.0202874	139.264	473.499
23	31	47	39	3.264	-6.39	0.020303	143.314	467.775
24	32	48	40	3.031	-3.7	0.020328	149.536	453.244
25	33	49	41	2.89	-5.38	0.0203435	153.712	444.228
26	34	50	42	2.858	-4.49	0.0203396	155.432	444.224
1	10	28	19	1.936	-7.91	0.0205107	180.875	350.175
2	11	29	20	2.063	-10.73	0.0204861	175.971	363.029
3	12	30	21	2.295	-9.4	0.0204468	169.81	389.713
4	13	31	22	2.322	-6.64	0.0204392	167.111	388.033
5	14	32	23	2.471	-9.03	0.02041	170.261	420.716
6	15	33	24	2.523	-9.83	0.0203997	174.609	440.539
7	16	34	25	2.665	-8.11	0.0203724	172.544	459.83
8	17	35	26	2.655	-9.46	0.020375	170.22	451.934
9	18	36	27	2.743	-12.94	0.020356	168.125	461.167
10	19	37	28	2.754	-9.45	0.0203584	167.989	462.641
11	20	38	29	2.663	-8.65	0.0203646	172.25	458.702
12	21	39	30	2.53	-7.72	0.0203798	176.198	445.782
13	22	40	31	2.58	-8.05	0.0203706	175.995	454.068
14	23	41	32	2.522	-8.01	0.0203761	165.811	418.174
15	24	42	33	2.604	-10.13	0.0203666	157.216	409.39
16	25	43	34	2.631	-9.84	0.0203704	155.262	408.494
17	26	44	35	2.68	-9.19	0.0203623	154.31	413.55
18	27	45	36	2.686	-9.51	0.0203676	154.52	415.041
19	28	46	37	2.814	-9.56	0.0203486	154.656	435.202
20	29	47	38	2.951	-6.82	0.0203361	155.79	459.735
21	30	48	39	2.944	-6.61	0.0203351	158.685	467.17
22	31	49	40	2.886	-13.53	0.0203452	160.163	462.23
23	32	50	41	2.888	-5.64	0.0203466	165.661	478.43
1	11	31	21	2.113	-5.53	0.0204764	189.593	400.61
2	12	32	22	2.287	-9.78	0.0204521	187.528	428.876
3	13	33	23	2.403	-11.28	0.0204305	192.342	462.199
4	14	34	24	2.48	-7.92	0.0204065	194.305	481.876
5	15	35	25	2.504	-9.44	0.020401	195.393	489.263
6	16	36	26	2.532	-17.77	0.0203848	190.719	482.902
7	17	37	27	2.66	-8.86	0.0203762	187.584	498.972
8	18	38	28	2.619	-2.08	0.0203765	187.146	490.135
9	19	39	29	2.586	-8.23	0.020382	186.206	481.528
10	20	40	30	2.431	-12.55	0.020407	187.721	456.351
11	21	41	31	2.314	-9.54	0.02042	192.999	446.6
12	22	42	32	2.34	-8.9	0.020411	188.788	441.763
13	23	43	33	2.318	-7.38	0.0204144	178.473	413.701
14	24	44	34	2.347	-9.76	0.0204174	172.763	405.476
15	25	45	35	2.334	-8.5	0.0204198	169.495	395.601
16	26	46	36	2.343	-10.12	0.0204248	170.269	398.941
17	27	47	37	2.336	-10.76	0.0204146	172.962	404.04
18	28	48	38	2.498	-9.91	0.0203917	173.71	433.927
19	29	49	39	2.583	-5.8	0.0203846	175.075	452.218
20	30	50	40	2.68	-7.88	0.0203694	176.717	473.602
1	12	34	23	2.305	-10.43	0.0204472	213.692	492.56
2	13	35	24	2.403	-10.1	0.0204308	217.109	521.712
3	14	36	25	2.447	-10.47	0.020401	214.653	525.257
4	15	37	26	2.441	-12.03	0.0204102	211.559	516.415
5	16	38	27	2.535	-10.3	0.0203931	207.339	525.603
6	17	39	28	2.497	-6.73	0.0204018	207.001	516.882
7	18	40	29	2.443	-8.53	0.0204014	205.543	502.143
8	19	41	30	2.355	-19.57	0.0204241	201.878	475.422
9	20	42	31	2.216	-8.27	0.0204476	204.259	452.639
10	21	43	32	2.124	-9.11	0.02046	205.739	436.989
11	22	44	33	2.144	-8.89	0.0204541	202.234	433.59
12	23	45	34	2.1	-8.33	0.0204695	194.068	407.543
13	24	46	35	2.118	-3.34	0.0204647	186.496	394.998
14	25	47	36	2.062	-10	0.0204812	185.594	382.694
15	26	48	37	2.066	-12.12	0.0204735	188.783	390.026
16	27	49	38	2.115	-9.21	0.0204608	191.377	404.762
17	28	50	39	2.253	-6.79	0.0204352	191.099	430.546
1	13	37	25	2.309	-10.49	0.0204415	237.737	548.936
2	14	38	26	2.361	-10.73	0.0204264	231.108	545.646
3	15	39	27	2.444	-11.52	0.0204136	227.978	557.178
4	16	40	28	2.433	-10.73	0.0204105	225.972	549.791
5	17	41	29	2.29	-9.62	0.0204272	225.322	515.987
6	18	42	30	2.176	-9.47	0.0204507	221.427	481.825
7	19	43	31	2.156	-8.78	0.0204653	218.421	470.915
8	20	44	32	2.044	-8.9	0.0204883	217.429	444.424
9	21	45	33	1.975	-10.28	0.0205013	219.063	432.648
10	22	46	34	1.978	-9.71	0.0205061	217.198	429.617
11	23	47	35	1.908	-8.85	0.0205176	208.463	397.748
12	24	48	36	1.882	-9.54	0.0205288	203.133	382.296
13	25	49	37	1.863	-10.42	0.020526	203.533	379.181
14	26	50	38	1.906	-9.99	0.0205147	206.244	393.1
1	14	40	27	2.305	-21.94	0.0204363	248.951	573.832
2	15	41	28	2.301	-12	0.020438	247.587	569.697
3	16	42	29	2.252	-5.45	0.0204411	243.914	549.294
4	17	43	30	2.113	-9.54	0.020473	240.204	507.552
5	18	44	31	1.982	-14.3	0.020497	238.065	471.846
6	19	45	32	1.931	-9.99	0.0205152	232.022	448.034
7	20	46	33	1.902	-5.09	0.0205271	230.3	438.031
8	21	47	34	1.835	-9.16	0.0205485	234.131	429.631
9	22	48	35	1.821	-9.73	0.0205513	231.905	422.298
10	23	49	36	1.74	-10.19	0.0205814	224.553	390.723
11	24	50	37	1.733	-10.35	0.0205675	220.749	382.558
1	15	43	29	2.096	-12.51	0.0204737	266.703	559.01
2	16	44	30	2.026	-7.31	0.0204907	259.916	526.591
3	17	45	31	1.923	-3.24	0.0205184	256.644	493.526
4	18	46	32	1.859	-9.51	0.0205336	250.148	465.025
5	19	47	33	1.817	-8.86	0.020554	244.885	444.957
6	20	48	34	1.748	-5.98	0.0205828	246.276	430.49
7	21	49	35	1.697	-9.62	0.0205931	248.223	421.235
8	22	50	36	1.689	-9.3	0.0206075	246.983	417.155
1	16	46	31	1.844	-9.25	0.0205376	276.929	510.657
2	17	47	32	1.795	-8.98	0.0205568	269.624	483.975
3	18	48	33	1.738	-2.28	0.0205747	263.331	457.669
4	19	49	34	1.712	-8.91	0.0205942	259.391	444.077
5	20	50	35	1.65	-9.62	0.0206169	259.268	427.792
1	17	49	33	1.685	-9.32	0.0205977	283.287	477.338
2	18	50	34	1.655	-9.66	0.0206083	277.611	459.446
1	4	2	3	267.017	-6.71	0.0200035	6.22047	1660.97
2	5	3	4	251.737	-6.04	0.0200038	6.36444	1602.16
3	6	4	5	227.989	-6.31	0.020004	6.22273	1418.71
4	7	5	6	185.153	-5.26	0.0200049	6.2405	1155.45
5	8	6	7	122.093	-8.5	0.0200072	6.47375	790.4
6	9	7	8	206.5	-6.79	0.0200047	6.16209	1272.47
7	10	8	9	190.114	-5.61	0.0200048	6.31557	1200.68
8	11	9	10	263.701	-7.28	0.0200039	6.36299	1677.93
9	12	10	11	252.717	-5.52	0.0200041	6.26265	1582.68
10	13	11	12	293.727	-6.8	0.0200036	6.36241	1868.81
11	14	12	13	241.836	-5.39	0.0200042	6.41176	1550.59
12	15	13	14	301.159	-7.26	0.0200035	6.13026	1846.18
13	16	14	15	250.847	-6.48	0.0200042	6.56574	1647
14	17	15	16	293.323	-7.55	0.0200033	6.12866	1797.68
15	18	16	17	288.336	-7.09	0.0200039	6.39002	1842.47
16	19	17	18	286.847	-7.22	0.0200035	6.36016	1824.39
17	20	18	19	298.524	-6.62	0.0200036	6.037	1802.19
18	21	19	20	267.707	-7.14	0.0200039	6.27517	1679.91
19	22	20	21	222.947	-6.6	0.0200046	6.49955	1449.06
20	23	21	22	266.844	-7.56	0.020004	6.36039	1697.23
21	24	22	23	189.706	-6.78	0.0200056	6.15538	1167.71
22	25	23	24	279.543	-7.86	0.0200042	6.42789	1796.87
23	26	24	25	246.626	-6.32	0.0200046	6.40438	1579.49
24	27	25	26	353.407	-9.44	0.0200036	6.40509	2263.6
25	28	26	27	303.13	-7.15	0.020004	6.41941	1945.92
26	29	27	28	370.25	-10.67	0.0200034	6.2526	2315.02
27	30	28	29	317.46	-8	0.0200039	6.3265	2008.41
28	31	29	30	299.447	-9.37	0.0200039	6.53592	1957.16
29	32	30	31	258.971	-7.27	0.0200044	6.06013	1569.4
30	33	31	32	218.56	-6.89	0.0200049	6.47702	1415.62
31	34	32	33	195.289	-6.41	0.0200052	6.35732	1241.51
32	35	33	34	205.553	-7.92	0.0200048	6.12946	1259.93
33	36	34	35	195.383	-7.1	0.0200057	6.52476	1274.83
34	37	35	36	180.157	-8	0.0200058	6.37449	1148.41
35	38	36	37	199.751	-8.08	0.0200058	6.31329	1261.09
36	39	37	38	164.076	-9.05	0.0200069	6.46837	1061.3
37	40	38	39	154.75	-7.16	0.0200071	6.36957	985.69
38	41	39	40	154.893	-8.12	0.0200071	6.41207	993.185
39	42	40	41	132.81	-5.8	0.0200077	6.44217	855.584
40	43	41	42	116.463	-6.91	0.020009	6.30319	734.089
41	44	42	43	108.173	-4.42	0.0200087	6.37092	689.161
42	45	43	44	96.427	-6.69	0.0200102	6.43922	620.915
43	46	44	45	87.303	-5.52	0.0200103	6.46334	564.269
44	47	45	46	87.198	-5.76	0.0200108	6.12783	534.335
45	48	46	47	82.99	-1.45	0.0200105	6.54819	543.434
46	49	47	48	81.678	-5.76	0.0200108	6.42162	524.505
47	50	48	49	92.272	-1.96	0.0200097	6.37116	587.88
1	7	3	5	109.47	-7	0.0200085	11.5819	1267.87
2	8	4	6	101.304	-5.71	0.0200087	12.0774	1223.48
3	9	5	7	72.877	-7.43	0.020012	13.0035	947.66
4	10	6	8	81.854	-8.74	0.0200112	12.9783	1062.32
5	11	7	9	106.814	-7.27	0.0200084	12.3107	1314.95
6	12	8	10	111.326	-7.06	0.0200082	12.2425	1362.91
7	13	9	11	98.869	-7.68	0.0200096	12.4866	1234.54
8	14	10	12	103.59	-8.33	0.0200092	12.7568	1321.48
9	15	11	13	95.644	-7.62	0.0200093	12.7349	1218.02
10	16	12	14	95.05	-7.51	0.0200096	12.3809	1176.81
11	17	13	15	92.724	-7.48	0.0200099	12.4908	1158.2
12	18	14	16	96.674	-8	0.0200096	12.6053	1218.61
13	19	15	17	76.596	-7.48	0.0200118	12.7217	974.432
14	20	16	18	77.544	-7.69	0.0200116	12.3311	956.201
15	21	17	19	78.362	-7.23	0.0200118	11.7593	921.486
16	22	18	20	75.213	-7.07	0.0200122	12.1087	910.735
17	23	19	21	65.655	-7.04	0.0200143	14.1624	929.833
18	24	20	22	70.939	-7.72	0.0200129	13.9538	989.869
19	25	21	23	69.783	-7.86	0.0200137	11.8575	827.454
20	26	22	24	66.395	-8.09	0.0200143	11.2	743.626
21	27	23	25	79.305	-8.82	0.0200126	12.4212	985.065
22	28	24	26	88.952	-8.82	0.0200118	13.5989	1209.65
23	29	25	27	85.038	-7.39	0.0200118	13.5135	1149.17
24	30	26	28	86.038	-8.25	0.0200117	12.4098	1067.71
25	31	27	29	92.999	-9.92	0.0200109	12.1384	1128.86
26	32	28	30	94.111	-8.82	0.0200107	12.557	1181.75
27	33	29	31	88.101	-6.9	0.0200112	12.5457	1105.29
28	34	30	32	76.491	-8.53	0.0200132	12.7424	974.676
29	35	31	33	73.666	-8.9	0.020013	12.9199	951.76
30	36	32	34	72.458	-9.04	0.0200124	12.5295	907.86
31	37	33	35	62.232	-8.61	0.0200148	12.4947	777.569
32	38	34	36	53.097	-7.72	0.0200181	12.9045	685.189
33	39	35	37	51.85	-8.03	0.0200179	12.547	650.563
34	40	36	38	51.787	-8.89	0.0200177	12.2802	635.954
35	41	37	39	43.474	-8.15	0.0200211	12.5535	545.75
36	42	38	40	39.349	-7.67	0.0200223	12.9058	507.832
37	43	39	41	34.296	-7.65	0.0200259	12.9418	443.852
38	44	40	42	30.715	-7.28	0.0200286	12.5819	386.454
39	45	41	43	29.066	-6.19	0.0200293	12.4052	360.571
40	46	42	44	26.411	-5.92	0.0200307	12.9353	341.634
41	47	43	45	24.193	-5.72	0.0200358	12.8271	310.327
42	48	44	46	27.505	-5.01	0.0200332	12.1253	333.507
43	49	45	47	28.601	-5.57	0.0200304	12.4949	357.366
44	50	46	48	24.996	-5.83	0.0200339	13.3814	334.482
1	10	4	7	43.237	-7.74	0.0200202	18.2539	789.242
2	11	5	8	42.673	-8.32	0.0200204	19.2813	822.789
3	12	6	9	42.211	-8.02	0.02002	19.3421	816.45
4	13	7	10	54.868	-8.54	0.0200164	18.8392	1033.67
5	14	8	11	60.908	-7.8	0.0200151	18.6299	1134.71
6	15	9	12	59.518	-7.96	0.0200158	18.8111	1119.6
7	16	10	13	43.747	-7.97	0.0200205	19.1915	839.57
8	17	11	14	46.724	-8.23	0.0200188	18.9689	886.304
9	18	12	15	42.561	-7.34	0.0200202	18.898	804.319
10	19	13	16	40.473	-8.05	0.0200213	18.6667	755.496
11	20	14	17	35.45	-8.11	0.0200249	18.574	658.447
12	21	15	18	35.113	-8.23	0.0200251	17.8522	626.845
13	22	16	19	29.144	-6.98	0.0200309	17.7061	516.026
14	23	17	20	29.271	-7.04	0.0200297	18.9474	554.61
15	24	18	21	28.126	-6.49	0.0200319	20.888	587.497
16	25	19	22	28.376	-7.64	0.0200309	21.3644	606.236
17	26	20	23	25.911	-7.33	0.0200332	19.3893	502.396
18	27	21	24	30.856	-8.49	0.0200288	17.3717	536.021
19	28	22	25	30.091	-8.32	0.0200308	17.0003	511.556
20	29	23	26	33.427	-7.55	0.0200277	18.6486	623.368
21	30	24	27	31.011	-5.14	0.0200294	20.0685	622.343
22	31	25	28	33.386	-7.84	0.0200274	19.9288	665.342
23	32	26	29	32.493	-7.48	0.0200277	18.6182	604.962
24	33	27	30	36.543	-8.28	0.0200249	18.0841	660.846
25	34	28	31	36.259	-7.56	0.0200262	18.3878	666.725
26	35	29	32	36.915	-7.96	0.0200254	19.2589	710.942
27	36	30	33	33.319	-6.44	0.0200276	19.5854	652.566
28	37	31	34	31.25	-7.3	0.0200283	19.6619	614.435
29	38	32	35	30.565	-8.03	0.0200289	19.4398	594.178
30	39	33	36	28.045	-7.68	0.0200313	19.0925	535.448
31	40	34	37	25.295	-6.61	0.0200366	18.5886	470.197
32	41	35	38	23.722	-6.7	0.0200391	18.3159	434.49
33	42	36	39	22.639	-7.17	0.0200404	18.4331	417.307
34	43	37	40	21.191	-7.09	0.0200419	18.7986	398.361
35	44	38	41	20.984	-5.75	0.0200429	19.1938	402.763
36	45	39	42	18.945	-6.27	0.0200477	19.218	364.085
37	46	40	43	17.172	-5.93	0.0200519	19.2438	330.454
38	47	41	44	16.291	-6.84	0.020056	19.0855	310.923
39	48	42	45	16.738	-5.86	0.0200541	18.9906	317.865
40	49	43	46	17.868	-7.75	0.0200525	18.8276	336.411
41	50	44	47	18.551	-5.29	0.0200503	19.2942	357.927
1	13	5	9	23.56	-7.09	0.0200362	24.9143	586.981
2	14	6	10	23.847	-9.16	0.0200369	25.7565	614.215
3	15	7	11	28.714	-8.78	0.0200312	25.4908	731.943
4	16	8	12	33.375	-8.17	0.0200277	25.6427	855.824
5	17	9	13	34.965	-8.23	0.0200269	25.4783	890.85
6	18	10	14	30.715	-7.81	0.0200295	25.063	769.809
7	19	11	15	24.552	-7.69	0.0200365	25.4787	625.554
8	20	12	16	23.393	-7.8	0.0200371	24.5772	574.935
9	21	13	17	22.043	-7.51	0.0200393	23.6952	522.314
10	22	14	18	19.969	-7.72	0.0200442	23.5874	471.017
11	23	15	19	19.25	-7.76	0.0200471	24.0175	462.336
12	24	16	20	17.965	-7.77	0.0200518	25.7448	462.506
13	25	17	21	16.253	-7.48	0.0200544	27.4209	445.671
14	26	18	22	16.927	-6.75	0.020053	27.4636	464.877
15	27	19	23	15.804	-7.96	0.0200564	26.5787	420.05
16	28	20	24	17.078	-8.13	0.0200516	25.0804	428.323
17	29	21	25	17.977	-7.18	0.0200496	23.913	429.883
18	30	22	26	17.817	-6.41	0.0200506	23.5045	418.78
19	31	23	27	18.288	-5.67	0.0200499	24.3777	445.82
20	32	24	28	19.112	-6.51	0.0200481	24.9148	476.172
21	33	25	29	20.285	-6.49	0.0200463	25.2433	512.061
22	34	26	30	21.099	-6.88	0.0200446	25.3017	533.841
23	35	27	31	21.702	-8.24	0.0200436	24.4728	531.109
24	36	28	32	21.4	-7.09	0.0200444	25.1005	537.151
25	37	29	33	20.318	-6.88	0.020045	26.157	531.457
26	38	30	34	19.584	-5.96	0.0200457	26.4266	517.538
27	39	31	35	18.327	-6.68	0.0200486	26.9916	494.676
28	40	32	36	17.849	-9.01	0.0200502	26.0094	464.243
29	41	33	37	17.911	-6.52	0.0200512	24.8582	445.236
30	42	34	38	17.609	-6.36	0.0200535	24.6532	434.118
31	43	35	39	17.354	-6.57	0.0200549	24.0582	417.505
32	44	36	40	16.713	-5.49	0.0200589	24.2718	405.655
33	45	37	41	15.932	-5.64	0.0200591	24.8858	396.48
34	46	38	42	15.761	-6	0.0200592	25.3397	399.378
35	47	39	43	15.422	-6.04	0.0200612	25.6482	395.546
36	48	40	44	14.664	-5.95	0.0200649	25.668	376.395
37	49	41	45	14.674	-8.44	0.020065	25.6413	376.26
38	50	42	46	15.507	-5.9	0.0200622	25.7013	398.55
1	16	6	11	14.945	-8.07	0.0200621	31.8257	475.635
2	17	7	12	17.679	-8.27	0.020052	32.2802	570.681
3	18	8	13	19.422	-7.69	0.0200471	32.3539	628.377
4	19	9	14	20.92	-8.27	0.0200455	31.9312	668.001
5	20	10	15	20.446	-7.89	0.0200457	31.0627	635.107
6	21	11	16	19.282	-8.03	0.0200473	29.8741	576.032
7	22	12	17	15.088	-7.05	0.0200601	29.5086	445.226
8	23	13	18	14.973	-6.73	0.0200607	29.8282	446.617
9	24	14	19	14.034	-7.18	0.020065	30.4956	427.975
10	25	15	20	13.587	-9.41	0.0200676	31.5327	428.434
11	26	16	21	12.508	-8.11	0.0200745	33.1552	414.705
12	27	17	22	13.076	-9.77	0.0200708	33.7221	440.95
13	28	18	23	12.395	-9.92	0.0200748	33.0233	409.324
14	29	19	24	12.412	-3.94	0.0200734	32.3921	402.05
15	30	20	25	12.66	-1.1	0.0200727	31.449	398.144
16	31	21	26	13.569	-4.25	0.0200682	30.2291	410.178
17	32	22	27	13.396	-9.3	0.0200693	29.4892	395.038
18	33	23	28	14.872	-6.25	0.0200638	29.5861	440.004
19	34	24	29	15.922	-4.43	0.0200621	30.0454	478.383
20	35	25	30	16.514	-6.46	0.0200589	30.7765	508.244
21	36	26	31	16.352	-7.86	0.0200595	31.2895	511.647
22	37	27	32	16.538	-7.26	0.020059	32.2879	533.977
23	38	28	33	15.724	-8.3	0.0200608	32.8967	517.268
24	39	29	34	15.091	-6.21	0.0200607	33.0411	498.624
25	40	30	35	14.299	-6.26	0.0200648	33.1642	474.215
26	41	31	36	13.924	-6.3	0.0200668	33.2699	463.249
27	42	32	37	13.676	-5.84	0.0200673	32.2554	441.125
28	43	33	38	14.088	-7.64	0.020067	31.0026	436.764
29	44	34	39	14.628	-6	0.0200667	30.3483	443.935
30	45	35	40	14.899	-6.11	0.0200649	30.0344	447.482
31	46	36	41	14.578	-3.84	0.0200669	30.2085	440.38
32	47	37	42	14.195	-6.52	0.0200694	30.7298	436.21
33	48	38	43	14.444	-4.46	0.0200675	31.2494	451.366
34	49	39	44	14.047	-6.66	0.0200687	31.9354	448.596
35	50	40	45	13.863	-8.43	0.0200701	32.6474	452.591
1	19	7	13	12.149	-7.33	0.0200785	38.2557	464.768
2	20	8	14	13.087	-6.82	0.0200713	37.8107	494.829
3	21	9	15	14.024	-6.74	0.0200681	37.0467	519.543
4	22	10	16	14.076	-7.44	0.0200673	35.9969	506.693
5	23	11	17	14.572	-7.33	0.0200654	36.0252	524.96
6	24	12	18	12.901	-7.1	0.0200715	36.0997	465.723
7	25	13	19	11.418	-10.38	0.0200821	36.2839	414.289
8	26	14	20	10.881	-8.71	0.0200867	37.3334	406.224
9	27	15	21	10.648	-7.53	0.020087	38.6372	411.409
10	28	16	22	10.699	-8.18	0.0200886	39.6939	424.685
11	29	17	23	10.358	-7.93	0.0200901	39.0496	404.476
12	30	18	24	10.649	-9.31	0.0200896	38.3956	408.874
13	31	19	25	10.366	-7	0.020091	38.5339	399.443
14	32	20	26	11.02	-10.68	0.0200861	37.4793	413.022
15	33	21	27	11.617	-6.11	0.0200827	35.9694	417.857
16	34	22	28	12.477	-5.22	0.0200782	34.8899	435.321
17	35	23	29	13.533	-6.3	0.0200735	35.3395	478.25
18	36	24	30	14.038	-9.55	0.0200703	36.3515	510.302
19	37	25	31	14.274	-7.4	0.0200695	36.8851	526.498
20	38	26	32	14.03	-10.44	0.0200707	38.132	534.992
21	39	27	33	13.696	-5.45	0.0200715	39.6182	542.611
22	40	28	34	13.362	-7.39	0.020072	40.3656	539.366
23	41	29	35	12.821	-8.1	0.0200741	40.3917	517.863
24	42	30	36	12.402	-6.48	0.020077	39.6893	492.227
25	43	31	37	12.031	-6.65	0.0200788	39.1094	470.525
26	44	32	38	12.115	-6.86	0.0200785	38.0376	460.826
27	45	33	39	12.457	-5.69	0.0200769	37.084	461.956
28	46	34	40	12.909	-6.27	0.0200759	36.7365	474.232
29	47	35	41	13.283	-7.1	0.0200747	36.0707	479.127
30	48	36	42	13.533	-8.16	0.0200737	35.9439	486.429
31	49	37	43	13.603	-6.85	0.0200727	36.554	497.243
32	50	38	44	13.421	-5.67	0.0200735	37.9189	508.91
1	22	8	15	10.225	-6.54	0.0200949	42.2544	432.051
2	23	9	16	10.693	-8.03	0.0200906	42.7553	457.183
3	24	10	17	10.61	-7.27	0.0200907	43.0299	456.547
4	25	11	18	10.866	-6.41	0.0200882	42.7962	465.024
5	26	12	19	10.572	-7.12	0.02009	41.9883	443.901
6	27	13	20	10.134	-8.09	0.0200939	42.5658	431.362
7	28	14	21	8.98	-10.65	0.0201062	44.6774	401.203
8	29	15	22	9.159	-9.66	0.0201036	45.2912	414.822
9	30	16	23	8.8	-8.68	0.020108	44.6343	392.782
10	31	17	24	9.017	-9.12	0.020105	44.1302	397.922
11	32	18	25	9.257	-6.99	0.0201039	43.8439	405.863
12	33	19	26	9.727	-8.37	0.0201001	44.1165	429.121
13	34	20	27	10.083	-7.18	0.0200971	43.4352	437.957
14	35	21	28	11.052	-7.72	0.0200892	41.4434	458.032
15	36	22	29	11.659	-7.81	0.0200858	40.9126	477
16	37	23	30	12.479	-8.14	0.0200797	42.1424	525.895
17	38	24	31	12.79	-7.39	0.0200782	43.3125	553.968
18	39	25	32	12.658	-8.65	0.0200788	44.4798	563.025
19	40	26	33	12.327	-8.55	0.0200806	44.9172	553.694
20	41	27	34	12.364	-8.16	0.0200795	45.585	563.613
21	42	28	35	12.092	-7.84	0.0200807	47.3351	572.376
22	43	29	36	11.882	-7.81	0.0200817	47.6715	566.433
23	44	30	37	11.465	-7.44	0.0200845	46.0702	528.195
24	45	31	38	11.263	-7.22	0.0200858	45.0324	507.2
25	46	32	39	11.26	-7.75	0.0200854	44.0936	496.493
26	47	33	40	11.607	-9.83	0.0200839	43.3088	502.685
27	48	34	41	11.864	-8.05	0.0200835	42.9308	509.331
28	49	35	42	12.21	-9.72	0.0200815	42.2752	516.18
29	50	36	43	12.529	-7.92	0.0200797	42.5304	532.864
1	25	9	17	8.807	-8.64	0.020113	48.6803	428.727
2	26	10	18	8.493	-8.18	0.020114	48.7379	413.931
3	27	11	19	8.788	-8.98	0.0201104	48.5678	426.814
4	28	12	20	8.495	-10.87	0.0201135	49.1329	417.384
5	29	13	21	8.459	-9.15	0.0201135	50.0937	423.743
6	30	14	22	8.236	-8.25	0.020117	50.6271	416.965
7	31	15	23	7.74	-8.5	0.0201239	50.0054	387.042
8	32	16	24	7.911	-8.28	0.0201222	49.3908	390.731
9	33	17	25	8.207	-7.52	0.020117	49.1688	403.529
10	34	18	26	8.764	-7.8	0.0201128	49.6388	435.034
11	35	19	27	8.976	-9.25	0.0201098	49.8429	447.39
12	36	20	28	9.776	-7.96	0.0201016	48.9863	478.89
13	37	21	29	10.516	-6.5	0.0200956	48.0007	504.775
14	38	22	30	11.119	-8.42	0.0200898	48.0048	533.766
15	39	23	31	11.58	-9.07	0.0200869	49.3035	570.935
16	40	24	32	11.672	-8.21	0.020086	50.8299	593.287
17	41	25	33	11.601	-7.74	0.0200864	51.8035	600.973
18	42	26	34	11.499	-8.71	0.0200854	51.883	596.602
19	43	27	35	11.733	-8.09	0.0200845	52.1588	611.979
20	44	28	36	11.588	-5.73	0.0200856	52.9642	613.749
21	45	29	37	11.299	-7.58	0.0200865	53.4691	604.147
22	46	30	38	10.994	-7.43	0.0200893	53.0617	583.361
23	47	31	39	10.738	-9.37	0.020091	51.7789	556.002
24	48	32	40	10.864	-8.8	0.0200898	50.2232	545.625
25	49	33	41	11.029	-8.91	0.020089	49.5448	546.43
26	50	34	42	11.183	-7.95	0.0200895	49.6658	555.413
1	28	10	19	7.418	-9.12	0.0201338	54.1066	401.363
2	29	11	20	7.262	-8.77	0.0201348	55.4458	402.648
3	30	12	21	6.945	-9.51	0.0201392	56.425	391.871
4	31	13	22	7.144	-9.14	0.0201361	56.4461	403.251
5	32	14	23	7.18	-8.06	0.0201356	55.1501	395.978
6	33	15	24	7.404	-8.44	0.0201313	54.1025	400.575
7	34	16	25	7.364	-7.46	0.020134	54.6529	402.464
8	35	17	26	7.779	-5.8	0.0201268	55.0805	428.471
9	36	18	27	8.094	-7.03	0.0201223	55.5206	449.384
10	37	19	28	8.717	-8.78	0.0201141	55.9118	487.384
11	38	20	29	9.453	-8.31	0.0201062	55.5331	524.954
12	39	21	30	10.167	-8.81	0.0200988	55.1264	560.47
13	40	22	31	10.482	-7.86	0.0200961	55.0862	577.413
14	41	23	32	10.894	-7.73	0.0200925	56.7367	618.09
15	42	24	33	10.977	-7.73	0.0200915	58.5322	642.508
16	43	25	34	11.098	-8.14	0.0200896	58.8433	653.043
17	44	26	35	11.156	-9.71	0.0200889	58.9174	657.282
18	45	27	36	11.354	-8.13	0.0200877	58.7149	666.649
19	46	28	37	11.225	-7.85	0.0200883	58.7802	659.807
20	47	29	38	10.887	-9.71	0.0200908	58.9514	641.803
21	48	30	39	10.611	-7.27	0.0200932	58.933	625.339
22	49	31	40	10.494	-8.76	0.0200939	59.0163	619.317
23	50	32	41	10.356	-9.78	0.0200951	57.8991	599.603
1	31	11	21	6.2	-8.38	0.0201594	61.8164	383.262
2	32	12	22	6.152	-8.43	0.0201588	62.0163	381.524
3	33	13	23	6.262	-9.22	0.0201563	60.6959	380.078
4	34	14	24	6.532	-8.65	0.0201517	60.0513	392.255
5	35	15	25	6.898	-6.82	0.0201437	59.5866	411.028
6	36	16	26	7.174	-7.59	0.0201391	60.4268	433.502
7	37	17	27	7.293	-7.07	0.0201358	61.4822	448.39
8	38	18	28	7.931	-7.72	0.020126	61.9011	490.937
9	39	19	29	8.477	-6.49	0.0201184	62.5071	529.872
10	40	20	30	9.177	-8.61	0.0201091	62.566	574.169
11	41	21	31	9.791	-7.6	0.0201029	61.7743	604.832
12	42	22	32	10.168	-7.74	0.0200995	62.6164	636.684
13	43	23	33	10.414	-7.91	0.0200971	64.4896	671.595
14	44	24	34	10.653	-10.59	0.0200935	65.414	696.855
15	45	25	35	10.845	-7.89	0.0200919	66.1485	717.381
16	46	26	36	10.865	-6.92	0.0200916	65.8854	715.845
17	47	27	37	11.01	-9.95	0.0200906	65.1271	717.049
18	48	28	38	10.856	-8.38	0.0200916	64.8871	704.414
19	49	29	39	10.653	-8.07	0.020093	64.8831	691.199
20	50	30	40	10.263	-8.09	0.0200971	65.4241	671.448
1	34	12	23	5.629	-9.37	0.020177	65.807	370.427
2	35	13	24	5.811	-8.68	0.020171	65.2842	379.367
3	36	14	25	6.021	-4.56	0.0201651	65.7637	395.963
4	37	15	26	6.446	-8.17	0.0201549	66.4294	428.204
5	38	16	27	6.809	-7.74	0.0201469	67.2219	457.714
6	39	17	28	7.331	-7.9	0.0201362	67.6037	495.603
7	40	18	29	7.813	-7.3	0.0201298	68.3585	534.085
8	41	19	30	8.417	-9.37	0.0201193	69.463	584.67
9	42	20	31	9.029	-7.25	0.0201109	69.4117	626.718
10	43	21	32	9.544	-7.59	0.0201056	69.3217	661.606
11	44	22	33	9.84	-7.87	0.0201024	69.7737	686.574
12	45	23	34	10.273	-9.33	0.0200976	71.3648	733.131
13	46	24	35	10.422	-8.08	0.0200959	73.1446	762.313
14	47	25	36	10.555	-11.01	0.0200952	73.0836	771.397
15	48	26	37	10.596	-8.88	0.0200942	72.2585	765.651
16	49	27	38	10.686	-9.45	0.0200935	71.6942	766.125
17	50	28	39	10.465	-8.66	0.0200952	72.1634	755.19
1	37	13	25	5.516	-8.27	0.0201819	70.8335	390.717
2	38	14	26	5.818	-6.27	0.0201728	72.4737	421.652
3	39	15	27	6.125	-7.62	0.0201631	73.3444	449.234
4	40	16	28	6.662	-8.39	0.0201511	73.7989	491.649
5	41	17	29	7.344	-6.83	0.0201376	74.0661	543.942
6	42	18	30	7.992	-7.15	0.0201256	75.1726	600.78
7	43	19	31	8.437	-7.05	0.0201196	76.3316	644.01
8	44	20	32	8.933	-7.48	0.0201132	76.817	686.206
9	45	21	33	9.341	-5.44	0.0201076	76.5473	715.028
10	46	22	34	9.651	-8.17	0.0201033	76.978	742.915
11	47	23	35	10.003	-11.09	0.0201002	78.6061	786.297
12	48	24	36	10.255	-8.89	0.0200983	79.7662	818.002
13	49	25	37	10.277	-8.44	0.0200974	79.9184	821.322
14	50	26	38	10.17	-9.53	0.0200984	79.553	809.054
1	40	14	27	5.681	-7.91	0.0201778	78.5812	446.42
2	41	15	28	6.19	-7.19	0.0201625	79.3862	491.401
3	42	16	29	6.793	-6.95	0.0201494	80.5104	546.907
4	43	17	30	7.439	-7.91	0.0201356	81.4727	606.075
5	44	18	31	8.083	-6.73	0.0201253	81.9555	662.446
6	45	19	32	8.504	-6.64	0.0201185	83.5033	710.112
7	46	20	33	8.775	-6.78	0.0201146	84.4397	740.959
8	47	21	34	9.172	-9.43	0.0201093	83.6869	767.576
9	48	22	35	9.471	-7.83	0.0201055	83.9536	795.125
10	49	23	36	9.79	-10.71	0.0201028	85.6294	838.312
11	50	24	37	9.864	-9.06	0.0201016	86.9052	857.233
1	43	15	29	6.446	-7.15	0.0201573	85.4045	550.517
2	44	16	30	6.995	-7.78	0.0201442	87.2706	610.458
3	45	17	31	7.577	-7.06	0.0201334	88.3975	669.788
4	46	18	32	8.032	-5.13	0.0201265	90.0988	723.673
5	47	19	33	8.352	-9.08	0.020121	91.1891	761.611
6	48	20	34	8.754	-10.29	0.0201145	91.0288	796.867
7	49	21	35	9.023	-7.85	0.020111	91.066	821.689
8	50	22	36	9.188	-7.89	0.0201096	91.6434	842.02
1	46	16	31	7.199	-5.64	0.0201408	93.836	675.525
2	47	17	32	7.563	-9.14	0.0201346	95.9855	725.938
3	48	18	33	7.929	-8.48	0.0201282	97.6183	774.016
4	49	19	34	8.196	-7.86	0.0201221	98.8503	810.177
5	50	20	35	8.49	-9.42	0.0201176	99.2567	842.689
1	49	17	33	7.515	-7.69	0.0201348	103.16	775.246
2	50	18	34	7.727	-5.7	0.0201299	105.482	815.057
