50# Number of sensors
#x	y	z
0	0	541.493
0.9871	0	541.333
1.9648	0	541.123
2.9476	0	540.938
3.9377	0	540.798
4.9359	0	540.738
5.9274	0	540.608
6.912	0	540.433
7.8999	0	540.278
8.8862	0	540.113
9.8708	0	539.938
10.8571	0	539.773
11.8302	0	539.543
12.8139	0	539.363
13.8026	0	539.213
14.7853	0	539.028
15.7829	0	538.958
16.7692	0	538.793
17.7689	0	538.768
18.7664	0	538.698
19.7531	0	538.535
20.6841	0	538.17
21.6596	0	537.95
22.6498	0	537.81
23.6483	0	537.755
24.6377	0	537.61
25.6248	0	537.45
26.6056	0	537.255
27.6024	0	537.175
28.5911	0	537.025
29.5826	0	536.895
30.5741	0	536.765
31.5384	0	536.5
32.5092	0	536.26
33.472	0	535.99
34.4194	0	535.67
35.3794	0	535.39
36.349	0	535.145
37.3233	0	534.92
38.301	0	534.71
39.2742	0	534.48
40.2508	0	534.265
41.2326	0	534.075
42.2103	0	533.865
43.1835	0	533.635
44.1623	0	533.43
45.1538	0	533.3
46.1194	0	533.04
47.1012	0	532.85
48.0719	0	532.61
784# Number of data
#a	b	m	n	R	ip	err	k	rhoa
1	2	4	3	68.15	8.5	0.0200101	19.4897	1328.22
2	3	5	4	72.881	7.09	0.0200093	19.5546	1425.16
3	4	6	5	60.573	6.75	0.0200111	19.7817	1198.24
4	5	7	6	43.05	15.11	0.0200174	18.8222	810.295
5	6	8	7	36.43	15.15	0.0200222	17.7253	645.731
6	7	9	8	31.513	10.61	0.0200283	19.572	616.771
7	8	10	9	62.51	10.39	0.020011	19.2949	1206.12
8	9	11	10	62.745	7.3	0.0200117	18.988	1191.4
9	10	12	11	62.151	9.88	0.0200114	19.1462	1189.95
10	11	13	12	59.236	8.21	0.0200118	18.7237	1109.12
11	12	14	13	64.261	7.7	0.0200094	18.8301	1210.04
12	13	15	14	57.02	7.05	0.0200121	20.0586	1143.74
13	14	16	15	69.202	7.91	0.0200093	18.2025	1259.65
14	15	17	16	58.468	8.08	0.0200117	19.6545	1149.16
15	16	18	17	77.576	9.13	0.0200084	18.3828	1426.06
16	17	19	18	77.111	8.41	0.0200091	18.8286	1451.89
17	18	20	19	71.171	7.64	0.0200097	20.2701	1442.65
18	19	21	20	71.487	8.43	0.0200107	18.3173	1309.45
19	20	22	21	77.447	9.51	0.0200096	17.2824	1338.47
20	21	23	22	52.762	9.25	0.020015	18.9626	1000.51
21	22	24	23	64.016	10.01	0.0200114	21.2428	1359.88
22	23	25	24	47.807	8.92	0.020015	19.6516	939.485
23	24	26	25	60.939	9.21	0.0200103	18.6559	1136.87
24	25	27	26	57.929	9.17	0.0200113	18.4255	1067.37
25	26	28	27	71.757	10.2	0.0200085	18.8423	1352.07
26	27	29	28	56.802	9.69	0.0200107	19.9828	1135.06
27	28	30	29	63.121	10.96	0.0200098	19.3933	1224.13
28	29	31	30	60.109	10.65	0.0200109	18.3405	1102.43
29	30	32	31	54.317	9.36	0.0200119	19.9388	1083.02
30	31	33	32	47.717	9.04	0.020013	18.0592	861.731
31	32	34	33	46.836	9.13	0.0200147	18.8302	881.929
32	33	35	34	41.025	8.28	0.0200171	20.0747	823.566
33	34	36	35	53	10.29	0.0200121	18.3368	971.851
34	35	37	36	50.769	10.5	0.0200134	19.1405	971.746
35	36	38	37	40.12	10.46	0.020021	19.8855	797.807
36	37	39	38	38.78	10.96	0.0200187	19.2432	746.25
37	38	40	39	38.44	9.75	0.0200164	19.4282	746.82
38	39	41	40	36.538	9.35	0.0200184	19.0734	696.902
39	40	42	41	32.717	10.33	0.0200203	18.9059	618.546
40	41	43	42	31.33	8.76	0.0200201	19.6492	615.61
41	42	44	43	28.31	9.44	0.0200262	19.3419	547.568
42	43	45	44	27.71	8.7	0.0200256	18.8629	522.691
43	44	46	45	30.36	9.08	0.0200256	18.9774	576.154
44	45	47	46	25.997	8.75	0.0200258	20.4911	532.708
45	46	48	47	25.489	8.2	0.0200328	18.4756	470.925
46	47	49	48	21.703	1.15	0.0200284	18.8189	408.426
47	48	50	49	30.295	9.43	0.0200231	19.4429	589.024
1	3	7	5	25.546	8.35	0.0200302	41.2338	1053.36
2	4	8	6	23.278	13.02	0.020034	39.6893	923.889
3	5	9	7	32.421	7.58	0.0200232	35.2313	1142.23
4	6	10	8	34.399	4.31	0.0200213	35.295	1214.11
5	7	11	9	24.583	9.74	0.0200316	38.1621	938.14
6	8	12	10	30.832	9.74	0.0200244	38.2234	1178.5
7	9	13	11	38.447	6.96	0.0200201	37.8021	1453.38
8	10	14	12	34.05	8.88	0.0200215	37.0855	1262.76
9	11	15	13	29.525	11.5	0.0200232	36.7558	1085.22
10	12	16	14	28.846	11.12	0.0200244	38.5365	1111.62
11	13	17	15	26.961	9.71	0.0200277	38.0366	1025.5
12	14	18	16	25.55	8.25	0.0200273	36.8378	941.207
13	15	19	17	26.784	7.49	0.020026	38.1369	1021.46
14	16	20	18	30.142	7.45	0.0200223	38.0523	1146.97
15	17	21	19	24.457	7.5	0.0200309	41.3243	1010.67
16	18	22	20	25.295	7.04	0.0200284	38.4701	973.101
17	19	23	21	23.853	6.85	0.0200308	31.689	755.879
18	20	24	22	17.78	8.14	0.0200411	32.247	573.352
19	21	25	23	17.929	8.75	0.0200383	41.8975	751.181
20	22	26	24	18.953	8.26	0.020034	45.4705	861.802
21	23	27	25	17.781	8.09	0.0200364	40.1251	713.465
22	24	28	26	19.761	8.69	0.0200307	35.2891	697.348
23	25	29	27	22.534	8.85	0.0200255	35.268	794.729
24	26	30	28	22.999	8.74	0.0200243	39.0676	898.515
25	27	31	29	22.216	8.84	0.0200233	41.0141	911.17
26	28	32	30	23.46	8.74	0.0200265	38.2639	897.67
27	29	33	31	24.29	9.37	0.0200273	37.9982	922.975
28	30	34	32	22.036	9.13	0.0200283	37.107	817.689
29	31	35	33	20.608	8.31	0.0200344	35.1079	723.505
30	32	36	34	18.774	8.41	0.0200447	37.7517	708.75
31	33	37	35	19.469	8.51	0.0200387	37.741	734.779
32	34	38	36	19.127	9.56	0.0200333	36.6457	700.923
33	35	39	37	16.51	9.92	0.0200422	39.1332	646.088
34	36	40	38	13.811	9.65	0.0200505	40.1907	555.074
35	37	41	39	11.779	9.1	0.0200576	38.9924	459.291
36	38	42	40	9.919	9.75	0.0200666	37.6275	373.227
37	39	43	41	9.029	9.55	0.0200773	36.8525	332.741
38	40	44	42	9.147	9.55	0.0200735	38.3305	350.609
39	41	45	43	8.732	9.06	0.0200932	38.8612	339.336
40	42	46	44	8.301	8.75	0.0200944	36.9847	307.01
41	43	47	45	8.055	8.1	0.020084	36.7617	296.115
42	44	48	46	7.579	8.21	0.0201032	39.729	301.106
43	45	49	47	7.787	8.13	0.0201252	38.079	296.521
44	46	50	48	8.529	4.87	0.0201085	34.5299	294.506
1	4	10	7	20.935	10.17	0.0200371	57.7962	1209.96
2	5	11	8	26.546	6.8	0.0200281	53.8762	1430.2
3	6	12	9	24.286	7.96	0.0200304	53.9967	1311.36
4	7	13	10	18.211	9.31	0.020045	56.3676	1026.51
5	8	14	11	19.931	10.42	0.0200401	56.9222	1134.52
6	9	15	12	19.51	10.39	0.020041	56.1564	1095.61
7	10	16	13	18.218	13.65	0.0200413	55.0871	1003.58
8	11	17	14	15.429	15.36	0.0200506	56.3143	868.873
9	12	18	15	14.68	15.12	0.0200523	57.0185	837.031
10	13	19	16	12.237	12.35	0.0200652	58.2143	712.368
11	14	20	17	12.387	9.83	0.0200605	58.0274	718.785
12	15	21	18	11.5	7.77	0.0200668	60.4744	695.455
13	16	22	19	10.951	7.3	0.0200714	61.0698	668.775
14	17	23	20	9.985	7.71	0.0200816	56.9715	568.86
15	18	24	21	9.623	7.16	0.020078	49.6	477.301
16	19	25	22	7.588	7.04	0.0201045	46.861	355.581
17	20	26	23	7.371	8.49	0.020099	54.564	402.191
18	21	27	24	6.811	8.33	0.0201048	65.391	445.378
19	22	28	25	7.893	8.99	0.0200868	67.141	529.944
20	23	29	26	7.711	9.57	0.0200926	58.6019	451.88
21	24	30	27	9.358	10.05	0.0200687	53.5354	500.984
22	25	31	28	9.516	9.79	0.0200646	55.1082	524.41
23	26	32	29	10.359	9.38	0.0200556	59.7876	619.34
24	27	33	30	10.08	8.64	0.0200617	60.6365	611.215
25	28	34	31	11.069	9.21	0.0200624	58.768	650.503
26	29	35	32	11.621	9.21	0.0200625	55.0542	639.785
27	30	36	33	11.9	8.75	0.0200645	53.5402	637.128
28	31	37	34	11.072	9.11	0.0200789	53.0561	587.437
29	32	38	35	10.475	8.77	0.0200839	54.3529	569.347
30	33	39	36	9.108	8.81	0.0200891	55.8306	508.505
31	34	40	37	8.198	9.57	0.0200915	57.8556	474.3
32	35	41	38	7.404	9.03	0.0200966	60.4598	447.645
33	36	42	39	6.222	8.2	0.0201229	60.6308	377.245
34	37	43	40	5.089	8.25	0.0201587	58.4853	297.632
35	38	44	41	4.428	7.78	0.0201882	56.8277	251.633
36	39	45	42	4.3	7.48	0.0201945	56.9204	244.758
37	40	46	43	4.297	7.65	0.0202146	56.966	244.783
38	41	47	44	4.284	7.07	0.0202107	56.6627	242.743
39	42	48	45	4.262	7.18	0.0202044	56.0763	238.997
40	43	49	46	4.163	7.16	0.0202035	57.6134	239.845
41	44	50	47	4.708	7.44	0.0202136	56.3017	265.068
1	5	13	9	17.743	8.68	0.0200436	73.8986	1311.18
2	6	14	10	16.001	8.33	0.0200499	72.1833	1155.01
3	7	15	11	12.745	9.9	0.0200669	74.3204	947.214
4	8	16	12	11.934	12.44	0.0200699	73.7078	879.629
5	9	17	13	11.107	13.34	0.0200743	73.5541	816.966
6	10	18	14	9.804	16.15	0.0200855	75.4482	739.694
7	11	19	15	8.868	16.52	0.0200942	75.1184	666.15
8	12	20	16	7.613	15.68	0.0201084	78.7812	599.761
9	13	21	17	6.73	13.19	0.0201242	81.5985	549.158
10	14	22	18	6.305	9.92	0.0201308	80.8826	509.965
11	15	23	19	5.35	7.73	0.0201645	81.7902	437.578
12	16	24	20	5.476	5.99	0.0201574	75.0927	411.207
13	17	25	21	5.054	4.94	0.0201726	68.3166	345.272
14	18	26	22	4.395	5.4	0.0201952	65.6202	288.401
15	19	27	23	4.37	5.65	0.0201935	69.1392	302.138
16	20	28	24	4.112	7.06	0.0202012	77.1256	317.141
17	21	29	25	4.302	7.57	0.0201914	85.0274	365.788
18	22	30	26	4.864	9.56	0.0201665	84.7281	412.117
19	23	31	27	5.281	9.69	0.0201525	78.125	412.578
20	24	32	28	5.768	10.18	0.0201326	75.9829	438.269
21	25	33	29	5.999	10.04	0.0201177	76.8966	461.303
22	26	34	30	6.244	9.22	0.0201178	77.2532	482.369
23	27	35	31	6.356	8.51	0.0201196	79.2451	503.682
24	28	36	32	7.055	8.41	0.0201138	74.6808	526.873
25	29	37	33	7.824	8.11	0.0201121	70.5189	551.74
26	30	38	34	7.878	8.02	0.0201171	70.6124	556.284
27	31	39	35	7.726	8.1	0.0201207	68.644	530.343
28	32	40	36	6.689	8.7	0.020139	72.0684	482.065
29	33	41	37	5.767	8.12	0.0201568	76.7449	442.588
30	34	42	38	5.172	7.98	0.0201585	78.539	406.204
31	35	43	39	4.463	7.6	0.0201851	81.7644	364.914
32	36	44	40	3.797	6.83	0.020235	81.0234	307.646
33	37	45	41	3.335	6.94	0.02028	78.2501	260.964
34	38	46	42	3.128	6.6	0.0203032	77.2606	241.671
35	39	47	43	3.008	6.51	0.0203336	75.9677	228.511
36	40	48	44	3.015	6.49	0.0203228	75.1232	226.497
37	41	49	45	3.127	5.96	0.0203077	74.9336	234.317
38	42	50	46	3.237	6.35	0.0202976	75.6545	244.894
1	6	16	11	10.696	9.64	0.0200786	90.9501	972.802
2	7	17	12	7.922	12.25	0.020111	91.3193	723.432
3	8	18	13	7.294	15.24	0.0201167	90.9858	663.65
4	9	19	14	6.751	14.93	0.0201322	92.9138	627.261
5	10	20	15	6.027	15.94	0.0201462	95.1741	573.615
6	11	21	16	4.906	16.85	0.0201796	99.3029	487.18
7	12	22	17	4.64	15.97	0.0201845	102.106	473.77
8	13	23	18	4.018	13.8	0.0202211	102.067	410.106
9	14	24	19	3.549	10.83	0.0202541	100.554	356.865
10	15	25	20	3.386	7.11	0.0202725	96.4365	326.534
11	16	26	21	3.53	5.04	0.0202573	87.8534	310.122
12	17	27	22	3.189	2.82	0.0203008	84.6929	270.086
13	18	28	23	3.323	3.54	0.0202779	87.7199	291.493
14	19	29	24	3.356	4.96	0.0202782	91.2105	306.102
15	20	30	25	3.448	7.61	0.0202655	96.862	333.98
16	21	31	26	3.519	8.66	0.0202608	102.703	361.411
17	22	32	27	4.093	9.57	0.0202169	103.597	424.021
18	23	33	28	4.195	9.62	0.0202141	100.241	420.51
19	24	34	29	4.45	10.1	0.020189	97.8299	435.343
20	25	35	30	4.568	10.3	0.0201877	95.8382	437.789
21	26	36	31	4.843	9.92	0.0201787	95.9768	464.816
22	27	37	32	4.96	8.68	0.0201763	92.2896	457.757
23	28	38	33	5.6	8.46	0.0201646	87.7721	491.524
24	29	39	34	6.058	7.79	0.0201632	86.655	524.956
25	30	40	35	6.164	7.58	0.0201557	86.3045	531.981
26	31	41	36	5.643	7.96	0.02017	86.2267	486.577
27	32	42	37	5.082	7.42	0.0201912	91.522	465.115
28	33	43	38	4.459	7.73	0.0202076	96.7846	431.563
29	34	44	39	3.824	7.47	0.0202331	99.467	380.362
30	35	45	40	3.283	6.56	0.0202813	101.543	333.364
31	36	46	41	2.95	6.72	0.0203268	100.96	297.833
32	37	47	42	2.73	5.8	0.0203535	99.18	270.761
33	38	48	43	2.615	6.41	0.0203915	97.0582	253.807
34	39	49	44	2.608	5.71	0.0203874	94.2798	245.882
35	40	50	45	2.72	5.85	0.020364	92.6496	252.007
1	7	19	13	5.048	15.19	0.0201758	109.803	554.285
2	8	20	14	4.646	16.25	0.020196	112.174	521.161
3	9	21	15	4.389	14.9	0.0202104	114.14	500.96
4	10	22	16	3.759	15.14	0.0202429	118.388	445.019
5	11	23	17	3.287	15.83	0.020273	119.94	394.242
6	12	24	18	3	17.67	0.0202992	121.523	364.569
7	13	25	19	2.672	15	0.0203455	122.506	327.335
8	14	26	20	2.672	11.18	0.0203431	116.378	310.961
9	15	27	21	2.643	7.93	0.020354	109.3	288.879
10	16	28	22	2.706	6.37	0.0203536	103.913	281.188
11	17	29	23	2.85	6.08	0.0203409	107.319	305.86
12	18	30	24	2.975	4.86	0.0203234	110.583	328.983
13	19	31	25	3.152	5.03	0.0203077	111.06	350.061
14	20	32	26	3.154	7.79	0.0203084	114.94	362.522
15	21	33	27	3.318	9.04	0.0202855	121.677	403.724
16	22	34	28	3.554	9.46	0.020262	125.192	444.934
17	23	35	29	3.625	10.04	0.0202546	120.756	437.739
18	24	36	30	3.805	10.68	0.0202465	114.963	437.435
19	25	37	31	3.871	10.71	0.0202407	113.869	440.787
20	26	38	32	4.087	10.67	0.0202293	110.363	451.053
21	27	39	33	4.35	9.35	0.0202197	105.86	460.493
22	28	40	34	4.722	9.06	0.0202098	102.687	484.886
23	29	41	35	4.996	8.18	0.020201	100.997	504.581
24	30	42	36	4.781	7.38	0.0202038	103.048	492.671
25	31	43	37	4.528	7.53	0.0202148	105.801	479.069
26	32	44	38	4.133	6.94	0.0202328	111.604	461.261
27	33	45	39	3.606	6.76	0.020266	116.483	420.039
28	34	46	40	3.155	6.95	0.0203002	118.043	372.426
29	35	47	41	2.819	6.62	0.0203353	120.973	341.024
30	36	48	42	2.653	5.99	0.0203675	121.89	323.373
31	37	49	43	2.52	5.81	0.0204026	119.067	300.048
32	38	50	44	2.505	6.09	0.0204002	114.655	287.21
1	8	22	15	3.188	15.77	0.0202933	134.704	429.435
2	9	23	16	2.91	14.07	0.0203261	135.992	395.738
3	10	24	17	2.711	13.91	0.0203412	137.37	372.41
4	11	25	18	2.449	15.71	0.0203775	139.067	340.576
5	12	26	19	2.249	16.93	0.0204026	142.931	321.451
6	13	27	20	2.167	16.32	0.0204239	139.105	301.441
7	14	28	21	2.327	12.56	0.0203975	128.68	299.439
8	15	29	22	2.386	8.88	0.0203992	125.188	298.7
9	16	30	23	2.632	8.68	0.0203587	127.328	335.127
10	17	31	24	2.713	6.99	0.020355	130.657	354.474
11	18	32	25	2.837	7.38	0.0203403	131.539	373.177
12	19	33	26	2.929	6.96	0.0203344	129.772	380.102
13	20	34	27	3.06	7.54	0.0203166	133.284	407.848
14	21	35	28	3.072	9.01	0.0203139	142.718	438.428
15	22	36	29	3.238	9.65	0.0202907	144.837	468.983
16	23	37	30	3.219	9.85	0.0203031	136.707	440.061
17	24	38	31	3.333	11.08	0.0202914	131.396	437.944
18	25	39	32	3.43	11.46	0.0202817	126.751	434.757
19	26	40	33	3.648	10.95	0.0202675	124.455	454.01
20	27	41	34	3.773	10.33	0.0202646	122.761	463.178
21	28	42	35	4.007	9.61	0.0202492	117.574	471.119
22	29	43	36	4.015	8.24	0.0202497	116.624	468.244
23	30	44	37	3.972	7.48	0.0202463	121.494	482.575
24	31	45	38	3.77	7.45	0.0202566	125.238	472.147
25	32	46	39	3.439	6.95	0.0202834	130.99	450.474
26	33	47	40	3.07	6.2	0.0203153	135.116	414.806
27	34	48	41	2.86	5.9	0.0203352	136.885	391.492
28	35	49	42	2.721	6.55	0.0203555	140.633	382.663
29	36	50	43	2.648	5.42	0.0203757	140.095	370.971
1	9	25	17	2.238	12.64	0.0204241	157.1	351.589
2	10	26	18	2.164	13.41	0.0204357	158.611	343.233
3	11	27	19	1.993	15.99	0.0204684	160.594	320.064
4	12	28	20	2.01	18.03	0.0204484	157.745	317.068
5	13	29	21	2.06	17.69	0.0204399	150.74	310.525
6	14	30	22	2.185	15.97	0.0204214	145.697	318.349
7	15	31	23	2.408	12.9	0.0203883	149.216	359.312
8	16	32	24	2.582	10.92	0.0203635	151.359	390.81
9	17	33	25	2.624	10.63	0.0203634	152.243	399.485
10	18	34	26	2.665	9.63	0.0203595	149.8	399.216
11	19	35	27	2.829	9.66	0.0203389	148.411	419.856
12	20	36	28	2.86	9.29	0.0203357	153.909	440.18
13	21	37	29	2.835	9.85	0.020336	161.031	456.522
14	22	38	30	2.895	10.01	0.0203369	159.976	463.131
15	23	39	31	2.895	11.23	0.020339	152.711	442.099
16	24	40	32	2.981	12.21	0.0203273	144.436	430.563
17	25	41	33	3.076	11.98	0.0203189	140.025	430.718
18	26	42	34	3.18	11.54	0.020315	139.751	444.407
19	27	43	35	3.221	10.86	0.0203076	138	444.497
20	28	44	36	3.292	10.85	0.0203009	135.418	445.796
21	29	45	37	3.405	9.3	0.0202949	135.859	462.6
22	30	46	38	3.374	8.65	0.0202874	139.264	469.878
23	31	47	39	3.184	8.06	0.020303	143.314	456.31
24	32	48	40	2.975	7.89	0.020328	149.536	444.87
25	33	49	41	2.835	6.57	0.0203435	153.712	435.774
26	34	50	42	2.823	6.39	0.0203396	155.432	438.784
1	10	28	19	1.854	15.04	0.0205107	180.875	335.343
2	11	29	20	1.903	16.62	0.0204861	175.971	334.874
3	12	30	21	2	19.09	0.0204468	169.81	339.619
4	13	31	22	2.049	19.08	0.0204392	167.111	342.411
5	14	32	23	2.226	16.03	0.02041	170.261	379.002
6	15	33	24	2.339	14.61	0.0203997	174.609	408.411
7	16	34	25	2.521	12.67	0.0203724	172.544	434.984
8	17	35	26	2.547	11.96	0.020375	170.22	433.55
9	18	36	27	2.648	11.08	0.020356	168.125	445.195
10	19	37	28	2.657	10.88	0.0203584	167.989	446.346
11	20	38	29	2.604	10.58	0.0203646	172.25	448.539
12	21	39	30	2.552	10.29	0.0203798	176.198	449.658
13	22	40	31	2.608	10.86	0.0203706	175.995	458.996
14	23	41	32	2.597	11.64	0.0203761	165.811	430.61
15	24	42	33	2.692	12.83	0.0203666	157.216	423.225
16	25	43	34	2.699	12.48	0.0203704	155.262	419.052
17	26	44	35	2.751	12.7	0.0203623	154.31	424.505
18	27	45	36	2.707	11.1	0.0203676	154.52	418.286
19	28	46	37	2.842	11.17	0.0203486	154.656	439.533
20	29	47	38	2.932	9.51	0.0203361	155.79	456.775
21	30	48	39	2.904	9.29	0.0203351	158.685	460.822
22	31	49	40	2.829	7.68	0.0203452	160.163	453.101
23	32	50	41	2.82	7.54	0.0203466	165.661	467.165
1	11	31	21	1.914	17.54	0.0204764	189.593	362.881
2	12	32	22	1.975	20.1	0.0204521	187.528	370.368
3	13	33	23	2.079	19.58	0.0204305	192.342	399.88
4	14	34	24	2.228	16.68	0.0204065	194.305	432.912
5	15	35	25	2.318	14.79	0.020401	195.393	452.92
6	16	36	26	2.444	14.31	0.0203848	190.719	466.118
7	17	37	27	2.526	13.1	0.0203762	187.584	473.836
8	18	38	28	2.512	11.38	0.0203765	187.146	470.111
9	19	39	29	2.462	11.41	0.020382	186.206	458.439
10	20	40	30	2.361	12.11	0.020407	187.721	443.21
11	21	41	31	2.296	11.72	0.02042	192.999	443.126
12	22	42	32	2.33	11.68	0.020411	188.788	439.876
13	23	43	33	2.346	11.89	0.0204144	178.473	418.698
14	24	44	34	2.388	12.99	0.0204174	172.763	412.559
15	25	45	35	2.384	12.77	0.0204198	169.495	404.076
16	26	46	36	2.353	13.15	0.0204248	170.269	400.643
17	27	47	37	2.376	12.11	0.0204146	172.962	410.958
18	28	48	38	2.487	11.22	0.0203917	173.71	432.017
19	29	49	39	2.566	9.73	0.0203846	175.075	449.241
20	30	50	40	2.64	9.64	0.0203694	176.717	466.533
1	12	34	23	1.987	20.03	0.0204472	213.692	424.606
2	13	35	24	2.073	20.09	0.0204308	217.109	450.066
3	14	36	25	2.243	17.03	0.020401	214.653	481.467
4	15	37	26	2.285	15.59	0.0204102	211.559	483.412
5	16	38	27	2.403	13.49	0.0203931	207.339	498.235
6	17	39	28	2.374	13.73	0.0204018	207.001	491.421
7	18	40	29	2.335	12.8	0.0204014	205.543	479.944
8	19	41	30	2.256	11.8	0.0204241	201.878	455.436
9	20	42	31	2.14	12.17	0.0204476	204.259	437.115
10	21	43	32	2.079	12.76	0.02046	205.739	427.731
11	22	44	33	2.128	12.34	0.0204541	202.234	430.354
12	23	45	34	2.099	12.92	0.0204695	194.068	407.349
13	24	46	35	2.11	13.76	0.0204647	186.496	393.506
14	25	47	36	2.035	13.96	0.0204812	185.594	377.683
15	26	48	37	2.071	14.08	0.0204735	188.783	390.97
16	27	49	38	2.108	12.99	0.0204608	191.377	403.422
17	28	50	39	2.23	12.38	0.0204352	191.099	426.151
1	13	37	25	2.046	20.07	0.0204415	237.737	486.411
2	14	38	26	2.162	16.87	0.0204264	231.108	499.655
3	15	39	27	2.265	15.05	0.0204136	227.978	516.37
4	16	40	28	2.301	13.36	0.0204105	225.972	519.963
5	17	41	29	2.206	13.11	0.0204272	225.322	497.06
6	18	42	30	2.101	13.14	0.0204507	221.427	465.218
7	19	43	31	2.05	12.67	0.0204653	218.421	447.762
8	20	44	32	1.971	12.63	0.0204883	217.429	428.552
9	21	45	33	1.924	12.79	0.0205013	219.063	421.476
10	22	46	34	1.938	13	0.0205061	217.198	420.929
11	23	47	35	1.897	13.71	0.0205176	208.463	395.455
12	24	48	36	1.844	14.33	0.0205288	203.133	374.577
13	25	49	37	1.831	14.62	0.020526	203.533	372.668
14	26	50	38	1.87	14.59	0.0205147	206.244	385.675
1	14	40	27	2.126	16.38	0.0204363	248.951	529.27
2	15	41	28	2.147	13.86	0.020438	247.587	531.568
3	16	42	29	2.124	13.33	0.0204411	243.914	518.073
4	17	43	30	2.025	12.78	0.020473	240.204	486.414
5	18	44	31	1.927	11.81	0.020497	238.065	458.752
6	19	45	32	1.867	13.29	0.0205152	232.022	433.184
7	20	46	33	1.836	13.06	0.0205271	230.3	422.831
8	21	47	34	1.786	13.47	0.0205485	234.131	418.158
9	22	48	35	1.778	13.48	0.0205513	231.905	412.326
10	23	49	36	1.701	13.4	0.0205814	224.553	381.965
11	24	50	37	1.713	14.83	0.0205675	220.749	378.143
1	15	43	29	1.976	14.15	0.0204737	266.703	527.006
2	16	44	30	1.944	12.85	0.0204907	259.916	505.277
3	17	45	31	1.857	12.81	0.0205184	256.644	476.587
4	18	46	32	1.796	12.16	0.0205336	250.148	449.266
5	19	47	33	1.748	12.94	0.020554	244.885	428.06
6	20	48	34	1.684	14.01	0.0205828	246.276	414.729
7	21	49	35	1.651	14.5	0.0205931	248.223	409.817
8	22	50	36	1.615	13.94	0.0206075	246.983	398.878
1	16	46	31	1.781	13.01	0.0205376	276.929	493.21
2	17	47	32	1.728	12.3	0.0205568	269.624	465.91
3	18	48	33	1.683	12.61	0.0205747	263.331	443.186
4	19	49	34	1.645	12.42	0.0205942	259.391	426.698
5	20	50	35	1.582	13.64	0.0206169	259.268	410.162
1	17	49	33	1.623	13.06	0.0205977	283.287	459.774
2	18	50	34	1.591	12.36	0.0206083	277.611	441.679
1	4	2	3	217.14	8.23	0.0200035	6.22047	1350.71
2	5	3	4	185.829	7.82	0.0200038	6.36444	1182.7
3	6	4	5	177.946	8.81	0.020004	6.22273	1107.31
4	7	5	6	151.31	8.07	0.0200049	6.2405	944.25
5	8	6	7	112.659	12.89	0.0200072	6.47375	729.326
6	9	7	8	156.39	11.2	0.0200047	6.16209	963.689
7	10	8	9	160.546	6.91	0.0200048	6.31557	1013.94
8	11	9	10	180.894	10.02	0.0200039	6.36299	1151.03
9	12	10	11	176.816	8.18	0.0200041	6.26265	1107.34
10	13	11	12	188.183	8.34	0.0200036	6.36241	1197.3
11	14	12	13	171.431	7.58	0.0200042	6.41176	1099.17
12	15	13	14	185.737	7.98	0.0200035	6.13026	1138.62
13	16	14	15	165.537	7.79	0.0200042	6.56574	1086.87
14	17	15	16	200.663	8.5	0.0200033	6.12866	1229.79
15	18	16	17	180.157	8.03	0.0200039	6.39002	1151.21
16	19	17	18	195.609	8.04	0.0200035	6.36016	1244.1
17	20	18	19	197.957	7.75	0.0200036	6.037	1195.07
18	21	19	20	186.84	8.09	0.0200039	6.27517	1172.45
19	22	20	21	163.817	8.17	0.0200046	6.49955	1064.74
20	23	21	22	183.179	8.8	0.020004	6.36039	1165.09
21	24	22	23	133.407	8.59	0.0200056	6.15538	821.171
22	25	23	24	161.639	9.13	0.0200042	6.42789	1039
23	26	24	25	144.1	8.72	0.0200046	6.40438	922.87
24	27	25	26	171.419	9.09	0.0200036	6.40509	1097.95
25	28	26	27	152.983	8.85	0.020004	6.41941	982.061
26	29	27	28	178.737	9.73	0.0200034	6.2526	1117.57
27	30	28	29	161.447	9.41	0.0200039	6.3265	1021.39
28	31	29	30	158.927	9.51	0.0200039	6.53592	1038.73
29	32	30	31	148.74	9.13	0.0200044	6.06013	901.384
30	33	31	32	140.747	8.86	0.0200049	6.47702	911.621
31	34	32	33	126.53	8.4	0.0200052	6.35732	804.391
32	35	33	34	137.564	9.21	0.0200048	6.12946	843.193
33	36	34	35	125.093	8.98	0.0200057	6.52476	816.201
34	37	35	36	125.229	9.82	0.0200058	6.37449	798.271
35	38	36	37	119.887	9.84	0.0200058	6.31329	756.881
36	39	37	38	104.773	9.58	0.0200069	6.46837	677.71
37	40	38	39	98.861	9.98	0.0200071	6.36957	629.702
38	41	39	40	93.206	9.7	0.0200071	6.41207	597.643
39	42	40	41	87.542	8.84	0.0200077	6.44217	563.96
40	43	41	42	79.063	9.43	0.020009	6.30319	498.349
41	44	42	43	77.15	8.62	0.0200087	6.37092	491.516
42	45	43	44	76.323	8.81	0.0200102	6.43922	491.461
43	46	44	45	71.328	8.49	0.0200103	6.46334	461.017
44	47	45	46	74.537	8.12	0.0200108	6.12783	456.75
45	48	46	47	64.692	4.5	0.0200105	6.54819	423.615
46	49	47	48	73.955	8.82	0.0200108	6.42162	474.911
47	50	48	49	72.15	5.02	0.0200097	6.37116	459.679
1	7	3	5	91.808	7.66	0.0200085	11.5819	1063.31
2	8	4	6	87.277	5.97	0.0200087	12.0774	1054.08
3	9	5	7	67.143	9.28	0.020012	13.0035	873.097
4	10	6	8	71.018	11.49	0.0200112	12.9783	921.691
5	11	7	9	92.518	7.99	0.0200084	12.3107	1138.96
6	12	8	10	92.084	7.42	0.0200082	12.2425	1127.34
7	13	9	11	77.31	10.56	0.0200096	12.4866	965.337
8	14	10	12	81.152	10.11	0.0200092	12.7568	1035.24
9	15	11	13	84.351	8.23	0.0200093	12.7349	1074.2
10	16	12	14	77.39	8.65	0.0200096	12.3809	958.16
11	17	13	15	72.559	9.71	0.0200099	12.4908	906.32
12	18	14	16	74.438	9.8	0.0200096	12.6053	938.316
13	19	15	17	65.391	9.33	0.0200118	12.7217	831.885
14	20	16	18	62.926	8.84	0.0200116	12.3311	775.946
15	21	17	19	62.264	7.78	0.0200118	11.7593	732.184
16	22	18	20	58.837	7.88	0.0200122	12.1087	712.442
17	23	19	21	52.344	7.96	0.0200143	14.1624	741.317
18	24	20	22	55.215	7.71	0.0200129	13.9538	770.459
19	25	21	23	52.531	7.52	0.0200137	11.8575	622.888
20	26	22	24	48.168	8.39	0.0200143	11.2	539.483
21	27	23	25	51.528	8.62	0.0200126	12.4212	640.041
22	28	24	26	53.235	8.47	0.0200118	13.5989	723.935
23	29	25	27	51.475	8.23	0.0200118	13.5135	695.61
24	30	26	28	55.937	8.4	0.0200117	12.4098	694.167
25	31	27	29	61.047	8.94	0.0200109	12.1384	741.015
26	32	28	30	59.508	8.81	0.0200107	12.557	747.242
27	33	29	31	56.92	8.36	0.0200112	12.5457	714.102
28	34	30	32	55.329	8.37	0.0200132	12.7424	705.022
29	35	31	33	55.817	8.71	0.020013	12.9199	721.152
30	36	32	34	53.39	8.82	0.0200124	12.5295	668.948
31	37	33	35	49.588	8.66	0.0200148	12.4947	619.586
32	38	34	36	44.843	8.39	0.0200181	12.9045	578.676
33	39	35	37	43.172	8.24	0.0200179	12.547	541.68
34	40	36	38	39.949	8.98	0.0200177	12.2802	490.581
35	41	37	39	35.932	8.43	0.0200211	12.5535	451.072
36	42	38	40	33.158	8.29	0.0200223	12.9058	427.932
37	43	39	41	30.118	7.87	0.0200259	12.9418	389.781
38	44	40	42	27.115	7.49	0.0200286	12.5819	341.159
39	45	41	43	25.828	7.21	0.0200293	12.4052	320.402
40	46	42	44	25.806	7.2	0.0200307	12.9353	333.808
41	47	43	45	26.173	7.1	0.0200358	12.8271	335.725
42	48	44	46	27.293	5.77	0.0200332	12.1253	330.936
43	49	45	47	26.937	5.74	0.0200304	12.4949	336.574
44	50	46	48	26.658	7.17	0.0200339	13.3814	356.722
1	10	4	7	42.489	8.5	0.0200202	18.2539	775.588
2	11	5	8	41.557	9.8	0.0200204	19.2813	801.271
3	12	6	9	42.8	10.35	0.02002	19.3421	827.842
4	13	7	10	48.715	10.43	0.0200164	18.8392	917.753
5	14	8	11	51.993	8.85	0.0200151	18.6299	968.626
6	15	9	12	49.323	9.47	0.0200158	18.8111	927.818
7	16	10	13	40.561	9.25	0.0200205	19.1915	778.426
8	17	11	14	42.787	8.74	0.0200188	18.9689	811.623
9	18	12	15	40.234	8.21	0.0200202	18.898	760.343
10	19	13	16	37.17	10.27	0.0200213	18.6667	693.84
11	20	14	17	33.009	11.31	0.0200249	18.574	613.108
12	21	15	18	31.773	11.02	0.0200251	17.8522	567.219
13	22	16	19	26.744	9.67	0.0200309	17.7061	473.531
14	23	17	20	26.34	8.67	0.0200297	18.9474	499.075
15	24	18	21	24.755	7.77	0.0200319	20.888	517.083
16	25	19	22	25.326	7.79	0.0200309	21.3644	541.074
17	26	20	23	24.322	7.81	0.0200332	19.3893	471.587
18	27	21	24	25.982	7.53	0.0200288	17.3717	451.352
19	28	22	25	24.192	7.57	0.0200308	17.0003	411.271
20	29	23	26	25.316	7.84	0.0200277	18.6486	472.109
21	30	24	27	24.711	7.29	0.0200294	20.0685	495.912
22	31	25	28	27.549	7.57	0.0200274	19.9288	549.018
23	32	26	29	28.506	7.62	0.0200277	18.6182	530.731
24	33	27	30	30.822	7.98	0.0200249	18.0841	557.387
25	34	28	31	30.085	8.09	0.0200262	18.3878	553.198
26	35	29	32	29.743	7.96	0.0200254	19.2589	572.818
27	36	30	33	27.451	7.63	0.0200276	19.5854	537.639
28	37	31	34	27.086	8	0.0200283	19.6619	532.563
29	38	32	35	26.778	8.01	0.0200289	19.4398	520.56
30	39	33	36	26.166	7.13	0.0200313	19.0925	499.573
31	40	34	37	24.5	7.28	0.0200366	18.5886	455.42
32	41	35	38	23.404	6.98	0.0200391	18.3159	428.666
33	42	36	39	21.779	6.86	0.0200404	18.4331	401.455
34	43	37	40	20.765	7.25	0.0200419	18.7986	390.353
35	44	38	41	19.842	7	0.0200429	19.1938	380.844
36	45	39	42	18.302	6.54	0.0200477	19.218	351.728
37	46	40	43	16.941	6.58	0.0200519	19.2438	326.009
38	47	41	44	16.883	6.66	0.020056	19.0855	322.221
39	48	42	45	17.73	6.05	0.0200541	18.9906	336.703
40	49	43	46	19.131	6.45	0.0200525	18.8276	360.19
41	50	44	47	19.148	5.79	0.0200503	19.2942	369.446
1	13	5	9	25.067	10.65	0.0200362	24.9143	624.527
2	14	6	10	24.522	12.44	0.0200369	25.7565	631.6
3	15	7	11	27.904	11.07	0.0200312	25.4908	711.295
4	16	8	12	30.189	9.07	0.0200277	25.6427	774.126
5	17	9	13	30.555	8.75	0.0200269	25.4783	778.491
6	18	10	14	28.276	7.49	0.0200295	25.063	708.68
7	19	11	15	24.168	8.18	0.0200365	25.4787	615.77
8	20	12	16	23.285	9.37	0.0200371	24.5772	572.281
9	21	13	17	21.843	10.34	0.0200393	23.6952	517.575
10	22	14	18	19.596	11.55	0.0200442	23.5874	462.219
11	23	15	19	18.399	11.61	0.0200471	24.0175	441.898
12	24	16	20	16.638	11.48	0.0200518	25.7448	428.343
13	25	17	21	15.921	10.19	0.0200544	27.4209	436.568
14	26	18	22	16.206	9.07	0.020053	27.4636	445.076
15	27	19	23	15.613	8.17	0.0200564	26.5787	414.973
16	28	20	24	16.576	8.25	0.0200516	25.0804	415.733
17	29	21	25	16.729	7.78	0.0200496	23.913	400.04
18	30	22	26	16.649	7.24	0.0200506	23.5045	391.326
19	31	23	27	17.066	7.02	0.0200499	24.3777	416.03
20	32	24	28	17.994	7.23	0.0200481	24.9148	448.317
21	33	25	29	19.482	7.56	0.0200463	25.2433	491.791
22	34	26	30	20.364	8.02	0.0200446	25.3017	515.244
23	35	27	31	20.819	7.73	0.0200436	24.4728	509.5
24	36	28	32	19.993	7.95	0.0200444	25.1005	501.835
25	37	29	33	18.77	8.25	0.020045	26.157	490.966
26	38	30	34	18.194	7.91	0.0200457	26.4266	480.805
27	39	31	35	17.422	7.43	0.0200486	26.9916	470.248
28	40	32	36	17.529	7.65	0.0200502	26.0094	455.92
29	41	33	37	18.017	7.02	0.0200512	24.8582	447.871
30	42	34	38	17.925	6.91	0.0200535	24.6532	441.909
31	43	35	39	17.759	6.86	0.0200549	24.0582	427.249
32	44	36	40	16.79	6.28	0.0200589	24.2718	407.524
33	45	37	41	16.083	6.4	0.0200591	24.8858	400.238
34	46	38	42	15.567	6.53	0.0200592	25.3397	394.462
35	47	39	43	15.155	6.59	0.0200612	25.6482	388.698
36	48	40	44	14.952	6.13	0.0200649	25.668	383.787
37	49	41	45	15.265	6.55	0.020065	25.6413	391.414
38	50	42	46	16.083	6.4	0.0200622	25.7013	413.354
1	16	6	11	15.527	11.54	0.0200621	31.8257	494.157
2	17	7	12	17.671	10.3	0.020052	32.2802	570.423
3	18	8	13	19.167	8.34	0.0200471	32.3539	620.127
4	19	9	14	19.196	8.42	0.0200455	31.9312	612.952
5	20	10	15	19.184	7.55	0.0200457	31.0627	595.906
6	21	11	16	18.635	7.58	0.0200473	29.8741	556.703
7	22	12	17	15.239	9.49	0.0200601	29.5086	449.682
8	23	13	18	14.617	11.19	0.0200607	29.8282	435.998
9	24	14	19	14.068	11.13	0.020065	30.4956	429.012
10	25	15	20	13.453	11.78	0.0200676	31.5327	424.209
11	26	16	21	12.279	11.71	0.0200745	33.1552	407.112
12	27	17	22	12.704	11.22	0.0200708	33.7221	428.405
13	28	18	23	12.344	10.77	0.0200748	33.0233	407.639
14	29	19	24	12.409	9.61	0.0200734	32.3921	401.953
15	30	20	25	12.677	8.06	0.0200727	31.449	398.679
16	31	21	26	13.422	8.21	0.0200682	30.2291	405.734
17	32	22	27	13.382	7.59	0.0200693	29.4892	394.625
18	33	23	28	14.652	7.26	0.0200638	29.5861	433.495
19	34	24	29	15.597	7.35	0.0200621	30.0454	468.618
20	35	25	30	16.151	8.01	0.0200589	30.7765	497.072
21	36	26	31	15.945	7.91	0.0200595	31.2895	498.912
22	37	27	32	16.063	8.41	0.020059	32.2879	518.64
23	38	28	33	15.329	7.67	0.0200608	32.8967	504.273
24	39	29	34	14.728	8.29	0.0200607	33.0411	486.63
25	40	30	35	14.089	7.94	0.0200648	33.1642	467.251
26	41	31	36	13.907	7.82	0.0200668	33.2699	462.684
27	42	32	37	13.872	7.37	0.0200673	32.2554	447.447
28	43	33	38	14.462	7.41	0.020067	31.0026	448.359
29	44	34	39	14.976	6.99	0.0200667	30.3483	454.497
30	45	35	40	15.147	6.9	0.0200649	30.0344	454.931
31	46	36	41	14.641	7.19	0.0200669	30.2085	442.283
32	47	37	42	14.339	6.72	0.0200694	30.7298	440.635
33	48	38	43	14.185	6.46	0.0200675	31.2494	443.272
34	49	39	44	14.084	6.87	0.0200687	31.9354	449.778
35	50	40	45	14.12	6.6	0.0200701	32.6474	460.981
1	19	7	13	12.47	8.64	0.0200785	38.2557	477.048
2	20	8	14	13.248	7.42	0.0200713	37.8107	500.916
3	21	9	15	13.552	8.07	0.0200681	37.0467	502.057
4	22	10	16	13.611	7.98	0.0200673	35.9969	489.954
5	23	11	17	13.929	8.01	0.0200654	36.0252	501.795
6	24	12	18	12.674	9.04	0.0200715	36.0997	457.528
7	25	13	19	11.202	11.53	0.0200821	36.2839	406.452
8	26	14	20	10.789	12.44	0.0200867	37.3334	402.79
9	27	15	21	10.816	11.71	0.020087	38.6372	417.9
10	28	16	22	10.599	11.33	0.0200886	39.6939	420.716
11	29	17	23	10.387	11.46	0.0200901	39.0496	405.608
12	30	18	24	10.524	10.9	0.0200896	38.3956	404.075
13	31	19	25	10.451	10.35	0.020091	38.5339	402.718
14	32	20	26	11.038	9.11	0.0200861	37.4793	413.697
15	33	21	27	11.602	7.62	0.0200827	35.9694	417.317
16	34	22	28	12.435	7.78	0.0200782	34.8899	433.856
17	35	23	29	13.359	7.42	0.0200735	35.3395	472.101
18	36	24	30	13.664	8.14	0.0200703	36.3515	496.706
19	37	25	31	13.824	8.14	0.0200695	36.8851	509.9
20	38	26	32	13.574	8.88	0.0200707	38.132	517.603
21	39	27	33	13.296	7.78	0.0200715	39.6182	526.763
22	40	28	34	13.044	8.86	0.020072	40.3656	526.529
23	41	29	35	12.61	8	0.0200741	40.3917	509.34
24	42	30	36	12.453	8.32	0.020077	39.6893	494.251
25	43	31	37	12.26	7.94	0.0200788	39.1094	479.481
26	44	32	38	12.333	8.16	0.0200785	38.0376	469.118
27	45	33	39	12.681	7.73	0.0200769	37.084	470.263
28	46	34	40	13.124	7.39	0.0200759	36.7365	482.13
29	47	35	41	13.549	7.13	0.0200747	36.0707	488.721
30	48	36	42	13.455	7.33	0.0200737	35.9439	483.626
31	49	37	43	13.473	7.03	0.0200727	36.554	492.491
32	50	38	44	13.42	6.74	0.0200735	37.9189	508.872
1	22	8	15	10.324	7.75	0.0200949	42.2544	436.235
2	23	9	16	10.464	7.65	0.0200906	42.7553	447.392
3	24	10	17	10.499	8.22	0.0200907	43.0299	451.77
4	25	11	18	10.621	9.28	0.0200882	42.7962	454.539
5	26	12	19	10.295	10.34	0.02009	41.9883	432.27
6	27	13	20	9.739	13.32	0.0200939	42.5658	414.548
7	28	14	21	8.926	13.85	0.0201062	44.6774	398.791
8	29	15	22	9.133	13.21	0.0201036	45.2912	413.645
9	30	16	23	8.969	11.98	0.020108	44.6343	400.325
10	31	17	24	9.157	12.16	0.020105	44.1302	404.1
11	32	18	25	9.255	11.84	0.0201039	43.8439	405.775
12	33	19	26	9.618	11.63	0.0201001	44.1165	424.313
13	34	20	27	10.012	11.26	0.0200971	43.4352	434.873
14	35	21	28	10.881	10.22	0.0200892	41.4434	450.945
15	36	22	29	11.453	9.52	0.0200858	40.9126	468.572
16	37	23	30	12.105	9.55	0.0200797	42.1424	510.134
17	38	24	31	12.28	9.73	0.0200782	43.3125	531.878
18	39	25	32	12.19	10.18	0.0200788	44.4798	542.209
19	40	26	33	11.919	9.7	0.0200806	44.9172	535.368
20	41	27	34	11.939	10.2	0.0200795	45.585	544.239
21	42	28	35	11.79	10.07	0.0200807	47.3351	558.081
22	43	29	36	11.708	9.82	0.0200817	47.6715	558.138
23	44	30	37	11.478	9.46	0.0200845	46.0702	528.794
24	45	31	38	11.388	9.49	0.0200858	45.0324	512.829
25	46	32	39	11.433	9.53	0.0200854	44.0936	504.122
26	47	33	40	11.788	10.37	0.0200839	43.3088	510.524
27	48	34	41	12.002	9.1	0.0200835	42.9308	515.256
28	49	35	42	12.311	9.46	0.0200815	42.2752	520.45
29	50	36	43	12.415	8.86	0.0200797	42.5304	528.015
1	25	9	17	8.628	10.12	0.020113	48.6803	420.013
2	26	10	18	8.461	10.54	0.020114	48.7379	412.371
3	27	11	19	8.674	11.01	0.0201104	48.5678	421.277
4	28	12	20	8.297	13.05	0.0201135	49.1329	407.656
5	29	13	21	8.119	14.12	0.0201135	50.0937	406.711
6	30	14	22	8.071	13.37	0.020117	50.6271	408.611
7	31	15	23	7.813	12.88	0.0201239	50.0054	390.693
8	32	16	24	7.966	12.03	0.0201222	49.3908	393.447
9	33	17	25	8.33	11.71	0.020117	49.1688	409.576
10	34	18	26	8.695	11.39	0.0201128	49.6388	431.609
11	35	19	27	8.896	11.27	0.0201098	49.8429	443.403
12	36	20	28	9.501	11.46	0.0201016	48.9863	465.419
13	37	21	29	10.191	11.29	0.0200956	48.0007	489.175
14	38	22	30	10.683	11	0.0200898	48.0048	512.836
15	39	23	31	11.034	10.36	0.0200869	49.3035	544.015
16	40	24	32	11.165	10.62	0.020086	50.8299	567.516
17	41	25	33	11.124	10.21	0.0200864	51.8035	576.262
18	42	26	34	11.142	10.27	0.0200854	51.883	578.08
19	43	27	35	11.338	10.24	0.0200845	52.1588	591.377
20	44	28	36	11.242	10.44	0.0200856	52.9642	595.423
21	45	29	37	11.036	9.88	0.0200865	53.4691	590.085
22	46	30	38	10.89	9.65	0.0200893	53.0617	577.842
23	47	31	39	10.833	10.05	0.020091	51.7789	560.921
24	48	32	40	10.946	9.68	0.0200898	50.2232	549.744
25	49	33	41	11.119	9.94	0.020089	49.5448	550.889
26	50	34	42	11.201	9.37	0.0200895	49.6658	556.307
1	28	10	19	7.294	11.13	0.0201338	54.1066	394.654
2	29	11	20	7.128	11.82	0.0201348	55.4458	395.218
3	30	12	21	6.861	13.39	0.0201392	56.425	387.132
4	31	13	22	6.895	14.79	0.0201361	56.4461	389.196
5	32	14	23	7.051	13.51	0.0201356	55.1501	388.864
6	33	15	24	7.364	12.49	0.0201313	54.1025	398.411
7	34	16	25	7.338	11.78	0.020134	54.6529	401.043
8	35	17	26	7.738	11.25	0.0201268	55.0805	426.213
9	36	18	27	8.036	11.24	0.0201223	55.5206	446.163
10	37	19	28	8.553	10.84	0.0201141	55.9118	478.214
11	38	20	29	9.175	11.35	0.0201062	55.5331	509.516
12	39	21	30	9.669	11.99	0.0200988	55.1264	533.017
13	40	22	31	9.935	12	0.0200961	55.0862	547.281
14	41	23	32	10.297	11.15	0.0200925	56.7367	584.218
15	42	24	33	10.44	10.39	0.0200915	58.5322	611.076
16	43	25	34	10.67	10.62	0.0200896	58.8433	627.858
17	44	26	35	10.744	10.61	0.0200889	58.9174	633.008
18	45	27	36	10.947	10.62	0.0200877	58.7149	642.752
19	46	28	37	10.878	10.33	0.0200883	58.7802	639.411
20	47	29	38	10.639	11.14	0.0200908	58.9514	627.183
21	48	30	39	10.465	9.9	0.0200932	58.933	616.734
22	49	31	40	10.427	10.03	0.0200939	59.0163	615.362
23	50	32	41	10.369	9.32	0.0200951	57.8991	600.356
1	31	11	21	6.115	12.19	0.0201594	61.8164	378.007
2	32	12	22	6.019	14.11	0.0201588	62.0163	373.276
3	33	13	23	6.102	14.92	0.0201563	60.6959	370.366
4	34	14	24	6.395	14.23	0.0201517	60.0513	384.028
5	35	15	25	6.77	12.26	0.0201437	59.5866	403.401
6	36	16	26	7.007	11.18	0.0201391	60.4268	423.41
7	37	17	27	7.201	10.9	0.0201358	61.4822	442.733
8	38	18	28	7.745	10.7	0.020126	61.9011	479.424
9	39	19	29	8.313	10.83	0.0201184	62.5071	519.621
10	40	20	30	8.858	10.95	0.0201091	62.566	554.21
11	41	21	31	9.316	11.33	0.0201029	61.7743	575.489
12	42	22	32	9.587	11.98	0.0200995	62.6164	600.304
13	43	23	33	9.82	11.93	0.0200971	64.4896	633.288
14	44	24	34	10.093	11.04	0.0200935	65.414	660.223
15	45	25	35	10.322	10.65	0.0200919	66.1485	682.785
16	46	26	36	10.457	5.86	0.0200916	65.8854	688.963
17	47	27	37	10.633	11.6	0.0200906	65.1271	692.496
18	48	28	38	10.531	10.32	0.0200916	64.8871	683.326
19	49	29	39	10.346	10.37	0.020093	64.8831	671.28
20	50	30	40	10.055	10.48	0.0200971	65.4241	657.84
1	34	12	23	5.502	14.44	0.020177	65.807	362.07
2	35	13	24	5.625	15.44	0.020171	65.2842	367.224
3	36	14	25	5.885	14.25	0.0201651	65.7637	387.019
4	37	15	26	6.286	11.57	0.0201549	66.4294	417.575
5	38	16	27	6.615	10.8	0.0201469	67.2219	444.673
6	39	17	28	7.125	10.67	0.0201362	67.6037	481.677
7	40	18	29	7.602	10.58	0.0201298	68.3585	519.662
8	41	19	30	8.144	10.47	0.0201193	69.463	565.707
9	42	20	31	8.714	10.32	0.0201109	69.4117	604.854
10	43	21	32	9.149	11	0.0201056	69.3217	634.224
11	44	22	33	9.331	11.72	0.0201024	69.7737	651.059
12	45	23	34	9.628	12.42	0.0200976	71.3648	687.1
13	46	24	35	9.81	12.81	0.0200959	73.1446	717.548
14	47	25	36	10.063	12.4	0.0200952	73.0836	735.44
15	48	26	37	10.18	11.45	0.0200942	72.2585	735.592
16	49	27	38	10.321	11.18	0.0200935	71.6942	739.956
17	50	28	39	10.168	10.91	0.0200952	72.1634	733.757
1	37	13	25	5.269	15.53	0.0201819	70.8335	373.222
2	38	14	26	5.588	13.83	0.0201728	72.4737	404.983
3	39	15	27	5.962	12.05	0.0201631	73.3444	437.279
4	40	16	28	6.454	10.58	0.0201511	73.7989	476.298
5	41	17	29	7.122	9.88	0.0201376	74.0661	527.499
6	42	18	30	7.711	10.34	0.0201256	75.1726	579.656
7	43	19	31	8.131	10.27	0.0201196	76.3316	620.652
8	44	20	32	8.574	10.82	0.0201132	76.817	658.629
9	45	21	33	8.945	10.49	0.0201076	76.5473	684.715
10	46	22	34	9.213	11.02	0.0201033	76.978	709.198
11	47	23	35	9.494	11.68	0.0201002	78.6061	746.286
12	48	24	36	9.67	12.61	0.0200983	79.7662	771.339
13	49	25	37	9.774	12.4	0.0200974	79.9184	781.123
14	50	26	38	9.766	12.46	0.0200984	79.553	776.915
1	40	14	27	5.433	13.83	0.0201778	78.5812	426.932
2	41	15	28	5.981	11.54	0.0201625	79.3862	474.809
3	42	16	29	6.588	10.95	0.0201494	80.5104	530.403
4	43	17	30	7.186	10.34	0.0201356	81.4727	585.463
5	44	18	31	7.735	10.29	0.0201253	81.9555	633.926
6	45	19	32	8.15	10.74	0.0201185	83.5033	680.552
7	46	20	33	8.41	9.79	0.0201146	84.4397	710.138
8	47	21	34	8.793	11.63	0.0201093	83.6869	735.859
9	48	22	35	9.092	11.46	0.0201055	83.9536	763.306
10	49	23	36	9.348	11.41	0.0201028	85.6294	800.464
11	50	24	37	9.406	11.69	0.0201016	86.9052	817.431
1	43	15	29	6.225	11.48	0.0201573	85.4045	531.643
2	44	16	30	6.744	11.21	0.0201442	87.2706	588.553
3	45	17	31	7.264	10.08	0.0201334	88.3975	642.12
4	46	18	32	7.663	10.35	0.0201265	90.0988	690.427
5	47	19	33	8.011	11.25	0.020121	91.1891	730.516
6	48	20	34	8.385	10.43	0.0201145	91.0288	763.277
7	49	21	35	8.648	10.46	0.020111	91.066	787.539
8	50	22	36	8.817	10.12	0.0201096	91.6434	808.02
1	46	16	31	6.879	11.26	0.0201408	93.836	645.498
2	47	17	32	7.259	12.04	0.0201346	95.9855	696.759
3	48	18	33	7.564	10.59	0.0201282	97.6183	738.385
4	49	19	34	7.872	10.75	0.0201221	98.8503	778.15
5	50	20	35	8.181	10.29	0.0201176	99.2567	812.019
1	49	17	33	7.183	11.15	0.0201348	103.16	740.997
2	50	18	34	7.417	10.5	0.0201299	105.482	782.357
