50# Number of sensors
#x	y	z
0	0	541.493
0.9871	0	541.333
1.9648	0	541.123
2.9476	0	540.938
3.9377	0	540.798
4.9359	0	540.738
5.9274	0	540.608
6.912	0	540.433
7.8999	0	540.278
8.8862	0	540.113
9.8708	0	539.938
10.8571	0	539.773
11.8302	0	539.543
12.8139	0	539.363
13.8026	0	539.213
14.7853	0	539.028
15.7829	0	538.958
16.7692	0	538.793
17.7689	0	538.768
18.7664	0	538.698
19.7531	0	538.535
20.6841	0	538.17
21.6596	0	537.95
22.6498	0	537.81
23.6483	0	537.755
24.6377	0	537.61
25.6248	0	537.45
26.6056	0	537.255
27.6024	0	537.175
28.5911	0	537.025
29.5826	0	536.895
30.5741	0	536.765
31.5384	0	536.5
32.5092	0	536.26
33.472	0	535.99
34.4194	0	535.67
35.3794	0	535.39
36.349	0	535.145
37.3233	0	534.92
38.301	0	534.71
39.2742	0	534.48
40.2508	0	534.265
41.2326	0	534.075
42.2103	0	533.865
43.1835	0	533.635
44.1623	0	533.43
45.1538	0	533.3
46.1194	0	533.04
47.1012	0	532.85
48.0719	0	532.61
784# Number of data
#a	b	m	n	R	ip	err	k	rhoa
1	2	4	3	97.981	-6.29	0.0200101	19.4897	1909.62
2	3	5	4	102.98	-5.15	0.0200093	19.5546	2013.73
3	4	6	5	83.703	-4.83	0.0200111	19.7817	1655.79
4	5	7	6	52.601	-14.14	0.0200174	18.8222	990.065
5	6	8	7	42.117	-9.72	0.0200222	17.7253	746.534
6	7	9	8	33.449	-6.94	0.0200283	19.572	654.662
7	8	10	9	100.69	-7.92	0.020011	19.2949	1942.8
8	9	11	10	89.856	-5	0.0200117	18.988	1706.18
9	10	12	11	89.747	-8.25	0.0200114	19.1462	1718.31
10	11	13	12	89.151	-5.92	0.0200118	18.7237	1669.24
11	12	14	13	109.283	-6.03	0.0200094	18.8301	2057.81
12	13	15	14	77.592	-4.81	0.0200121	20.0586	1556.39
13	14	16	15	96.935	-7.54	0.0200093	18.2025	1764.46
14	15	17	16	91.95	-7.83	0.0200117	19.6545	1807.23
15	16	18	17	104.007	-8.02	0.0200084	18.3828	1911.94
16	17	19	18	111.124	-7.44	0.0200091	18.8286	2092.31
17	18	20	19	98.618	-6.56	0.0200097	20.2701	1999
18	19	21	20	96.483	-7.36	0.0200107	18.3173	1767.31
19	20	22	21	94.301	-8.33	0.0200096	17.2824	1629.75
20	21	23	22	60.121	-8.22	0.020015	18.9626	1140.05
21	22	24	23	82.801	-7.89	0.0200114	21.2428	1758.92
22	23	25	24	63.785	-7.32	0.020015	19.6516	1253.48
23	24	26	25	92.031	-8.08	0.0200103	18.6559	1716.92
24	25	27	26	94.235	-6.57	0.0200113	18.4255	1736.32
25	26	28	27	127.06	-9.76	0.0200085	18.8423	2394.11
26	27	29	28	111.367	-8.09	0.0200107	19.9828	2225.43
27	28	30	29	119.223	-11.5	0.0200098	19.3933	2312.13
28	29	31	30	99.585	-8.9	0.0200109	18.3405	1826.44
29	30	32	31	80.428	-8.55	0.0200119	19.9388	1603.64
30	31	33	32	71.797	-7.13	0.020013	18.0592	1296.6
31	32	34	33	62.365	-7.29	0.0200147	18.8302	1174.34
32	33	35	34	51.393	-6.07	0.0200171	20.0747	1031.7
33	34	36	35	72.6	-8.53	0.0200121	18.3368	1331.25
34	35	37	36	71.023	-8.85	0.0200134	19.1405	1359.42
35	36	38	37	50.586	-8.86	0.020021	19.8855	1005.93
36	37	39	38	57.724	-8.5	0.0200187	19.2432	1110.79
37	38	40	39	58.614	-8.49	0.0200164	19.4282	1138.77
38	39	41	40	51.179	-6.94	0.0200184	19.0734	976.156
39	40	42	41	47.012	-8.89	0.0200203	18.9059	888.806
40	41	43	42	43.776	-6.02	0.0200201	19.6492	860.164
41	42	44	43	36.34	-7.37	0.0200262	19.3419	702.884
42	43	45	44	37.469	-6.04	0.0200256	18.8629	706.773
43	44	46	45	36.745	-7.42	0.0200256	18.9774	697.324
44	45	47	46	34.033	-6.64	0.0200258	20.4911	697.375
45	46	48	47	27.693	-3.49	0.0200328	18.4756	511.646
46	47	49	48	31.783	-4.48	0.0200284	18.8189	598.12
47	48	50	49	39.186	-7.68	0.0200231	19.4429	761.891
1	3	7	5	29.612	-6.45	0.0200302	41.2338	1221.02
2	4	8	6	26.993	-12.18	0.020034	39.6893	1071.33
3	5	9	7	40.622	-6.44	0.0200232	35.2313	1431.16
4	6	10	8	42.651	-2.77	0.0200213	35.295	1505.37
5	7	11	9	28.527	-7.4	0.0200316	38.1621	1088.65
6	8	12	10	39.814	-8.66	0.0200244	38.2234	1521.83
7	9	13	11	46.546	-6.76	0.0200201	37.8021	1759.53
8	10	14	12	41.705	-7.33	0.0200215	37.0855	1546.65
9	11	15	13	38.542	-7.87	0.0200232	36.7558	1416.64
10	12	16	14	37.82	-7.87	0.0200244	38.5365	1457.45
11	13	17	15	31.069	-7.65	0.0200277	38.0366	1181.76
12	14	18	16	32.224	-7.81	0.0200273	36.8378	1187.06
13	15	19	17	32.595	-7.34	0.020026	38.1369	1243.07
14	16	20	18	37.714	-7.52	0.0200223	38.0523	1435.1
15	17	21	19	29.928	-6.81	0.0200309	41.3243	1236.75
16	18	22	20	30.111	-7.18	0.0200284	38.4701	1158.37
17	19	23	21	29.719	-6.8	0.0200308	31.689	941.767
18	20	24	22	22.09	-7.78	0.0200411	32.247	712.337
19	21	25	23	24.667	-7.78	0.0200383	41.8975	1033.49
20	22	26	24	26.638	-7.77	0.020034	45.4705	1211.24
21	23	27	25	22.833	-8.24	0.0200364	40.1251	916.177
22	24	28	26	30.898	-8.43	0.0200307	35.2891	1090.36
23	25	29	27	40.507	-9.08	0.0200255	35.268	1428.6
24	26	30	28	41.324	-8.95	0.0200243	39.0676	1614.43
25	27	31	29	39.493	-7.91	0.0200233	41.0141	1619.77
26	28	32	30	36.751	-8.81	0.0200265	38.2639	1406.23
27	29	33	31	34.915	-9.48	0.0200273	37.9982	1326.71
28	30	34	32	30.431	-9.48	0.0200283	37.107	1129.2
29	31	35	33	24.534	-7.73	0.0200344	35.1079	861.338
30	32	36	34	20.042	-7.21	0.0200447	37.7517	756.619
31	33	37	35	24.008	-7.65	0.0200387	37.741	906.085
32	34	38	36	26.56	-9.64	0.0200333	36.6457	973.311
33	35	39	37	20.853	-9.38	0.0200422	39.1332	816.044
34	36	40	38	17.242	-9.25	0.0200505	40.1907	692.969
35	37	41	39	14.784	-8.71	0.0200576	38.9924	576.463
36	38	42	40	11.696	-8.33	0.0200666	37.6275	440.091
37	39	43	41	10.459	-7.94	0.0200773	36.8525	385.44
38	40	44	42	10.456	-7.4	0.0200735	38.3305	400.784
39	41	45	43	9.199	-7.89	0.0200932	38.8612	357.484
40	42	46	44	9.803	-7.82	0.0200944	36.9847	362.561
41	43	47	45	10.238	-6.67	0.020084	36.7617	376.366
42	44	48	46	8.463	-7.24	0.0201032	39.729	336.226
43	45	49	47	7.487	-6.34	0.0201252	38.079	285.098
44	46	50	48	8.799	-3.03	0.0201085	34.5299	303.829
1	4	10	7	24.404	-9.11	0.0200371	57.7962	1410.46
2	5	11	8	32.096	-4.85	0.0200281	53.8762	1729.21
3	6	12	9	29.085	-5.89	0.0200304	53.9967	1570.49
4	7	13	10	19.201	-7.51	0.020045	56.3676	1082.31
5	8	14	11	22.278	-9.05	0.0200401	56.9222	1268.11
6	9	15	12	20.896	-7.67	0.020041	56.1564	1173.44
7	10	16	13	20.097	-9.04	0.0200413	55.0871	1107.09
8	11	17	14	16.931	-9.3	0.0200506	56.3143	953.457
9	12	18	15	16.508	-9.99	0.0200523	57.0185	941.261
10	13	19	16	13.431	-8.52	0.0200652	58.2143	781.876
11	14	20	17	13.208	-7.55	0.0200605	58.0274	766.425
12	15	21	18	12.718	-6.81	0.0200668	60.4744	769.113
13	16	22	19	11.659	-6.46	0.0200714	61.0698	712.012
14	17	23	20	10.55	-6.59	0.0200816	56.9715	601.049
15	18	24	21	10.593	-6.67	0.020078	49.6	525.413
16	19	25	22	8.96	-7.56	0.0201045	46.861	419.874
17	20	26	23	9.597	-8.22	0.020099	54.564	523.651
18	21	27	24	8.841	-8.41	0.0201048	65.391	578.122
19	22	28	25	9.799	-8.8	0.0200868	67.141	657.914
20	23	29	26	9.517	-9.32	0.0200926	58.6019	557.715
21	24	30	27	13.562	-10.83	0.0200687	53.5354	726.047
22	25	31	28	14.772	-9.58	0.0200646	55.1082	814.059
23	26	32	29	15.114	-9.2	0.0200556	59.7876	903.63
24	27	33	30	13.604	-7.56	0.0200617	60.6365	824.898
25	28	34	31	14.123	-10.61	0.0200624	58.768	829.981
26	29	35	32	14.332	-9.64	0.0200625	55.0542	789.037
27	30	36	33	13.354	-9.39	0.0200645	53.5402	714.976
28	31	37	34	11.469	-9.5	0.0200789	53.0561	608.5
29	32	38	35	11.198	-8.51	0.0200839	54.3529	608.644
30	33	39	36	10.613	-8.74	0.0200891	55.8306	592.53
31	34	40	37	9.661	-9.69	0.0200915	57.8556	558.943
32	35	41	38	8.578	-9.07	0.0200966	60.4598	518.625
33	36	42	39	6.645	-8.69	0.0201229	60.6308	402.892
34	37	43	40	5.145	-8.28	0.0201587	58.4853	300.907
35	38	44	41	4.441	-8.1	0.0201882	56.8277	252.372
36	39	45	42	4.22	-7.08	0.0201945	56.9204	240.204
37	40	46	43	4.137	-7.61	0.0202146	56.966	235.669
38	41	47	44	4.428	-6.09	0.0202107	56.6627	250.903
39	42	48	45	4.601	-6.85	0.0202044	56.0763	258.007
40	43	49	46	4.544	-6.21	0.0202035	57.6134	261.795
41	44	50	47	4.563	-6.1	0.0202136	56.3017	256.905
1	5	13	9	20.258	-8.3	0.0200436	73.8986	1497.04
2	6	14	10	17.205	-8.45	0.0200499	72.1833	1241.91
3	7	15	11	12.64	-9.39	0.0200669	74.3204	939.41
4	8	16	12	12.192	-10.72	0.0200699	73.7078	898.646
5	9	17	13	11.165	-10.09	0.0200743	73.5541	821.232
6	10	18	14	9.809	-11.99	0.0200855	75.4482	740.072
7	11	19	15	9.005	-11.05	0.0200942	75.1184	676.441
8	12	20	16	8.283	-11.17	0.0201084	78.7812	652.545
9	13	21	17	6.763	-9.79	0.0201242	81.5985	551.851
10	14	22	18	6.487	-8.99	0.0201308	80.8826	524.685
11	15	23	19	5.363	-7.74	0.0201645	81.7902	438.641
12	16	24	20	5.298	-7.68	0.0201574	75.0927	397.841
13	17	25	21	5.142	-6.68	0.0201726	68.3166	351.284
14	18	26	22	4.599	-6.93	0.0201952	65.6202	301.787
15	19	27	23	5.075	-6.36	0.0201935	69.1392	350.881
16	20	28	24	4.851	-7.37	0.0202012	77.1256	374.137
17	21	29	25	4.85	-8.26	0.0201914	85.0274	412.383
18	22	30	26	5.606	-8.69	0.0201665	84.7281	474.986
19	23	31	27	5.97	-9.54	0.0201525	78.125	466.406
20	24	32	28	6.888	-9.81	0.0201326	75.9829	523.37
21	25	33	29	7.336	-9.29	0.0201177	76.8966	564.113
22	26	34	30	7.045	-8.08	0.0201178	77.2532	544.249
23	27	35	31	7.019	-7.72	0.0201196	79.2451	556.221
24	28	36	32	7.729	-9.45	0.0201138	74.6808	577.208
25	29	37	33	8.233	-8.15	0.0201121	70.5189	580.582
26	30	38	34	8.049	-8.1	0.0201171	70.6124	568.359
27	31	39	35	8.031	-7.98	0.0201207	68.644	551.28
28	32	40	36	7.065	-8.93	0.020139	72.0684	509.163
29	33	41	37	6.095	-7.74	0.0201568	76.7449	467.76
30	34	42	38	5.626	-8.08	0.0201585	78.539	441.86
31	35	43	39	4.632	-7.64	0.0201851	81.7644	378.733
32	36	44	40	3.678	-6.65	0.020235	81.0234	298.004
33	37	45	41	3.204	-6.62	0.02028	78.2501	250.713
34	38	46	42	2.96	-6.33	0.0203032	77.2606	228.691
35	39	47	43	2.833	-6.17	0.0203336	75.9677	215.217
36	40	48	44	2.992	-6.06	0.0203228	75.1232	224.769
37	41	49	45	3.178	-5.13	0.0203077	74.9336	238.139
38	42	50	46	3.347	-5.98	0.0202976	75.6545	253.216
1	6	16	11	10.822	-9.29	0.0200786	90.9501	984.262
2	7	17	12	7.521	-9.63	0.020111	91.3193	686.813
3	8	18	13	7.265	-11.43	0.0201167	90.9858	661.012
4	9	19	14	6.482	-10.31	0.0201322	92.9138	602.268
5	10	20	15	5.849	-11.07	0.0201462	95.1741	556.674
6	11	21	16	5.014	-11.27	0.0201796	99.3029	497.905
7	12	22	17	4.778	-10.16	0.0201845	102.106	487.861
8	13	23	18	4.078	-9.1	0.0202211	102.067	416.23
9	14	24	19	3.563	-8.73	0.0202541	100.554	358.273
10	15	25	20	3.35	-7.16	0.0202725	96.4365	323.062
11	16	26	21	3.477	-6.35	0.0202573	87.8534	305.466
12	17	27	22	3.197	-5.91	0.0203008	84.6929	270.763
13	18	28	23	3.497	-6.09	0.0202779	87.7199	306.756
14	19	29	24	3.64	-6.5	0.0202782	91.2105	332.006
15	20	30	25	3.709	-7.83	0.0202655	96.862	359.261
16	21	31	26	3.812	-8.28	0.0202608	102.703	391.503
17	22	32	27	4.438	-8.66	0.0202169	103.597	459.761
18	23	33	28	4.355	-9.01	0.0202141	100.241	436.548
19	24	34	29	4.678	-9.06	0.020189	97.8299	457.648
20	25	35	30	4.736	-8.68	0.0201877	95.8382	453.89
21	26	36	31	4.842	-8.66	0.0201787	95.9768	464.72
22	27	37	32	4.988	-7.7	0.0201763	92.2896	460.341
23	28	38	33	5.632	-8.93	0.0201646	87.7721	494.332
24	29	39	34	6.046	-7.64	0.0201632	86.655	523.916
25	30	40	35	6.33	-7.39	0.0201557	86.3045	546.307
26	31	41	36	5.902	-7.35	0.02017	86.2267	508.91
27	32	42	37	5.202	-7.08	0.0201912	91.522	476.098
28	33	43	38	4.656	-8.16	0.0202076	96.7846	450.629
29	34	44	39	3.951	-7	0.0202331	99.467	392.994
30	35	45	40	3.229	-6.14	0.0202813	101.543	327.881
31	36	46	41	2.851	-6.24	0.0203268	100.96	287.838
32	37	47	42	2.629	-5.63	0.0203535	99.18	260.744
33	38	48	43	2.464	-5.78	0.0203915	97.0582	239.151
34	39	49	44	2.544	-5.8	0.0203874	94.2798	239.848
35	40	50	45	2.732	-5.88	0.020364	92.6496	253.119
1	7	19	13	4.808	-9.96	0.0201758	109.803	527.932
2	8	20	14	4.521	-11.06	0.020196	112.174	507.139
3	9	21	15	4.193	-9.86	0.0202104	114.14	478.589
4	10	22	16	3.761	-9.86	0.0202429	118.388	445.255
5	11	23	17	3.274	-9.45	0.020273	119.94	392.683
6	12	24	18	3.151	-9.6	0.0202992	121.523	382.919
7	13	25	19	2.777	-8.74	0.0203455	122.506	340.198
8	14	26	20	2.72	-7.92	0.0203431	116.378	316.547
9	15	27	21	2.702	-5.91	0.020354	109.3	295.328
10	16	28	22	2.75	-6.61	0.0203536	103.913	285.76
11	17	29	23	2.993	-6.31	0.0203409	107.319	321.207
12	18	30	24	3.072	-6.91	0.0203234	110.583	339.71
13	19	31	25	3.253	-6.96	0.0203077	111.06	361.278
14	20	32	26	3.319	-8.26	0.0203084	114.94	381.487
15	21	33	27	3.509	-8.54	0.0202855	121.677	426.964
16	22	34	28	3.702	-8.5	0.020262	125.192	463.462
17	23	35	29	3.594	-8.48	0.0202546	120.756	433.996
18	24	36	30	3.731	-8.79	0.0202465	114.963	428.928
19	25	37	31	3.838	-8.98	0.0202407	113.869	437.029
20	26	38	32	3.97	-8.8	0.0202293	110.363	438.141
21	27	39	33	4.206	-8.01	0.0202197	105.86	445.249
22	28	40	34	4.635	-8.5	0.0202098	102.687	475.953
23	29	41	35	5.067	-7.39	0.020201	100.997	511.751
24	30	42	36	4.979	-7	0.0202038	103.048	513.075
25	31	43	37	4.646	-6.56	0.0202148	105.801	491.553
26	32	44	38	4.255	-6.24	0.0202328	111.604	474.876
27	33	45	39	3.713	-6.3	0.020266	116.483	432.502
28	34	46	40	3.197	-7.48	0.0203002	118.043	377.384
29	35	47	41	2.815	-6.18	0.0203353	120.973	340.54
30	36	48	42	2.581	-5.43	0.0203675	121.89	314.597
31	37	49	43	2.424	-5.62	0.0204026	119.067	288.618
32	38	50	44	2.466	-5.61	0.0204002	114.655	282.738
1	8	22	15	3.098	-10.47	0.0202933	134.704	417.312
2	9	23	16	2.87	-9.09	0.0203261	135.992	390.298
3	10	24	17	2.695	-8.49	0.0203412	137.37	370.212
4	11	25	18	2.543	-8.26	0.0203775	139.067	353.648
5	12	26	19	2.411	-9.13	0.0204026	142.931	344.606
6	13	27	20	2.291	-9.07	0.0204239	139.105	318.69
7	14	28	21	2.467	-8.47	0.0203975	128.68	317.454
8	15	29	22	2.523	-7.3	0.0203992	125.188	315.851
9	16	30	23	2.794	-7.31	0.0203587	127.328	355.754
10	17	31	24	2.861	-7.2	0.020355	130.657	373.811
11	18	32	25	2.907	-7.71	0.0203403	131.539	382.385
12	19	33	26	3.036	-7.08	0.0203344	129.772	393.988
13	20	34	27	3.209	-8.04	0.0203166	133.284	427.707
14	21	35	28	3.162	-8.19	0.0203139	142.718	451.273
15	22	36	29	3.262	-8.46	0.0202907	144.837	472.459
16	23	37	30	3.131	-8.21	0.0203031	136.707	428.031
17	24	38	31	3.253	-9.11	0.0202914	131.396	427.432
18	25	39	32	3.398	-8.97	0.0202817	126.751	430.701
19	26	40	33	3.518	-8.52	0.0202675	124.455	437.831
20	27	41	34	3.631	-8.17	0.0202646	122.761	445.746
21	28	42	35	4.003	-9.15	0.0202492	117.574	470.649
22	29	43	36	4.137	-7.61	0.0202497	116.624	482.472
23	30	44	37	4.085	-7.12	0.0202463	121.494	496.303
24	31	45	38	3.89	-6.36	0.0202566	125.238	487.175
25	32	46	39	3.517	-5.66	0.0202834	130.99	460.691
26	33	47	40	3.156	-5.4	0.0203153	135.116	426.426
27	34	48	41	2.935	-5.97	0.0203352	136.885	401.758
28	35	49	42	2.729	-7.16	0.0203555	140.633	383.788
29	36	50	43	2.607	-5.45	0.0203757	140.095	365.227
1	9	25	17	2.217	-8.21	0.0204241	157.1	348.29
2	10	26	18	2.227	-8.1	0.0204357	158.611	353.226
3	11	27	19	2.114	-8.88	0.0204684	160.594	339.496
4	12	28	20	2.211	-9.27	0.0204484	157.745	348.775
5	13	29	21	2.273	-7.59	0.0204399	150.74	342.633
6	14	30	22	2.383	-9.15	0.0204214	145.697	347.197
7	15	31	23	2.621	-7.55	0.0203883	149.216	391.095
8	16	32	24	2.741	-8.27	0.0203635	151.359	414.876
9	17	33	25	2.763	-8.14	0.0203634	152.243	420.647
10	18	34	26	2.795	-8.73	0.0203595	149.8	418.69
11	19	35	27	2.981	-7.74	0.0203389	148.411	442.415
12	20	36	28	2.955	-7.77	0.0203357	153.909	454.801
13	21	37	29	2.893	-7.51	0.020336	161.031	465.862
14	22	38	30	2.899	-7.93	0.0203369	159.976	463.771
15	23	39	31	2.839	-7.61	0.020339	152.711	433.547
16	24	40	32	2.957	-8.79	0.0203273	144.436	427.097
17	25	41	33	3.048	-9.07	0.0203189	140.025	426.797
18	26	42	34	3.093	-9.16	0.020315	139.751	432.248
19	27	43	35	3.184	-8.91	0.0203076	138	439.391
20	28	44	36	3.363	-9.34	0.0203009	135.418	455.41
21	29	45	37	3.474	-7.76	0.0202949	135.859	471.974
22	30	46	38	3.495	-6.87	0.0202874	139.264	486.729
23	31	47	39	3.304	-6.27	0.020303	143.314	473.508
24	32	48	40	3.05	-4.72	0.020328	149.536	456.085
25	33	49	41	2.927	-4.83	0.0203435	153.712	449.915
26	34	50	42	2.923	-4.47	0.0203396	155.432	454.327
1	10	28	19	1.943	-8.93	0.0205107	180.875	351.441
2	11	29	20	2.053	-9.22	0.0204861	175.971	361.269
3	12	30	21	2.248	-9.67	0.0204468	169.81	381.732
4	13	31	22	2.302	-9.99	0.0204392	167.111	384.691
5	14	32	23	2.466	-9.85	0.02041	170.261	419.864
6	15	33	24	2.525	-10.67	0.0203997	174.609	440.889
7	16	34	25	2.658	-9.84	0.0203724	172.544	458.622
8	17	35	26	2.697	-9.69	0.020375	170.22	459.083
9	18	36	27	2.775	-9.04	0.020356	168.125	466.547
10	19	37	28	2.785	-8.85	0.0203584	167.989	467.848
11	20	38	29	2.708	-8.14	0.0203646	172.25	466.454
12	21	39	30	2.6	-7.05	0.0203798	176.198	458.116
13	22	40	31	2.649	-7.91	0.0203706	175.995	466.212
14	23	41	32	2.589	-8.97	0.0203761	165.811	429.284
15	24	42	33	2.671	-9.07	0.0203666	157.216	419.924
16	25	43	34	2.691	-9.44	0.0203704	155.262	417.81
17	26	44	35	2.727	-9.24	0.0203623	154.31	420.802
18	27	45	36	2.735	-8.13	0.0203676	154.52	422.613
19	28	46	37	2.883	-8.53	0.0203486	154.656	445.874
20	29	47	38	3.022	-6.57	0.0203361	155.79	470.796
21	30	48	39	3	-7.08	0.0203351	158.685	476.056
22	31	49	40	2.914	-6.36	0.0203452	160.163	466.715
23	32	50	41	2.912	-5.9	0.0203466	165.661	482.406
1	11	31	21	2.094	-9.6	0.0204764	189.593	397.008
2	12	32	22	2.237	-9.81	0.0204521	187.528	419.5
3	13	33	23	2.36	-10.5	0.0204305	192.342	453.928
4	14	34	24	2.462	-10.62	0.0204065	194.305	478.379
5	15	35	25	2.479	-10.09	0.020401	195.393	484.378
6	16	36	26	2.55	-11.23	0.0203848	190.719	486.335
7	17	37	27	2.683	-9.64	0.0203762	187.584	503.287
8	18	38	28	2.632	-9.95	0.0203765	187.146	492.568
9	19	39	29	2.582	-8.58	0.020382	186.206	480.783
10	20	40	30	2.454	-8.29	0.020407	187.721	460.668
11	21	41	31	2.371	-8.01	0.02042	192.999	457.601
12	22	42	32	2.403	-7.67	0.020411	188.788	453.657
13	23	43	33	2.37	-8.05	0.0204144	178.473	422.981
14	24	44	34	2.386	-9.1	0.0204174	172.763	412.214
15	25	45	35	2.407	-9.25	0.0204198	169.495	407.974
16	26	46	36	2.38	-9.17	0.0204248	170.269	405.241
17	27	47	37	2.395	-8.41	0.0204146	172.962	414.244
18	28	48	38	2.555	-5.67	0.0203917	173.71	443.829
19	29	49	39	2.648	-7.78	0.0203846	175.075	463.597
20	30	50	40	2.728	-7.1	0.0203694	176.717	482.084
1	12	34	23	2.263	-10.33	0.0204472	213.692	483.585
2	13	35	24	2.329	-11.79	0.0204308	217.109	505.646
3	14	36	25	2.406	-11.3	0.020401	214.653	516.456
4	15	37	26	2.451	-10.38	0.0204102	211.559	518.531
5	16	38	27	2.538	-10.04	0.0203931	207.339	526.225
6	17	39	28	2.498	-9.13	0.0204018	207.001	517.089
7	18	40	29	2.44	-9.3	0.0204014	205.543	501.526
8	19	41	30	2.349	-8.33	0.0204241	201.878	474.21
9	20	42	31	2.242	-9.13	0.0204476	204.259	457.949
10	21	43	32	2.169	-8.84	0.02046	205.739	446.248
11	22	44	33	2.194	-8.05	0.0204541	202.234	443.701
12	23	45	34	2.129	-7.8	0.0204695	194.068	413.171
13	24	46	35	2.177	-8.26	0.0204647	186.496	406.002
14	25	47	36	2.135	-9.3	0.0204812	185.594	396.243
15	26	48	37	2.11	-8.98	0.0204735	188.783	398.333
16	27	49	38	2.154	-8.42	0.0204608	191.377	412.226
17	28	50	39	2.301	-8.7	0.0204352	191.099	439.719
1	13	37	25	2.257	-12.08	0.0204415	237.737	536.573
2	14	38	26	2.342	-11.66	0.0204264	231.108	541.255
3	15	39	27	2.424	-10.26	0.0204136	227.978	552.619
4	16	40	28	2.417	-9.55	0.0204105	225.972	546.175
5	17	41	29	2.308	-9.33	0.0204272	225.322	520.043
6	18	42	30	2.171	-9.83	0.0204507	221.427	480.717
7	19	43	31	2.144	-8.85	0.0204653	218.421	468.294
8	20	44	32	2.07	-9	0.0204883	217.429	450.077
9	21	45	33	2.002	-8.95	0.0205013	219.063	438.563
10	22	46	34	1.995	-8.49	0.0205061	217.198	433.309
11	23	47	35	1.955	-8.4	0.0205176	208.463	407.546
12	24	48	36	1.946	-8.51	0.0205288	203.133	395.297
13	25	49	37	1.932	-8.71	0.020526	203.533	393.225
14	26	50	38	1.939	-9.37	0.0205147	206.244	399.906
1	14	40	27	2.289	-11.58	0.0204363	248.951	569.849
2	15	41	28	2.274	-10.25	0.020438	247.587	563.012
3	16	42	29	2.215	-9.48	0.0204411	243.914	540.269
4	17	43	30	2.102	-9.02	0.020473	240.204	504.91
5	18	44	31	1.992	-8.89	0.020497	238.065	474.226
6	19	45	32	1.948	-9.94	0.0205152	232.022	451.978
7	20	46	33	1.922	-9.1	0.0205271	230.3	442.637
8	21	47	34	1.853	-8.57	0.0205485	234.131	433.845
9	22	48	35	1.85	-8.79	0.0205513	231.905	429.023
10	23	49	36	1.776	-8.85	0.0205814	224.553	398.807
11	24	50	37	1.787	-9.36	0.0205675	220.749	394.478
1	15	43	29	2.072	-10.1	0.0204737	266.703	552.609
2	16	44	30	2.004	-9.12	0.0204907	259.916	520.872
3	17	45	31	1.925	-9.13	0.0205184	256.644	494.039
4	18	46	32	1.863	-8.27	0.0205336	250.148	466.025
5	19	47	33	1.823	-8.15	0.020554	244.885	446.426
6	20	48	34	1.755	-9.95	0.0205828	246.276	432.214
7	21	49	35	1.734	-9.32	0.0205931	248.223	430.419
8	22	50	36	1.723	-9.15	0.0206075	246.983	425.553
1	16	46	31	1.834	-9.63	0.0205376	276.929	507.887
2	17	47	32	1.796	-8.58	0.0205568	269.624	484.245
3	18	48	33	1.745	-8.69	0.0205747	263.331	459.513
4	19	49	34	1.712	-8.86	0.0205942	259.391	444.077
5	20	50	35	1.669	-9.36	0.0206169	259.268	432.718
1	17	49	33	1.682	-8.94	0.0205977	283.287	476.488
2	18	50	34	1.647	-8.31	0.0206083	277.611	457.225
1	4	2	3	272.354	-6.51	0.0200035	6.22047	1694.17
2	5	3	4	249.17	-6.08	0.0200038	6.36444	1585.83
3	6	4	5	230.907	-7.01	0.020004	6.22273	1436.87
4	7	5	6	189.27	-4.73	0.0200049	6.2405	1181.14
5	8	6	7	127.263	-11.7	0.0200072	6.47375	823.869
6	9	7	8	214.956	-7.74	0.0200047	6.16209	1324.58
7	10	8	9	201.877	-4.75	0.0200048	6.31557	1274.97
8	11	9	10	258.773	-7.49	0.0200039	6.36299	1646.57
9	12	10	11	249.614	-5.64	0.0200041	6.26265	1563.25
10	13	11	12	275.851	-6.74	0.0200036	6.36241	1755.08
11	14	12	13	230.49	-5.12	0.0200042	6.41176	1477.85
12	15	13	14	272.64	-6.6	0.0200035	6.13026	1671.35
13	16	14	15	232.424	-6	0.0200042	6.56574	1526.04
14	17	15	16	264.06	-7.37	0.0200033	6.12866	1618.33
15	18	16	17	259.353	-6.99	0.0200039	6.39002	1657.27
16	19	17	18	258.18	-6.71	0.0200035	6.36016	1642.06
17	20	18	19	269.643	-6.65	0.0200036	6.037	1627.84
18	21	19	20	239.84	-6.85	0.0200039	6.27517	1505.04
19	22	20	21	205.463	-6.91	0.0200046	6.49955	1335.42
20	23	21	22	230.76	-7.49	0.020004	6.36039	1467.72
21	24	22	23	163.381	-7.34	0.0200056	6.15538	1005.67
22	25	23	24	227.959	-7.77	0.0200042	6.42789	1465.3
23	26	24	25	218.843	-6.89	0.0200046	6.40438	1401.55
24	27	25	26	276.18	-8.52	0.0200036	6.40509	1768.96
25	28	26	27	266.236	-6.88	0.020004	6.41941	1709.08
26	29	27	28	315.323	-9.59	0.0200034	6.2526	1971.59
27	30	28	29	279.061	-7.77	0.0200039	6.3265	1765.48
28	31	29	30	262.77	-8.93	0.0200039	6.53592	1717.44
29	32	30	31	226.823	-7.14	0.0200044	6.06013	1374.58
30	33	31	32	192.447	-7.16	0.0200049	6.47702	1246.48
31	34	32	33	172.857	-6.48	0.0200052	6.35732	1098.91
32	35	33	34	183.477	-7.62	0.0200048	6.12946	1124.62
33	36	34	35	159.513	-7.25	0.0200057	6.52476	1040.78
34	37	35	36	161.37	-8.02	0.0200058	6.37449	1028.65
35	38	36	37	168.099	-8.15	0.0200058	6.31329	1061.26
36	39	37	38	140.351	-8.32	0.0200069	6.46837	907.842
37	40	38	39	136.876	-7.16	0.0200071	6.36957	871.841
38	41	39	40	131.9	-8.1	0.0200071	6.41207	845.752
39	42	40	41	116.646	-6.11	0.0200077	6.44217	751.453
40	43	41	42	104.079	-7.51	0.020009	6.30319	656.03
41	44	42	43	102.644	-5.71	0.0200087	6.37092	653.936
42	45	43	44	91.272	-7.33	0.0200102	6.43922	587.72
43	46	44	45	90.066	-6.21	0.0200103	6.46334	582.127
44	47	45	46	85.24	-6.16	0.0200108	6.12783	522.336
45	48	46	47	84.922	-2.49	0.0200105	6.54819	556.085
46	49	47	48	84.405	-6.74	0.0200108	6.42162	542.017
47	50	48	49	93.653	-2.3	0.0200097	6.37116	596.678
1	7	3	5	108.94	-6.58	0.0200085	11.5819	1261.73
2	8	4	6	102.49	-4.03	0.0200087	12.0774	1237.81
3	9	5	7	74.329	-7.47	0.020012	13.0035	966.541
4	10	6	8	83.486	-10.54	0.0200112	12.9783	1083.5
5	11	7	9	109.37	-6.96	0.0200084	12.3107	1346.42
6	12	8	10	109.78	-6.02	0.0200082	12.2425	1343.98
7	13	9	11	92.987	-7.8	0.0200096	12.4866	1161.09
8	14	10	12	100.8	-8.39	0.0200092	12.7568	1285.89
9	15	11	13	96.281	-7.48	0.0200093	12.7349	1226.13
10	16	12	14	92.07	-7.7	0.0200096	12.3809	1139.91
11	17	13	15	87.669	-7.66	0.0200099	12.4908	1095.06
12	18	14	16	90.785	-7.81	0.0200096	12.6053	1144.38
13	19	15	17	75.185	-7.68	0.0200118	12.7217	956.482
14	20	16	18	75.276	-7.92	0.0200116	12.3311	928.234
15	21	17	19	74.646	-6.84	0.0200118	11.7593	877.788
16	22	18	20	71.662	-7.23	0.0200122	12.1087	867.736
17	23	19	21	65.027	-7.09	0.0200143	14.1624	920.939
18	24	20	22	68.098	-7.36	0.0200129	13.9538	950.226
19	25	21	23	63.902	-7.42	0.0200137	11.8575	757.719
20	26	22	24	64.669	-8.25	0.0200143	11.2	724.295
21	27	23	25	78.237	-8.55	0.0200126	12.4212	971.799
22	28	24	26	80.477	-8.53	0.0200118	13.5989	1094.39
23	29	25	27	74.621	-7.51	0.0200118	13.5135	1008.39
24	30	26	28	81.81	-8.38	0.0200117	12.4098	1015.25
25	31	27	29	90.921	-9.06	0.0200109	12.1384	1103.64
26	32	28	30	87.608	-8.73	0.0200107	12.557	1100.09
27	33	29	31	79.718	-7.7	0.0200112	12.5457	1000.12
28	34	30	32	70.957	-8.24	0.0200132	12.7424	904.16
29	35	31	33	71.932	-8.27	0.020013	12.9199	929.357
30	36	32	34	70.319	-8.69	0.0200124	12.5295	881.059
31	37	33	35	58.265	-8.54	0.0200148	12.4947	728.002
32	38	34	36	49.352	-7.98	0.0200181	12.9045	636.862
33	39	35	37	50.758	-7.79	0.0200179	12.547	636.862
34	40	36	38	49.292	-8.72	0.0200177	12.2802	605.315
35	41	37	39	41.863	-8.03	0.0200211	12.5535	525.526
36	42	38	40	38.461	-7.79	0.0200223	12.9058	496.371
37	43	39	41	33.916	-7.32	0.0200259	12.9418	438.934
38	44	40	42	30.518	-6.81	0.0200286	12.5819	383.975
39	45	41	43	29.679	-6.58	0.0200293	12.4052	368.175
40	46	42	44	27.883	-6.34	0.0200307	12.9353	360.675
41	47	43	45	25.949	-6.28	0.0200358	12.8271	332.852
42	48	44	46	29.041	-5	0.0200332	12.1253	352.131
43	49	45	47	30.119	-5.31	0.0200304	12.4949	376.333
44	50	46	48	27.584	-5.91	0.0200339	13.3814	369.113
1	10	4	7	43.549	-7.45	0.0200202	18.2539	794.937
2	11	5	8	43.867	-8.6	0.0200204	19.2813	845.811
3	12	6	9	44.049	-9.39	0.02002	19.3421	852.001
4	13	7	10	53.955	-8.54	0.0200164	18.8392	1016.47
5	14	8	11	58.947	-6.76	0.0200151	18.6299	1098.18
6	15	9	12	56.141	-7.63	0.0200158	18.8111	1056.07
7	16	10	13	42.696	-7.94	0.0200205	19.1915	819.4
8	17	11	14	45.806	-8.4	0.0200188	18.9689	868.891
9	18	12	15	42.628	-7.11	0.0200202	18.898	805.585
10	19	13	16	39.569	-8.23	0.0200213	18.6667	738.621
11	20	14	17	35.103	-8.19	0.0200249	18.574	652.002
12	21	15	18	34.465	-8.4	0.0200251	17.8522	615.277
13	22	16	19	29.511	-7.36	0.0200309	17.7061	522.524
14	23	17	20	29.56	-7.14	0.0200297	18.9474	560.086
15	24	18	21	28.304	-6.99	0.0200319	20.888	591.215
16	25	19	22	28.031	-7.44	0.0200309	21.3644	598.865
17	26	20	23	26.516	-7.49	0.0200332	19.3893	514.127
18	27	21	24	31.054	-8.36	0.0200288	17.3717	539.461
19	28	22	25	30.861	-8.13	0.0200308	17.0003	524.647
20	29	23	26	32.432	-7.34	0.0200277	18.6486	604.812
21	30	24	27	30.362	-6.24	0.0200294	20.0685	609.319
22	31	25	28	32.697	-7.79	0.0200274	19.9288	651.611
23	32	26	29	33.49	-7.65	0.0200277	18.6182	623.524
24	33	27	30	37.137	-8.09	0.0200249	18.0841	671.588
25	34	28	31	36.149	-7.48	0.0200262	18.3878	664.702
26	35	29	32	35.402	-7.51	0.0200254	19.2589	681.804
27	36	30	33	32.586	-6.86	0.0200276	19.5854	638.21
28	37	31	34	31.747	-8.55	0.0200283	19.6619	624.207
29	38	32	35	30.643	-7.84	0.0200289	19.4398	595.695
30	39	33	36	27.869	-7.45	0.0200313	19.0925	532.088
31	40	34	37	24.737	-6.96	0.0200366	18.5886	459.825
32	41	35	38	24.114	-6.72	0.0200391	18.3159	441.67
33	42	36	39	23.384	-6.5	0.0200404	18.4331	431.04
34	43	37	40	22.254	-6.91	0.0200419	18.7986	418.344
35	44	38	41	21.374	-6.33	0.0200429	19.1938	410.248
36	45	39	42	19.359	-6.13	0.0200477	19.218	372.041
37	46	40	43	17.729	-5.51	0.0200519	19.2438	341.173
38	47	41	44	16.873	-6.58	0.020056	19.0855	322.03
39	48	42	45	17.559	-5.8	0.0200541	18.9906	333.456
40	49	43	46	18.698	-6.19	0.0200525	18.8276	352.038
41	50	44	47	19.687	-4.78	0.0200503	19.2942	379.845
1	13	5	9	24.5	-8.37	0.0200362	24.9143	610.401
2	14	6	10	24.194	-10.46	0.0200369	25.7565	623.152
3	15	7	11	28.678	-8.88	0.0200312	25.4908	731.025
4	16	8	12	32.629	-7.72	0.0200277	25.6427	836.694
5	17	9	13	33.078	-7.34	0.0200269	25.4783	842.772
6	18	10	14	29.544	-7.06	0.0200295	25.063	740.46
7	19	11	15	23.993	-7.41	0.0200365	25.4787	611.311
8	20	12	16	23.291	-8.1	0.0200371	24.5772	572.428
9	21	13	17	22.124	-7.83	0.0200393	23.6952	524.234
10	22	14	18	19.949	-8.06	0.0200442	23.5874	470.545
11	23	15	19	19.371	-7.99	0.0200471	24.0175	465.243
12	24	16	20	18.262	-7.91	0.0200518	25.7448	470.152
13	25	17	21	16.573	-7.51	0.0200544	27.4209	454.446
14	26	18	22	17.214	-7.45	0.020053	27.4636	472.759
15	27	19	23	16.269	-7.64	0.0200564	26.5787	432.409
16	28	20	24	17.531	-7.87	0.0200516	25.0804	439.684
17	29	21	25	18.268	-7.01	0.0200496	23.913	436.842
18	30	22	26	17.696	-6.63	0.0200506	23.5045	415.936
19	31	23	27	18.614	-6.02	0.0200499	24.3777	453.767
20	32	24	28	19.72	-6.46	0.0200481	24.9148	491.32
21	33	25	29	20.737	-6.66	0.0200463	25.2433	523.471
22	34	26	30	21.737	-6.66	0.0200446	25.3017	549.983
23	35	27	31	22.296	-7.49	0.0200436	24.4728	545.646
24	36	28	32	21.809	-7.01	0.0200444	25.1005	547.418
25	37	29	33	20.717	-7.16	0.020045	26.157	541.894
26	38	30	34	19.621	-6.9	0.0200457	26.4266	518.515
27	39	31	35	18.253	-6.56	0.0200486	26.9916	492.678
28	40	32	36	18.101	-6.87	0.0200502	26.0094	470.797
29	41	33	37	18.257	-6.37	0.0200512	24.8582	453.837
30	42	34	38	17.805	-6.02	0.0200535	24.6532	438.95
31	43	35	39	17.892	-6.18	0.0200549	24.0582	430.449
32	44	36	40	17.33	-6.12	0.0200589	24.2718	420.631
33	45	37	41	16.662	-5.61	0.0200591	24.8858	414.647
34	46	38	42	16.449	-5.63	0.0200592	25.3397	416.812
35	47	39	43	15.759	-6.02	0.0200612	25.6482	404.19
36	48	40	44	15.023	-5.75	0.0200649	25.668	385.61
37	49	41	45	15.246	-6.56	0.020065	25.6413	390.927
38	50	42	46	16.015	-5.72	0.0200622	25.7013	411.607
1	16	6	11	15.21	-9.37	0.0200621	31.8257	484.068
2	17	7	12	17.803	-8.16	0.020052	32.2802	574.684
3	18	8	13	19.371	-7.16	0.0200471	32.3539	626.727
4	19	9	14	20.007	-7.75	0.0200455	31.9312	638.848
5	20	10	15	19.696	-7.07	0.0200457	31.0627	611.81
6	21	11	16	18.716	-6.91	0.0200473	29.8741	559.123
7	22	12	17	14.955	-7.09	0.0200601	29.5086	441.301
8	23	13	18	14.92	-8.09	0.0200607	29.8282	445.036
9	24	14	19	14.276	-7.28	0.020065	30.4956	435.355
10	25	15	20	13.722	-8.17	0.0200676	31.5327	432.691
11	26	16	21	12.853	-7.72	0.0200745	33.1552	426.143
12	27	17	22	13.264	-8	0.0200708	33.7221	447.289
13	28	18	23	12.583	-8.14	0.0200748	33.0233	415.532
14	29	19	24	12.663	-7.54	0.0200734	32.3921	410.181
15	30	20	25	12.907	-6.97	0.0200727	31.449	405.912
16	31	21	26	13.498	-6.67	0.0200682	30.2291	408.032
17	32	22	27	13.615	-5.87	0.0200693	29.4892	401.496
18	33	23	28	15.251	-5.82	0.0200638	29.5861	451.217
19	34	24	29	16.266	-6.24	0.0200621	30.0454	488.719
20	35	25	30	16.95	-6.91	0.0200589	30.7765	521.662
21	36	26	31	16.866	-6.65	0.0200595	31.2895	527.729
22	37	27	32	16.943	-6.9	0.020059	32.2879	547.053
23	38	28	33	16.035	-6.46	0.0200608	32.8967	527.499
24	39	29	34	15.406	-7.18	0.0200607	33.0411	509.032
25	40	30	35	14.382	-6.46	0.0200648	33.1642	476.968
26	41	31	36	13.936	-6.27	0.0200668	33.2699	463.649
27	42	32	37	13.869	-5.69	0.0200673	32.2554	447.35
28	43	33	38	14.349	-6.3	0.020067	31.0026	444.856
29	44	34	39	14.912	-5.61	0.0200667	30.3483	452.554
30	45	35	40	15.453	-6.03	0.0200649	30.0344	464.121
31	46	36	41	15.09	-5.99	0.0200669	30.2085	455.847
32	47	37	42	14.687	-6.5	0.0200694	30.7298	451.329
33	48	38	43	14.865	-5.63	0.0200675	31.2494	464.522
34	49	39	44	14.471	-6.54	0.0200687	31.9354	462.137
35	50	40	45	14.263	-5.73	0.0200701	32.6474	465.65
1	19	7	13	12.329	-7.73	0.0200785	38.2557	471.654
2	20	8	14	13.153	-6.57	0.0200713	37.8107	497.324
3	21	9	15	13.694	-7.22	0.0200681	37.0467	507.318
4	22	10	16	13.739	-7.01	0.0200673	35.9969	494.562
5	23	11	17	14.195	-7.02	0.0200654	36.0252	511.378
6	24	12	18	12.764	-6.84	0.0200715	36.0997	460.777
7	25	13	19	11.321	-7.3	0.0200821	36.2839	410.77
8	26	14	20	11.056	-7.98	0.0200867	37.3334	412.758
9	27	15	21	10.976	-7.89	0.020087	38.6372	424.082
10	28	16	22	10.893	-8.58	0.0200886	39.6939	432.386
11	29	17	23	10.423	-7.3	0.0200901	39.0496	407.014
12	30	18	24	10.729	-7.72	0.0200896	38.3956	411.946
13	31	19	25	10.644	-6.54	0.020091	38.5339	410.155
14	32	20	26	11.071	-6.62	0.0200861	37.4793	414.933
15	33	21	27	11.635	-5.96	0.0200827	35.9694	418.504
16	34	22	28	12.633	-6.7	0.0200782	34.8899	440.764
17	35	23	29	13.94	-6.31	0.0200735	35.3395	492.633
18	36	24	30	14.379	-6.11	0.0200703	36.3515	522.698
19	37	25	31	14.448	-6.12	0.0200695	36.8851	532.916
20	38	26	32	14.307	-6.65	0.0200707	38.132	545.554
21	39	27	33	14.053	-7.01	0.0200715	39.6182	556.754
22	40	28	34	13.589	-6.38	0.020072	40.3656	548.529
23	41	29	35	12.818	-6.19	0.0200741	40.3917	517.741
24	42	30	36	12.48	-6.11	0.020077	39.6893	495.323
25	43	31	37	12.268	-6.46	0.0200788	39.1094	479.794
26	44	32	38	12.304	-6.28	0.0200785	38.0376	468.015
27	45	33	39	12.634	-5.98	0.0200769	37.084	468.52
28	46	34	40	13.161	-6.58	0.0200759	36.7365	483.489
29	47	35	41	13.748	-6.87	0.0200747	36.0707	495.9
30	48	36	42	13.945	-6.35	0.0200737	35.9439	501.238
31	49	37	43	13.991	-6.18	0.0200727	36.554	511.426
32	50	38	44	13.81	-6.05	0.0200735	37.9189	523.66
1	22	8	15	10.279	-5.89	0.0200949	42.2544	434.333
2	23	9	16	10.586	-6.8	0.0200906	42.7553	452.608
3	24	10	17	10.562	-7.11	0.0200907	43.0299	454.481
4	25	11	18	10.72	-7.28	0.0200882	42.7962	458.776
5	26	12	19	10.51	-7.22	0.02009	41.9883	441.297
6	27	13	20	10.114	-7.88	0.0200939	42.5658	430.51
7	28	14	21	9.091	-9.94	0.0201062	44.6774	406.162
8	29	15	22	9.262	-9.45	0.0201036	45.2912	419.487
9	30	16	23	8.967	-8.43	0.020108	44.6343	400.236
10	31	17	24	9.178	-8.82	0.020105	44.1302	405.027
11	32	18	25	9.472	-8.27	0.0201039	43.8439	415.289
12	33	19	26	9.757	-8.5	0.0201001	44.1165	430.445
13	34	20	27	10.109	-7.84	0.0200971	43.4352	439.087
14	35	21	28	11.201	-8.12	0.0200892	41.4434	464.207
15	36	22	29	11.921	-7.3	0.0200858	40.9126	487.719
16	37	23	30	12.729	-7.61	0.0200797	42.1424	536.43
17	38	24	31	12.937	-7.64	0.0200782	43.3125	560.334
18	39	25	32	12.712	-8.28	0.0200788	44.4798	565.427
19	40	26	33	12.557	-8	0.0200806	44.9172	564.025
20	41	27	34	12.621	-7.81	0.0200795	45.585	575.328
21	42	28	35	12.209	-7.73	0.0200807	47.3351	577.915
22	43	29	36	11.945	-6.96	0.0200817	47.6715	569.436
23	44	30	37	11.536	-6.99	0.0200845	46.0702	531.466
24	45	31	38	11.439	-7.41	0.0200858	45.0324	515.126
25	46	32	39	11.559	-7.05	0.0200854	44.0936	509.677
26	47	33	40	11.792	-9.34	0.0200839	43.3088	510.697
27	48	34	41	12.028	-7.87	0.0200835	42.9308	516.372
28	49	35	42	12.572	-9.53	0.0200815	42.2752	531.484
29	50	36	43	12.918	-7.82	0.0200797	42.5304	549.408
1	25	9	17	8.753	-7.98	0.020113	48.6803	426.098
2	26	10	18	8.562	-8.22	0.020114	48.7379	417.294
3	27	11	19	8.829	-8.55	0.0201104	48.5678	428.805
4	28	12	20	8.523	-9.99	0.0201135	49.1329	418.76
5	29	13	21	8.424	-8.89	0.0201135	50.0937	421.989
6	30	14	22	8.26	-9.2	0.020117	50.6271	418.18
7	31	15	23	7.816	-8.23	0.0201239	50.0054	390.843
8	32	16	24	8.085	-8.69	0.0201222	49.3908	399.325
9	33	17	25	8.423	-8.07	0.020117	49.1688	414.149
10	34	18	26	8.79	-8.3	0.0201128	49.6388	436.325
11	35	19	27	9.078	-7.71	0.0201098	49.8429	452.474
12	36	20	28	9.91	-8.15	0.0201016	48.9863	485.454
13	37	21	29	10.687	-8.09	0.0200956	48.0007	512.984
14	38	22	30	11.28	-8.34	0.0200898	48.0048	541.495
15	39	23	31	11.678	-7.96	0.0200869	49.3035	575.767
16	40	24	32	11.715	-8.15	0.020086	50.8299	595.472
17	41	25	33	11.669	-7.22	0.0200864	51.8035	604.495
18	42	26	34	11.721	-7.9	0.0200854	51.883	608.12
19	43	27	35	11.855	-7.79	0.0200845	52.1588	618.343
20	44	28	36	11.687	-7.89	0.0200856	52.9642	618.992
21	45	29	37	11.358	-7.48	0.0200865	53.4691	607.302
22	46	30	38	11.078	-6.72	0.0200893	53.0617	587.818
23	47	31	39	10.908	-9.12	0.020091	51.7789	564.804
24	48	32	40	11.109	-8.22	0.0200898	50.2232	557.93
25	49	33	41	11.26	-8.57	0.020089	49.5448	557.875
26	50	34	42	11.331	-7.82	0.0200895	49.6658	562.763
1	28	10	19	7.457	-9.32	0.0201338	54.1066	403.473
2	29	11	20	7.325	-8.31	0.0201348	55.4458	406.141
3	30	12	21	7.021	-8.41	0.0201392	56.425	396.16
4	31	13	22	7.155	-9	0.0201361	56.4461	403.872
5	32	14	23	7.215	-8.34	0.0201356	55.1501	397.908
6	33	15	24	7.492	-7.56	0.0201313	54.1025	405.336
7	34	16	25	7.49	-5.13	0.020134	54.6529	409.35
8	35	17	26	7.852	-7.7	0.0201268	55.0805	432.492
9	36	18	27	8.212	-7.52	0.0201223	55.5206	455.935
10	37	19	28	8.862	-8.11	0.0201141	55.9118	495.491
11	38	20	29	9.61	-8.02	0.0201062	55.5331	533.673
12	39	21	30	10.259	-8.48	0.0200988	55.1264	565.542
13	40	22	31	10.535	-7.79	0.0200961	55.0862	580.333
14	41	23	32	10.932	-7.54	0.0200925	56.7367	620.246
15	42	24	33	11.046	-7.64	0.0200915	58.5322	646.547
16	43	25	34	11.174	-7.39	0.0200896	58.8433	657.515
17	44	26	35	11.267	-7.56	0.0200889	58.9174	663.822
18	45	27	36	11.456	-7.99	0.0200877	58.7149	672.638
19	46	28	37	11.299	-7.14	0.0200883	58.7802	664.157
20	47	29	38	10.949	-9.67	0.0200908	58.9514	645.458
21	48	30	39	10.712	-8.07	0.0200932	58.933	631.291
22	49	31	40	10.661	-8.46	0.0200939	59.0163	629.172
23	50	32	41	10.552	-7.46	0.0200951	57.8991	610.952
1	31	11	21	6.296	-8.22	0.0201594	61.8164	389.196
2	32	12	22	6.236	-9.28	0.0201588	62.0163	386.734
3	33	13	23	6.3	-9.96	0.0201563	60.6959	382.384
4	34	14	24	6.598	-10.19	0.0201517	60.0513	396.219
5	35	15	25	7.012	-9.06	0.0201437	59.5866	417.821
6	36	16	26	7.23	-8.18	0.0201391	60.4268	436.885
7	37	17	27	7.377	-7.06	0.0201358	61.4822	453.554
8	38	18	28	8.062	-7.67	0.020126	61.9011	499.046
9	39	19	29	8.666	-7.66	0.0201184	62.5071	541.686
10	40	20	30	9.295	-8.07	0.0201091	62.566	581.551
11	41	21	31	9.839	-7.23	0.0201029	61.7743	607.797
12	42	22	32	10.18	-8.4	0.0200995	62.6164	637.435
13	43	23	33	10.482	-7.93	0.0200971	64.4896	675.98
14	44	24	34	10.738	-8.06	0.0200935	65.414	702.415
15	45	25	35	10.83	-7.75	0.0200919	66.1485	716.388
16	46	26	36	10.979	-7.96	0.0200916	65.8854	723.356
17	47	27	37	11.097	-9.8	0.0200906	65.1271	722.715
18	48	28	38	10.915	-8.75	0.0200916	64.8871	708.242
19	49	29	39	10.697	-8.76	0.020093	64.8831	694.054
20	50	30	40	10.366	-8.17	0.0200971	65.4241	678.187
1	34	12	23	5.677	-8.38	0.020177	65.807	373.586
2	35	13	24	5.899	-8.51	0.020171	65.2842	385.112
3	36	14	25	6.167	-8.33	0.0201651	65.7637	405.565
4	37	15	26	6.502	-8.04	0.0201549	66.4294	431.924
5	38	16	27	6.867	-7.02	0.0201469	67.2219	461.613
6	39	17	28	7.43	-7.88	0.0201362	67.6037	502.296
7	40	18	29	7.941	-7.56	0.0201298	68.3585	542.835
8	41	19	30	8.551	-7.31	0.0201193	69.463	593.978
9	42	20	31	9.125	-7.51	0.0201109	69.4117	633.382
10	43	21	32	9.604	-7.58	0.0201056	69.3217	665.765
11	44	22	33	9.906	-7.85	0.0201024	69.7737	691.179
12	45	23	34	10.327	-8.36	0.0200976	71.3648	736.984
13	46	24	35	10.43	-7.87	0.0200959	73.1446	762.898
14	47	25	36	10.551	-10.43	0.0200952	73.0836	771.105
15	48	26	37	10.662	-9.01	0.0200942	72.2585	770.42
16	49	27	38	10.75	-9.38	0.0200935	71.6942	770.713
17	50	28	39	10.551	-8.34	0.0200952	72.1634	761.396
1	37	13	25	5.617	-9.27	0.0201819	70.8335	397.872
2	38	14	26	5.87	-8.02	0.0201728	72.4737	425.42
3	39	15	27	6.198	-7.46	0.0201631	73.3444	454.588
4	40	16	28	6.766	-7.53	0.0201511	73.7989	499.324
5	41	17	29	7.464	-6.6	0.0201376	74.0661	552.829
6	42	18	30	8.119	-7.6	0.0201256	75.1726	610.327
7	43	19	31	8.522	-6.86	0.0201196	76.3316	650.498
8	44	20	32	8.995	-7.78	0.0201132	76.817	690.969
9	45	21	33	9.422	-7.4	0.0201076	76.5473	721.228
10	46	22	34	9.749	-7.34	0.0201033	76.978	750.459
11	47	23	35	10.036	-9.73	0.0201002	78.6061	788.891
12	48	24	36	10.248	-9.33	0.0200983	79.7662	817.444
13	49	25	37	10.252	-9.76	0.0200974	79.9184	819.324
14	50	26	38	10.225	-8.99	0.0200984	79.553	813.429
1	40	14	27	5.72	-7.39	0.0201778	78.5812	449.485
2	41	15	28	6.303	-6.77	0.0201625	79.3862	500.371
3	42	16	29	6.929	-7.03	0.0201494	80.5104	557.857
4	43	17	30	7.553	-7.33	0.0201356	81.4727	615.363
5	44	18	31	8.158	-6.59	0.0201253	81.9555	668.593
6	45	19	32	8.585	-7.34	0.0201185	83.5033	716.876
7	46	20	33	8.856	-6.94	0.0201146	84.4397	747.798
8	47	21	34	9.233	-9.68	0.0201093	83.6869	772.681
9	48	22	35	9.521	-8.37	0.0201055	83.9536	799.322
10	49	23	36	9.837	-9.24	0.0201028	85.6294	842.337
11	50	24	37	9.871	-8.76	0.0201016	86.9052	857.841
1	43	15	29	6.574	-7.24	0.0201573	85.4045	561.449
2	44	16	30	7.149	-6.96	0.0201442	87.2706	623.898
3	45	17	31	7.665	-6.82	0.0201334	88.3975	677.567
4	46	18	32	8.081	-7.24	0.0201265	90.0988	728.088
5	47	19	33	8.426	-8.93	0.020121	91.1891	768.359
6	48	20	34	8.824	-8.42	0.0201145	91.0288	803.239
7	49	21	35	9.035	-8.41	0.020111	91.066	822.781
8	50	22	36	9.221	-8.29	0.0201096	91.6434	845.044
1	46	16	31	7.303	-7.03	0.0201408	93.836	685.284
2	47	17	32	7.639	-8.86	0.0201346	95.9855	733.233
3	48	18	33	7.977	-7.73	0.0201282	97.6183	778.702
4	49	19	34	8.278	-8.34	0.0201221	98.8503	818.283
5	50	20	35	8.547	-7.53	0.0201176	99.2567	848.347
1	49	17	33	7.589	-8.17	0.0201348	103.16	782.88
2	50	18	34	7.816	-7.69	0.0201299	105.482	824.444
