50# Number of sensors
#x	y	z
0	0	541.493
0.9871	0	541.333
1.9648	0	541.123
2.9476	0	540.938
3.9377	0	540.798
4.9359	0	540.738
5.9274	0	540.608
6.912	0	540.433
7.8999	0	540.278
8.8862	0	540.113
9.8708	0	539.938
10.8571	0	539.773
11.8302	0	539.543
12.8139	0	539.363
13.8026	0	539.213
14.7853	0	539.028
15.7829	0	538.958
16.7692	0	538.793
17.7689	0	538.768
18.7664	0	538.698
19.7531	0	538.535
20.6841	0	538.17
21.6596	0	537.95
22.6498	0	537.81
23.6483	0	537.755
24.6377	0	537.61
25.6248	0	537.45
26.6056	0	537.255
27.6024	0	537.175
28.5911	0	537.025
29.5826	0	536.895
30.5741	0	536.765
31.5384	0	536.5
32.5092	0	536.26
33.472	0	535.99
34.4194	0	535.67
35.3794	0	535.39
36.349	0	535.145
37.3233	0	534.92
38.301	0	534.71
39.2742	0	534.48
40.2508	0	534.265
41.2326	0	534.075
42.2103	0	533.865
43.1835	0	533.635
44.1623	0	533.43
45.1538	0	533.3
46.1194	0	533.04
47.1012	0	532.85
48.0719	0	532.61
784# Number of data
#a	b	m	n	R	ip	err	k	rhoa
1	2	4	3	109.313	-5.75	0.0200101	19.4897	2130.48
2	3	5	4	109.367	-5.17	0.0200093	19.5546	2138.63
3	4	6	5	86.663	-5.04	0.0200111	19.7817	1714.34
4	5	7	6	51.558	-10.66	0.0200174	18.8222	970.434
5	6	8	7	40.869	-8.38	0.0200222	17.7253	724.413
6	7	9	8	30.422	-5.37	0.0200283	19.572	595.418
7	8	10	9	103.08	-7.05	0.020011	19.2949	1988.92
8	9	11	10	88.641	-4.86	0.0200117	18.988	1683.11
9	10	12	11	96.496	-7.95	0.0200114	19.1462	1847.53
10	11	13	12	94.358	-5.51	0.0200118	18.7237	1766.73
11	12	14	13	126.54	-5.95	0.0200094	18.8301	2382.76
12	13	15	14	81.059	-5.22	0.0200121	20.0586	1625.93
13	14	16	15	109.05	-7.28	0.0200093	18.2025	1984.98
14	15	17	16	102.14	-7.66	0.0200117	19.6545	2007.51
15	16	18	17	117.33	-8.01	0.0200084	18.3828	2156.85
16	17	19	18	130.323	-6.93	0.0200091	18.8286	2453.8
17	18	20	19	118.257	-6.69	0.0200097	20.2701	2397.09
18	19	21	20	108.247	-7.4	0.0200107	18.3173	1982.8
19	20	22	21	108.147	-8.11	0.0200096	17.2824	1869.04
20	21	23	22	70.053	-6.96	0.020015	18.9626	1328.39
21	22	24	23	98.428	-7.74	0.0200114	21.2428	2090.88
22	23	25	24	76.242	-6.44	0.020015	19.6516	1498.28
23	24	26	25	118.1	-7.86	0.0200103	18.6559	2203.26
24	25	27	26	108.88	-6.1	0.0200113	18.4255	2006.17
25	26	28	27	157.32	-8.65	0.0200085	18.8423	2964.28
26	27	29	28	124.923	-7.05	0.0200107	19.9828	2496.31
27	28	30	29	135.453	-10.87	0.0200098	19.3933	2626.89
28	29	31	30	110.5	-7.64	0.0200109	18.3405	2026.63
29	30	32	31	91.927	-8.45	0.0200119	19.9388	1832.92
30	31	33	32	80.031	-7.12	0.020013	18.0592	1445.3
31	32	34	33	66.062	-6.83	0.0200147	18.8302	1243.96
32	33	35	34	57.454	-5.46	0.0200171	20.0747	1153.37
33	34	36	35	83.34	-8.89	0.0200121	18.3368	1528.19
34	35	37	36	83.972	-8.23	0.0200134	19.1405	1607.27
35	36	38	37	56.423	-8.98	0.020021	19.8855	1122
36	37	39	38	60.369	-8.64	0.0200187	19.2432	1161.69
37	38	40	39	67.21	-9.13	0.0200164	19.4282	1305.77
38	39	41	40	57.287	-6.76	0.0200184	19.0734	1092.66
39	40	42	41	51.475	-8.69	0.0200203	18.9059	973.183
40	41	43	42	46.477	-5.89	0.0200201	19.6492	913.236
41	42	44	43	38.904	-6.24	0.0200262	19.3419	752.476
42	43	45	44	40.094	-4.89	0.0200256	18.8629	756.288
43	44	46	45	39.497	-7.01	0.0200256	18.9774	749.55
44	45	47	46	31.686	-6.05	0.0200258	20.4911	649.282
45	46	48	47	28.167	-2.77	0.0200328	18.4756	520.403
46	47	49	48	34.141	-3.53	0.0200284	18.8189	642.494
47	48	50	49	39.161	-6.71	0.0200231	19.4429	761.405
1	3	7	5	28.361	-6.38	0.0200302	41.2338	1169.43
2	4	8	6	27.199	-10.64	0.020034	39.6893	1079.51
3	5	9	7	41.739	-6.26	0.0200232	35.2313	1470.52
4	6	10	8	43.455	-3.8	0.0200213	35.295	1533.75
5	7	11	9	29.144	-6.8	0.0200316	38.1621	1112.2
6	8	12	10	40.256	-8.27	0.0200244	38.2234	1538.72
7	9	13	11	47.442	-6.71	0.0200201	37.8021	1793.4
8	10	14	12	43.801	-6.74	0.0200215	37.0855	1624.38
9	11	15	13	41.376	-6.92	0.0200232	36.7558	1520.81
10	12	16	14	40.426	-7.35	0.0200244	38.5365	1557.88
11	13	17	15	31.61	-7.27	0.0200277	38.0366	1202.34
12	14	18	16	33.9	-7.95	0.0200273	36.8378	1248.8
13	15	19	17	33.308	-7.5	0.020026	38.1369	1270.26
14	16	20	18	39.748	-7.41	0.0200223	38.0523	1512.5
15	17	21	19	30.505	-6.57	0.0200309	41.3243	1260.6
16	18	22	20	30.781	-7.66	0.0200284	38.4701	1184.15
17	19	23	21	30.891	-7.24	0.0200308	31.689	978.906
18	20	24	22	22.699	-7.56	0.0200411	32.247	731.975
19	21	25	23	25.824	-7.89	0.0200383	41.8975	1081.96
20	22	26	24	28.741	-8.01	0.020034	45.4705	1306.87
21	23	27	25	24.685	-8.51	0.0200364	40.1251	990.488
22	24	28	26	32.323	-8.47	0.0200307	35.2891	1140.65
23	25	29	27	43.135	-9.49	0.0200255	35.268	1521.29
24	26	30	28	44.857	-8.65	0.0200243	39.0676	1752.45
25	27	31	29	42.827	-7.22	0.0200233	41.0141	1756.51
26	28	32	30	37.737	-8.54	0.0200265	38.2639	1443.96
27	29	33	31	34.762	-9.47	0.0200273	37.9982	1320.89
28	30	34	32	30.673	-9.5	0.0200283	37.107	1138.18
29	31	35	33	25.966	-7.85	0.0200344	35.1079	911.613
30	32	36	34	21.533	-6.67	0.0200447	37.7517	812.907
31	33	37	35	24.694	-7.92	0.0200387	37.741	931.975
32	34	38	36	26.949	-9.95	0.0200333	36.6457	987.566
33	35	39	37	20.739	-9.49	0.0200422	39.1332	811.582
34	36	40	38	16.88	-9.38	0.0200505	40.1907	678.42
35	37	41	39	13.913	-9.18	0.0200576	38.9924	542.501
36	38	42	40	11.503	-8.39	0.0200666	37.6275	432.829
37	39	43	41	10.291	-7.75	0.0200773	36.8525	379.249
38	40	44	42	9.967	-8.53	0.0200735	38.3305	382.04
39	41	45	43	8.729	-7.56	0.0200932	38.8612	339.22
40	42	46	44	9.239	-7.28	0.0200944	36.9847	341.701
41	43	47	45	10.156	-6.72	0.020084	36.7617	373.352
42	44	48	46	7.767	-6.77	0.0201032	39.729	308.575
43	45	49	47	6.982	-6.14	0.0201252	38.079	265.868
44	46	50	48	8.773	-4.09	0.0201085	34.5299	302.931
1	4	10	7	25.52	-9.31	0.0200371	57.7962	1474.96
2	5	11	8	33.406	-5.56	0.0200281	53.8762	1799.79
3	6	12	9	30.85	-6.75	0.0200304	53.9967	1665.8
4	7	13	10	19.452	-7.62	0.020045	56.3676	1096.46
5	8	14	11	23.024	-8.72	0.0200401	56.9222	1310.58
6	9	15	12	21.106	-6.98	0.020041	56.1564	1185.24
7	10	16	13	21.254	-7.73	0.0200413	55.0871	1170.82
8	11	17	14	17.424	-7.95	0.0200506	56.3143	981.22
9	12	18	15	17.254	-8.78	0.0200523	57.0185	983.797
10	13	19	16	13.395	-7.83	0.0200652	58.2143	779.78
11	14	20	17	13.3	-7.45	0.0200605	58.0274	771.764
12	15	21	18	12.575	-7.27	0.0200668	60.4744	760.465
13	16	22	19	11.32	-6.79	0.0200714	61.0698	691.31
14	17	23	20	9.884	-8.53	0.0200816	56.9715	563.106
15	18	24	21	10.239	-8.44	0.020078	49.6	507.854
16	19	25	22	8.619	-7.56	0.0201045	46.861	403.895
17	20	26	23	9.327	-8.61	0.020099	54.564	508.919
18	21	27	24	8.69	-8.63	0.0201048	65.391	568.248
19	22	28	25	9.823	-9.4	0.0200868	67.141	659.526
20	23	29	26	9.017	-9.8	0.0200926	58.6019	528.414
21	24	30	27	13.431	-11.47	0.0200687	53.5354	719.034
22	25	31	28	14.747	-9.34	0.0200646	55.1082	812.681
23	26	32	29	15.87	-8.74	0.0200556	59.7876	948.829
24	27	33	30	13.584	-6.75	0.0200617	60.6365	823.686
25	28	34	31	13.585	-10.5	0.0200624	58.768	798.364
26	29	35	32	13.61	-9.55	0.0200625	55.0542	749.288
27	30	36	33	13.338	-9.14	0.0200645	53.5402	714.119
28	31	37	34	11.99	-9.43	0.0200789	53.0561	636.143
29	32	38	35	11.381	-8.55	0.0200839	54.3529	618.591
30	33	39	36	10.288	-8.55	0.0200891	55.8306	574.385
31	34	40	37	9.064	-10.07	0.0200915	57.8556	524.403
32	35	41	38	8.135	-9.13	0.0200966	60.4598	491.841
33	36	42	39	6.34	-8.72	0.0201229	60.6308	384.399
34	37	43	40	4.868	-7.99	0.0201587	58.4853	284.707
35	38	44	41	4.269	-7.77	0.0201882	56.8277	242.598
36	39	45	42	4.041	-7.16	0.0201945	56.9204	230.015
37	40	46	43	3.92	-7.43	0.0202146	56.966	223.307
38	41	47	44	4.167	-6.07	0.0202107	56.6627	236.114
39	42	48	45	4.388	-7	0.0202044	56.0763	246.063
40	43	49	46	4.312	-6.18	0.0202035	57.6134	248.429
41	44	50	47	4.449	-6.24	0.0202136	56.3017	250.486
1	5	13	9	21.552	-8.81	0.0200436	73.8986	1592.66
2	6	14	10	17.827	-9.09	0.0200499	72.1833	1286.81
3	7	15	11	13.082	-9.25	0.0200669	74.3204	972.26
4	8	16	12	12.478	-9.83	0.0200699	73.7078	919.726
5	9	17	13	11.402	-8.72	0.0200743	73.5541	838.664
6	10	18	14	10.081	-10.42	0.0200855	75.4482	760.593
7	11	19	15	9.194	-9.47	0.0200942	75.1184	690.639
8	12	20	16	8.515	-9.89	0.0201084	78.7812	670.822
9	13	21	17	6.711	-8.75	0.0201242	81.5985	547.608
10	14	22	18	6.502	-8.66	0.0201308	80.8826	525.898
11	15	23	19	5.16	-7.75	0.0201645	81.7902	422.038
12	16	24	20	4.985	-8.01	0.0201574	75.0927	374.337
13	17	25	21	4.823	-7.28	0.0201726	68.3166	329.491
14	18	26	22	4.36	-7.24	0.0201952	65.6202	286.104
15	19	27	23	4.841	-6.97	0.0201935	69.1392	334.703
16	20	28	24	4.657	-7.91	0.0202012	77.1256	359.174
17	21	29	25	4.678	-8.58	0.0201914	85.0274	397.758
18	22	30	26	5.314	-9.21	0.0201665	84.7281	450.245
19	23	31	27	5.731	-9.81	0.0201525	78.125	447.734
20	24	32	28	6.709	-9.84	0.0201326	75.9829	509.769
21	25	33	29	7.314	-9.03	0.0201177	76.8966	562.422
22	26	34	30	7.035	-7.32	0.0201178	77.2532	543.476
23	27	35	31	6.808	-6.97	0.0201196	79.2451	539.501
24	28	36	32	7.43	-9.45	0.0201138	74.6808	554.878
25	29	37	33	8.024	-8.24	0.0201121	70.5189	565.844
26	30	38	34	8.12	-7.65	0.0201171	70.6124	573.373
27	31	39	35	8.123	-8.08	0.0201207	68.644	557.595
28	32	40	36	6.972	-9.1	0.020139	72.0684	502.461
29	33	41	37	5.892	-7.78	0.0201568	76.7449	452.181
30	34	42	38	5.363	-7.57	0.0201585	78.539	421.205
31	35	43	39	4.458	-7.43	0.0201851	81.7644	364.506
32	36	44	40	3.595	-6.81	0.020235	81.0234	291.279
33	37	45	41	3.112	-6.72	0.02028	78.2501	243.514
34	38	46	42	2.911	-6.35	0.0203032	77.2606	224.906
35	39	47	43	2.758	-6.2	0.0203336	75.9677	209.519
36	40	48	44	2.871	-6.1	0.0203228	75.1232	215.679
37	41	49	45	3.082	-5.81	0.0203077	74.9336	230.945
38	42	50	46	3.201	-6.27	0.0202976	75.6545	242.17
1	6	16	11	11.3	-9.38	0.0200786	90.9501	1027.74
2	7	17	12	7.713	-8.81	0.020111	91.3193	704.346
3	8	18	13	7.528	-9.76	0.0201167	90.9858	684.941
4	9	19	14	6.501	-9	0.0201322	92.9138	604.033
5	10	20	15	5.967	-9.68	0.0201462	95.1741	567.904
6	11	21	16	5.074	-9.52	0.0201796	99.3029	503.863
7	12	22	17	4.877	-8.75	0.0201845	102.106	497.969
8	13	23	18	4.088	-7.83	0.0202211	102.067	417.25
9	14	24	19	3.546	-8.05	0.0202541	100.554	356.563
10	15	25	20	3.241	-7.49	0.0202725	96.4365	312.551
11	16	26	21	3.368	-6.38	0.0202573	87.8534	295.89
12	17	27	22	3.043	-6.71	0.0203008	84.6929	257.721
13	18	28	23	3.341	-6.92	0.0202779	87.7199	293.072
14	19	29	24	3.508	-7.49	0.0202782	91.2105	319.966
15	20	30	25	3.614	-8.05	0.0202655	96.862	350.059
16	21	31	26	3.66	-8.58	0.0202608	102.703	375.893
17	22	32	27	4.326	-9.44	0.0202169	103.597	448.159
18	23	33	28	4.261	-8.65	0.0202141	100.241	427.126
19	24	34	29	4.636	-8.86	0.020189	97.8299	453.539
20	25	35	30	4.669	-8.75	0.0201877	95.8382	447.469
21	26	36	31	4.813	-8.45	0.0201787	95.9768	461.936
22	27	37	32	4.882	-7.04	0.0201763	92.2896	450.558
23	28	38	33	5.564	-9.03	0.0201646	87.7721	488.364
24	29	39	34	6.026	-7.48	0.0201632	86.655	522.183
25	30	40	35	6.317	-7.42	0.0201557	86.3045	545.185
26	31	41	36	5.868	-7.2	0.02017	86.2267	505.978
27	32	42	37	5.16	-7.12	0.0201912	91.522	472.254
28	33	43	38	4.573	-8.22	0.0202076	96.7846	442.596
29	34	44	39	3.861	-7.39	0.0202331	99.467	384.042
30	35	45	40	3.189	-6.09	0.0202813	101.543	323.819
31	36	46	41	2.829	-6.11	0.0203268	100.96	285.617
32	37	47	42	2.59	-6.23	0.0203535	99.18	256.876
33	38	48	43	2.421	-5.9	0.0203915	97.0582	234.978
34	39	49	44	2.499	-5.7	0.0203874	94.2798	235.605
35	40	50	45	2.681	-6.24	0.020364	92.6496	248.394
1	7	19	13	4.983	-8.58	0.0201758	109.803	547.148
2	8	20	14	4.601	-9.75	0.020196	112.174	516.113
3	9	21	15	4.202	-8.56	0.0202104	114.14	479.616
4	10	22	16	3.808	-8.85	0.0202429	118.388	450.82
5	11	23	17	3.302	-8.13	0.020273	119.94	396.041
6	12	24	18	3.232	-8.72	0.0202992	121.523	392.762
7	13	25	19	2.793	-7.19	0.0203455	122.506	342.159
8	14	26	20	2.733	-7.43	0.0203431	116.378	318.06
9	15	27	21	2.684	-6.35	0.020354	109.3	293.361
10	16	28	22	2.702	-6.59	0.0203536	103.913	280.772
11	17	29	23	2.918	-7.07	0.0203409	107.319	313.158
12	18	30	24	2.981	-7.77	0.0203234	110.583	329.647
13	19	31	25	3.175	-7.68	0.0203077	111.06	352.615
14	20	32	26	3.213	-9.22	0.0203084	114.94	369.303
15	21	33	27	3.431	-8.71	0.0202855	121.677	417.474
16	22	34	28	3.652	-8.97	0.020262	125.192	457.203
17	23	35	29	3.588	-8.64	0.0202546	120.756	433.271
18	24	36	30	3.704	-8.71	0.0202465	114.963	425.824
19	25	37	31	3.782	-8.56	0.0202407	113.869	430.652
20	26	38	32	3.965	-8.79	0.0202293	110.363	437.589
21	27	39	33	4.203	-7.75	0.0202197	105.86	444.931
22	28	40	34	4.649	-8.83	0.0202098	102.687	477.39
23	29	41	35	5.016	-7.56	0.020201	100.997	506.601
24	30	42	36	4.94	-6.93	0.0202038	103.048	509.056
25	31	43	37	4.656	-6.81	0.0202148	105.801	492.611
26	32	44	38	4.241	-6.45	0.0202328	111.604	473.314
27	33	45	39	3.671	-6.53	0.020266	116.483	427.61
28	34	46	40	3.172	-7.66	0.0203002	118.043	374.433
29	35	47	41	2.81	-6.28	0.0203353	120.973	339.935
30	36	48	42	2.575	-5.8	0.0203675	121.89	313.865
31	37	49	43	2.389	-6.07	0.0204026	119.067	284.45
32	38	50	44	2.431	-5.86	0.0204002	114.655	278.726
1	8	22	15	3.14	-8.87	0.0202933	134.704	422.969
2	9	23	16	2.866	-8.1	0.0203261	135.992	389.754
3	10	24	17	2.728	-7.78	0.0203412	137.37	374.746
4	11	25	18	2.579	-7.17	0.0203775	139.067	358.654
5	12	26	19	2.477	-7	0.0204026	142.931	354.04
6	13	27	20	2.328	-7.21	0.0204239	139.105	323.837
7	14	28	21	2.502	-6.67	0.0203975	128.68	321.958
8	15	29	22	2.525	-7.24	0.0203992	125.188	316.101
9	16	30	23	2.797	-6.95	0.0203587	127.328	356.136
10	17	31	24	2.848	-7.92	0.020355	130.657	372.112
11	18	32	25	2.876	-8.55	0.0203403	131.539	378.307
12	19	33	26	2.938	-8.77	0.0203344	129.772	381.27
13	20	34	27	3.126	-8.97	0.0203166	133.284	416.645
14	21	35	28	3.112	-9.87	0.0203139	142.718	444.137
15	22	36	29	3.264	-8.17	0.0202907	144.837	472.748
16	23	37	30	3.115	-8.18	0.0203031	136.707	425.843
17	24	38	31	3.214	-8.67	0.0202914	131.396	422.308
18	25	39	32	3.368	-8.74	0.0202817	126.751	426.898
19	26	40	33	3.555	-8.42	0.0202675	124.455	442.436
20	27	41	34	3.661	-7.7	0.0202646	122.761	449.429
21	28	42	35	3.992	-9.27	0.0202492	117.574	469.356
22	29	43	36	4.081	-7.49	0.0202497	116.624	475.941
23	30	44	37	4.075	-7	0.0202463	121.494	495.089
24	31	45	38	3.901	-6.71	0.0202566	125.238	488.553
25	32	46	39	3.524	-6.06	0.0202834	130.99	461.608
26	33	47	40	3.144	-5.58	0.0203153	135.116	424.804
27	34	48	41	2.912	-5.94	0.0203352	136.885	398.61
28	35	49	42	2.723	-6.97	0.0203555	140.633	382.944
29	36	50	43	2.605	-6.08	0.0203757	140.095	364.947
1	9	25	17	2.218	-6.62	0.0204241	157.1	348.447
2	10	26	18	2.267	-6.3	0.0204357	158.611	359.57
3	11	27	19	2.145	-6.87	0.0204684	160.594	344.474
4	12	28	20	2.278	-6.91	0.0204484	157.745	359.344
5	13	29	21	2.337	-6.77	0.0204399	150.74	352.28
6	14	30	22	2.439	-7.26	0.0204214	145.697	355.356
7	15	31	23	2.659	-6.82	0.0203883	149.216	396.766
8	16	32	24	2.767	-7.58	0.0203635	151.359	418.812
9	17	33	25	2.768	-8.57	0.0203634	152.243	421.408
10	18	34	26	2.752	-9.2	0.0203595	149.8	412.249
11	19	35	27	2.947	-8.29	0.0203389	148.411	437.369
12	20	36	28	2.908	-9.08	0.0203357	153.909	447.567
13	21	37	29	2.861	-8.29	0.020336	161.031	460.709
14	22	38	30	2.87	-8.45	0.0203369	159.976	459.132
15	23	39	31	2.806	-8.15	0.020339	152.711	428.508
16	24	40	32	2.924	-8.96	0.0203273	144.436	422.331
17	25	41	33	3.047	-8.85	0.0203189	140.025	426.657
18	26	42	34	3.144	-8.61	0.020315	139.751	439.376
19	27	43	35	3.195	-7.93	0.0203076	138	440.909
20	28	44	36	3.341	-9.34	0.0203009	135.418	452.431
21	29	45	37	3.441	-7.71	0.0202949	135.859	467.491
22	30	46	38	3.49	-6.38	0.0202874	139.264	486.033
23	31	47	39	3.311	-6.22	0.020303	143.314	474.511
24	32	48	40	3.066	-5.55	0.020328	149.536	458.478
25	33	49	41	2.923	-5.04	0.0203435	153.712	449.3
26	34	50	42	2.905	-5.52	0.0203396	155.432	451.529
1	10	28	19	1.972	-7.09	0.0205107	180.875	356.686
2	11	29	20	2.093	-6.03	0.0204861	175.971	368.308
3	12	30	21	2.354	-7.69	0.0204468	169.81	399.732
4	13	31	22	2.4	-4.65	0.0204392	167.111	401.068
5	14	32	23	2.548	-4.31	0.02041	170.261	433.826
6	15	33	24	2.572	-8.08	0.0203997	174.609	449.095
7	16	34	25	2.69	-8.04	0.0203724	172.544	464.144
8	17	35	26	2.697	-9.24	0.020375	170.22	459.083
9	18	36	27	2.786	-9.75	0.020356	168.125	468.396
10	19	37	28	2.79	-8.09	0.0203584	167.989	468.688
11	20	38	29	2.715	-8.55	0.0203646	172.25	467.659
12	21	39	30	2.561	-8.02	0.0203798	176.198	451.244
13	22	40	31	2.6	-7.36	0.0203706	175.995	457.588
14	23	41	32	2.555	-8.71	0.0203761	165.811	423.646
15	24	42	33	2.664	-8.93	0.0203666	157.216	418.823
16	25	43	34	2.71	-8.9	0.0203704	155.262	420.76
17	26	44	35	2.76	-8.83	0.0203623	154.31	425.894
18	27	45	36	2.735	-8.18	0.0203676	154.52	422.613
19	28	46	37	2.883	-8.97	0.0203486	154.656	445.874
20	29	47	38	3.002	-7.37	0.0203361	155.79	467.681
21	30	48	39	2.996	-6.89	0.0203351	158.685	475.421
22	31	49	40	2.933	-6.48	0.0203452	160.163	469.758
23	32	50	41	2.933	-5.92	0.0203466	165.661	485.884
1	11	31	21	2.165	-7.28	0.0204764	189.593	410.469
2	12	32	22	2.357	-6.81	0.0204521	187.528	442.003
3	13	33	23	2.476	-7.81	0.0204305	192.342	476.24
4	14	34	24	2.546	-8.1	0.0204065	194.305	494.701
5	15	35	25	2.529	-8.11	0.020401	195.393	494.148
6	16	36	26	2.575	-9.47	0.0203848	190.719	491.103
7	17	37	27	2.705	-8.33	0.0203762	187.584	507.414
8	18	38	28	2.654	-8.09	0.0203765	187.146	496.685
9	19	39	29	2.615	-8.16	0.020382	186.206	486.928
10	20	40	30	2.457	-8.38	0.020407	187.721	461.231
11	21	41	31	2.349	-8.94	0.02042	192.999	453.355
12	22	42	32	2.362	-8.43	0.020411	188.788	445.917
13	23	43	33	2.343	-8.11	0.0204144	178.473	418.162
14	24	44	34	2.383	-9.23	0.0204174	172.763	411.695
15	25	45	35	2.404	-9.12	0.0204198	169.495	407.466
16	26	46	36	2.395	-9.42	0.0204248	170.269	407.795
17	27	47	37	2.398	-8.12	0.0204146	172.962	414.763
18	28	48	38	2.552	-9.16	0.0203917	173.71	443.308
19	29	49	39	2.627	-7.63	0.0203846	175.075	459.921
20	30	50	40	2.736	-7.3	0.0203694	176.717	483.498
1	12	34	23	2.388	-7.55	0.0204472	213.692	510.296
2	13	35	24	2.453	-7.72	0.0204308	217.109	532.567
3	14	36	25	2.503	-8.51	0.020401	214.653	537.277
4	15	37	26	2.493	-8.8	0.0204102	211.559	527.416
5	16	38	27	2.576	-8.81	0.0203931	207.339	534.104
6	17	39	28	2.529	-8.8	0.0204018	207.001	523.506
7	18	40	29	2.474	-8.22	0.0204014	205.543	508.514
8	19	41	30	2.366	-8.17	0.0204241	201.878	477.642
9	20	42	31	2.244	-8.29	0.0204476	204.259	458.358
10	21	43	32	2.162	-8.57	0.02046	205.739	444.807
11	22	44	33	2.191	-7.78	0.0204541	202.234	443.095
12	23	45	34	2.112	-8.71	0.0204695	194.068	409.871
13	24	46	35	2.15	-8.57	0.0204647	186.496	400.966
14	25	47	36	2.113	-9.31	0.0204812	185.594	392.16
15	26	48	37	2.12	-9.1	0.0204735	188.783	400.221
16	27	49	38	2.155	-8.3	0.0204608	191.377	412.417
17	28	50	39	2.295	-10.04	0.0204352	191.099	438.572
1	13	37	25	2.384	-8.58	0.0204415	237.737	566.766
2	14	38	26	2.428	-8.82	0.0204264	231.108	561.13
3	15	39	27	2.485	-9.38	0.0204136	227.978	566.525
4	16	40	28	2.461	-7.61	0.0204105	225.972	556.118
5	17	41	29	2.346	-8.03	0.0204272	225.322	528.606
6	18	42	30	2.193	-9.08	0.0204507	221.427	485.589
7	19	43	31	2.153	-7.85	0.0204653	218.421	470.259
8	20	44	32	2.077	-8.69	0.0204883	217.429	451.599
9	21	45	33	2.014	-8.1	0.0205013	219.063	441.192
10	22	46	34	2.009	-8.52	0.0205061	217.198	436.35
11	23	47	35	1.942	-8.94	0.0205176	208.463	404.836
12	24	48	36	1.907	-8.93	0.0205288	203.133	387.374
13	25	49	37	1.898	-9.66	0.020526	203.533	386.305
14	26	50	38	1.937	-9.05	0.0205147	206.244	399.494
1	14	40	27	2.384	-8.89	0.0204363	248.951	593.5
2	15	41	28	2.34	-8.03	0.020438	247.587	579.353
3	16	42	29	2.27	-7.38	0.0204411	243.914	553.684
4	17	43	30	2.131	-7.97	0.020473	240.204	511.876
5	18	44	31	2.003	-8.53	0.020497	238.065	476.845
6	19	45	32	1.953	-9.2	0.0205152	232.022	453.138
7	20	46	33	1.937	-8.54	0.0205271	230.3	446.091
8	21	47	34	1.869	-8.97	0.0205485	234.131	437.591
9	22	48	35	1.857	-8.78	0.0205513	231.905	430.647
10	23	49	36	1.766	-9.35	0.0205814	224.553	396.561
11	24	50	37	1.771	-9.5	0.0205675	220.749	390.946
1	15	43	29	2.138	-8.44	0.0204737	266.703	570.212
2	16	44	30	2.049	-7.94	0.0204907	259.916	532.569
3	17	45	31	1.944	-8.52	0.0205184	256.644	498.915
4	18	46	32	1.88	-8.35	0.0205336	250.148	470.278
5	19	47	33	1.841	-8.21	0.020554	244.885	450.834
6	20	48	34	1.775	-8.38	0.0205828	246.276	437.14
7	21	49	35	1.743	-8.88	0.0205931	248.223	432.653
8	22	50	36	1.725	-8.27	0.0206075	246.983	426.046
1	16	46	31	1.867	-7.94	0.0205376	276.929	517.026
2	17	47	32	1.818	-8.03	0.0205568	269.624	490.176
3	18	48	33	1.771	-8.01	0.0205747	263.331	466.359
4	19	49	34	1.735	-7.64	0.0205942	259.391	450.043
5	20	50	35	1.683	-7.71	0.0206169	259.268	436.348
1	17	49	33	1.713	-8.13	0.0205977	283.287	485.27
2	18	50	34	1.68	-5.77	0.0206083	277.611	466.386
1	4	2	3	285.467	-5.78	0.0200035	6.22047	1775.74
2	5	3	4	264.687	-5.23	0.0200038	6.36444	1684.58
3	6	4	5	236.396	-5.58	0.020004	6.22273	1471.03
4	7	5	6	189.783	-4.33	0.0200049	6.2405	1184.34
5	8	6	7	122.796	-8.79	0.0200072	6.47375	794.951
6	9	7	8	217.773	-6.47	0.0200047	6.16209	1341.94
7	10	8	9	197.686	-4.24	0.0200048	6.31557	1248.5
8	11	9	10	271.157	-6.35	0.0200039	6.36299	1725.37
9	12	10	11	255.654	-4.96	0.0200041	6.26265	1601.07
10	13	11	12	303.727	-5.87	0.0200036	6.36241	1932.44
11	14	12	13	239.996	-4.65	0.0200042	6.41176	1538.8
12	15	13	14	306.663	-5.4	0.0200035	6.13026	1879.92
13	16	14	15	248.497	-6.37	0.0200042	6.56574	1631.57
14	17	15	16	292.073	-6.37	0.0200033	6.12866	1790.01
15	18	16	17	290.687	-6.38	0.0200039	6.39002	1857.5
16	19	17	18	292.204	-6.16	0.0200035	6.36016	1858.46
17	20	18	19	303.596	-5.85	0.0200036	6.037	1832.81
18	21	19	20	274.48	-6.08	0.0200039	6.27517	1722.41
19	22	20	21	228.644	-5.98	0.0200046	6.49955	1486.08
20	23	21	22	263.104	-6.72	0.020004	6.36039	1673.44
21	24	22	23	187.707	-5.95	0.0200056	6.15538	1155.41
22	25	23	24	272.013	-7.02	0.0200042	6.42789	1748.47
23	26	24	25	250.05	-5.81	0.0200046	6.40438	1601.41
24	27	25	26	337.886	-8.14	0.0200036	6.40509	2164.19
25	28	26	27	297.257	-5.81	0.020004	6.41941	1908.22
26	29	27	28	364.293	-9.7	0.0200034	6.2526	2277.78
27	30	28	29	305.457	-6.89	0.0200039	6.3265	1932.47
28	31	29	30	294.16	-8.69	0.0200039	6.53592	1922.61
29	32	30	31	248.393	-6.41	0.0200044	6.06013	1505.29
30	33	31	32	208.673	-6.39	0.0200049	6.47702	1351.58
31	34	32	33	187.494	-5.61	0.0200052	6.35732	1191.96
32	35	33	34	198.901	-7.06	0.0200048	6.12946	1219.16
33	36	34	35	179.901	-6.03	0.0200057	6.52476	1173.81
34	37	35	36	178.516	-7.58	0.0200058	6.37449	1137.95
35	38	36	37	183.374	-7.05	0.0200058	6.31329	1157.69
36	39	37	38	154.554	-8.08	0.0200069	6.46837	999.712
37	40	38	39	145.033	-6.35	0.0200071	6.36957	923.797
38	41	39	40	143.236	-7.52	0.0200071	6.41207	918.439
39	42	40	41	124.986	-5.13	0.0200077	6.44217	805.181
40	43	41	42	110.161	-6.31	0.020009	6.30319	694.366
41	44	42	43	107.687	-4.84	0.0200087	6.37092	686.065
42	45	43	44	95.593	-6.04	0.0200102	6.43922	615.544
43	46	44	45	89.235	-4.93	0.0200103	6.46334	576.756
44	47	45	46	88.713	-5.54	0.0200108	6.12783	543.618
45	48	46	47	83.61	-0.86	0.0200105	6.54819	547.494
46	49	47	48	83.921	-5.61	0.0200108	6.42162	538.909
47	50	48	49	92.251	-1.95	0.0200097	6.37116	587.746
1	7	3	5	110.93	-6.17	0.0200085	11.5819	1284.78
2	8	4	6	101.85	-4.22	0.0200087	12.0774	1230.08
3	9	5	7	73.264	-6.98	0.020012	13.0035	952.692
4	10	6	8	84.385	-9.08	0.0200112	12.9783	1095.17
5	11	7	9	111.6	-6.48	0.0200084	12.3107	1373.87
6	12	8	10	113.1	-5.76	0.0200082	12.2425	1384.63
7	13	9	11	97.603	-6.59	0.0200096	12.4866	1218.73
8	14	10	12	104.86	-7.39	0.0200092	12.7568	1337.68
9	15	11	13	98.184	-6.92	0.0200093	12.7349	1250.37
10	16	12	14	95.924	-6.84	0.0200096	12.3809	1187.63
11	17	13	15	91.197	-6.65	0.0200099	12.4908	1139.12
12	18	14	16	95.325	-7.2	0.0200096	12.6053	1201.6
13	19	15	17	76.119	-6.78	0.0200118	12.7217	968.364
14	20	16	18	77.459	-7.26	0.0200116	12.3311	955.153
15	21	17	19	76.17	-6.67	0.0200118	11.7593	895.709
16	22	18	20	74.18	-6.42	0.0200122	12.1087	898.226
17	23	19	21	66.395	-6.59	0.0200143	14.1624	940.314
18	24	20	22	70.327	-7.25	0.0200129	13.9538	981.329
19	25	21	23	66.438	-7.06	0.0200137	11.8575	787.79
20	26	22	24	66.32	-7.91	0.0200143	11.2	742.786
21	27	23	25	81.768	-8.03	0.0200126	12.4212	1015.66
22	28	24	26	86.197	-8.19	0.0200118	13.5989	1172.18
23	29	25	27	79.515	-7.05	0.0200118	13.5135	1074.53
24	30	26	28	83.446	-7.8	0.0200117	12.4098	1035.55
25	31	27	29	92.84	-8.69	0.0200109	12.1384	1126.93
26	32	28	30	91.441	-8.08	0.0200107	12.557	1148.23
27	33	29	31	84.77	-6.59	0.0200112	12.5457	1063.5
28	34	30	32	73.327	-7.34	0.0200132	12.7424	934.36
29	35	31	33	71.957	-8.03	0.020013	12.9199	929.68
30	36	32	34	70.304	-8.39	0.0200124	12.5295	880.871
31	37	33	35	59.222	-7.78	0.0200148	12.4947	739.96
32	38	34	36	50.572	-7.2	0.0200181	12.9045	652.605
33	39	35	37	50.587	-7.25	0.0200179	12.547	634.716
34	40	36	38	49.344	-8.83	0.0200177	12.2802	605.953
35	41	37	39	41.279	-7.4	0.0200211	12.5535	518.195
36	42	38	40	37.188	-6.97	0.0200223	12.9058	479.942
37	43	39	41	32.281	-6.91	0.0200259	12.9418	417.774
38	44	40	42	29.571	-6.24	0.0200286	12.5819	372.06
39	45	41	43	29.34	-5.66	0.0200293	12.4052	363.97
40	46	42	44	26.66	-5.32	0.0200307	12.9353	344.855
41	47	43	45	24.805	-5.61	0.0200358	12.8271	318.177
42	48	44	46	28.372	-4.08	0.0200332	12.1253	344.019
43	49	45	47	29.69	-5.08	0.0200304	12.4949	370.973
44	50	46	48	25.968	-5.2	0.0200339	13.3814	347.489
1	10	4	7	42.611	-6.99	0.0200202	18.2539	777.815
2	11	5	8	43.717	-8.13	0.0200204	19.2813	842.918
3	12	6	9	43.769	-8.17	0.02002	19.3421	846.585
4	13	7	10	56.086	-7.76	0.0200164	18.8392	1056.62
5	14	8	11	60.583	-6.4	0.0200151	18.6299	1128.66
6	15	9	12	58.99	-6.94	0.0200158	18.8111	1109.66
7	16	10	13	43.274	-7.23	0.0200205	19.1915	830.493
8	17	11	14	47.172	-7.62	0.0200188	18.9689	894.802
9	18	12	15	42.844	-6.62	0.0200202	18.898	809.667
10	19	13	16	40.45	-6.98	0.0200213	18.6667	755.066
11	20	14	17	34.912	-7.25	0.0200249	18.574	648.454
12	21	15	18	34.823	-7.54	0.0200251	17.8522	621.668
13	22	16	19	29.129	-6.55	0.0200309	17.7061	515.76
14	23	17	20	29.333	-6.46	0.0200297	18.9474	555.785
15	24	18	21	28.01	-6.31	0.0200319	20.888	585.074
16	25	19	22	27.681	-7.18	0.0200309	21.3644	591.387
17	26	20	23	25.345	-7.05	0.0200332	19.3893	491.422
18	27	21	24	30.514	-7.94	0.0200288	17.3717	530.08
19	28	22	25	30.439	-7.2	0.0200308	17.0003	517.472
20	29	23	26	32.994	-7.14	0.0200277	18.6486	615.293
21	30	24	27	30.173	-5.54	0.0200294	20.0685	605.526
22	31	25	28	32.174	-7.45	0.0200274	19.9288	641.189
23	32	26	29	32.093	-6.95	0.0200277	18.6182	597.514
24	33	27	30	36.975	-8.2	0.0200249	18.0841	668.659
25	34	28	31	36.767	-7.44	0.0200262	18.3878	676.066
26	35	29	32	36.553	-6.76	0.0200254	19.2589	703.971
27	36	30	33	32.204	-6.35	0.0200276	19.5854	630.728
28	37	31	34	30.455	-7.92	0.0200283	19.6619	598.804
29	38	32	35	29.409	-7.13	0.0200289	19.4398	571.706
30	39	33	36	27.585	-6.91	0.0200313	19.0925	526.666
31	40	34	37	25.053	-5.97	0.0200366	18.5886	465.699
32	41	35	38	24.098	-5.52	0.0200391	18.3159	441.377
33	42	36	39	22.832	-5.35	0.0200404	18.4331	420.865
34	43	37	40	21.381	-6.47	0.0200419	18.7986	401.933
35	44	38	41	20.596	-5.46	0.0200429	19.1938	395.316
36	45	39	42	18.746	-5.42	0.0200477	19.218	360.26
37	46	40	43	17.223	-4.84	0.0200519	19.2438	331.436
38	47	41	44	16.588	-6.26	0.020056	19.0855	316.591
39	48	42	45	17.239	-4.86	0.0200541	18.9906	327.379
40	49	43	46	18.446	-5.83	0.0200525	18.8276	347.293
41	50	44	47	19.188	-3.92	0.0200503	19.2942	370.218
1	13	5	9	24.006	-7.6	0.0200362	24.9143	598.093
2	14	6	10	24.101	-8.66	0.0200369	25.7565	620.757
3	15	7	11	28.976	-8	0.0200312	25.4908	738.621
4	16	8	12	33.626	-7.43	0.0200277	25.6427	862.26
5	17	9	13	34.406	-7.03	0.0200269	25.4783	876.608
6	18	10	14	30.327	-6.87	0.0200295	25.063	760.084
7	19	11	15	24.395	-7	0.0200365	25.4787	621.554
8	20	12	16	23.429	-7.26	0.0200371	24.5772	575.82
9	21	13	17	22.195	-6.83	0.0200393	23.6952	525.916
10	22	14	18	19.983	-6.84	0.0200442	23.5874	471.347
11	23	15	19	19.33	-6.71	0.0200471	24.0175	464.258
12	24	16	20	18.306	-6.72	0.0200518	25.7448	471.285
13	25	17	21	16.357	-6.89	0.0200544	27.4209	448.523
14	26	18	22	16.961	-6.91	0.020053	27.4636	465.811
15	27	19	23	15.823	-7.04	0.0200564	26.5787	420.555
16	28	20	24	17.053	-7.48	0.0200516	25.0804	427.696
17	29	21	25	17.972	-6.5	0.0200496	23.913	429.764
18	30	22	26	17.578	-5.97	0.0200506	23.5045	413.162
19	31	23	27	18.209	-5.43	0.0200499	24.3777	443.894
20	32	24	28	19.238	-5.83	0.0200481	24.9148	479.312
21	33	25	29	20.339	-5.97	0.0200463	25.2433	513.424
22	34	26	30	21.495	-6.36	0.0200446	25.3017	543.86
23	35	27	31	22.23	-6.4	0.0200436	24.4728	544.031
24	36	28	32	21.661	-6.55	0.0200444	25.1005	543.703
25	37	29	33	20.605	-6.54	0.020045	26.157	538.964
26	38	30	34	19.359	-6.08	0.0200457	26.4266	511.592
27	39	31	35	17.842	-6.08	0.0200486	26.9916	481.585
28	40	32	36	17.713	-6.68	0.0200502	26.0094	460.705
29	41	33	37	17.991	-5.97	0.0200512	24.8582	447.224
30	42	34	38	17.922	-5.82	0.0200535	24.6532	441.835
31	43	35	39	17.936	-5.51	0.0200549	24.0582	431.507
32	44	36	40	17.083	-5.28	0.0200589	24.2718	414.636
33	45	37	41	16.332	-5.02	0.0200591	24.8858	406.434
34	46	38	42	16.001	-5.36	0.0200592	25.3397	405.46
35	47	39	43	15.536	-6.01	0.0200612	25.6482	398.47
36	48	40	44	14.947	-5.1	0.0200649	25.668	383.659
37	49	41	45	15.078	-6.03	0.020065	25.6413	386.62
38	50	42	46	15.991	-5.33	0.0200622	25.7013	410.99
1	16	6	11	15.001	-8.12	0.0200621	31.8257	477.417
2	17	7	12	17.841	-7.58	0.020052	32.2802	575.911
3	18	8	13	19.5	-7.12	0.0200471	32.3539	630.901
4	19	9	14	20.766	-7.42	0.0200455	31.9312	663.084
5	20	10	15	20.15	-6.91	0.0200457	31.0627	625.913
6	21	11	16	19.158	-6.59	0.0200473	29.8741	572.328
7	22	12	17	15.035	-6.05	0.0200601	29.5086	443.662
8	23	13	18	15.127	-6.85	0.0200607	29.8282	451.211
9	24	14	19	14.241	-6.27	0.020065	30.4956	434.288
10	25	15	20	13.781	-7.15	0.0200676	31.5327	434.552
11	26	16	21	12.761	-6.98	0.0200745	33.1552	423.093
12	27	17	22	13.255	-7.18	0.0200708	33.7221	446.986
13	28	18	23	12.506	-6.83	0.0200748	33.0233	412.989
14	29	19	24	12.609	-6.99	0.0200734	32.3921	408.431
15	30	20	25	12.751	-6.17	0.0200727	31.449	401.006
16	31	21	26	13.445	-6.42	0.0200682	30.2291	406.43
17	32	22	27	13.423	-5.38	0.0200693	29.4892	395.834
18	33	23	28	15.087	-5.43	0.0200638	29.5861	446.365
19	34	24	29	16.153	-5.59	0.0200621	30.0454	485.324
20	35	25	30	16.92	-6.53	0.0200589	30.7765	520.739
21	36	26	31	16.755	-5.95	0.0200595	31.2895	524.256
22	37	27	32	16.894	-6.05	0.020059	32.2879	545.471
23	38	28	33	15.936	-6.05	0.0200608	32.8967	524.242
24	39	29	34	15.346	-6.81	0.0200607	33.0411	507.049
25	40	30	35	14.326	-6.02	0.0200648	33.1642	475.111
26	41	31	36	13.911	-5.79	0.0200668	33.2699	462.817
27	42	32	37	13.737	-4.58	0.0200673	32.2554	443.093
28	43	33	38	14.278	-6	0.020067	31.0026	442.655
29	44	34	39	14.916	-5.56	0.0200667	30.3483	452.676
30	45	35	40	15.41	-5.46	0.0200649	30.0344	462.83
31	46	36	41	14.981	-5.58	0.0200669	30.2085	452.554
32	47	37	42	14.574	-5.76	0.0200694	30.7298	447.856
33	48	38	43	14.77	-4.5	0.0200675	31.2494	461.553
34	49	39	44	14.351	-6.16	0.0200687	31.9354	458.304
35	50	40	45	14.159	-6.23	0.0200701	32.6474	462.255
1	19	7	13	12.236	-6.61	0.0200785	38.2557	468.096
2	20	8	14	13.12	-6.62	0.0200713	37.8107	496.076
3	21	9	15	13.921	-6.34	0.0200681	37.0467	515.728
4	22	10	16	14.02	-6.82	0.0200673	35.9969	504.677
5	23	11	17	14.542	-6.72	0.0200654	36.0252	523.879
6	24	12	18	12.929	-5.51	0.0200715	36.0997	466.733
7	25	13	19	11.489	-6.35	0.0200821	36.2839	416.865
8	26	14	20	11.077	-7.15	0.0200867	37.3334	413.542
9	27	15	21	10.935	-6.93	0.020087	38.6372	422.497
10	28	16	22	10.913	-7.55	0.0200886	39.6939	433.18
11	29	17	23	10.46	-6.9	0.0200901	39.0496	408.459
12	30	18	24	10.784	-6.26	0.0200896	38.3956	414.058
13	31	19	25	10.621	-7.34	0.020091	38.5339	409.269
14	32	20	26	11.13	-6.59	0.0200861	37.4793	417.145
15	33	21	27	11.642	-5.02	0.0200827	35.9694	418.756
16	34	22	28	12.629	-5.69	0.0200782	34.8899	440.625
17	35	23	29	13.848	-5.3	0.0200735	35.3395	489.382
18	36	24	30	14.374	-6.14	0.0200703	36.3515	522.516
19	37	25	31	14.533	-5.89	0.0200695	36.8851	536.051
20	38	26	32	14.284	-6.04	0.0200707	38.132	544.677
21	39	27	33	14.02	-6.3	0.0200715	39.6182	555.447
22	40	28	34	13.59	-5.93	0.020072	40.3656	548.569
23	41	29	35	12.909	-5.3	0.0200741	40.3917	521.417
24	42	30	36	12.529	-5.65	0.020077	39.6893	497.268
25	43	31	37	12.217	-6.02	0.0200788	39.1094	477.799
26	44	32	38	12.296	-5.85	0.0200785	38.0376	467.71
27	45	33	39	12.665	-5.31	0.0200769	37.084	469.669
28	46	34	40	13.169	-5.8	0.0200759	36.7365	483.783
29	47	35	41	13.676	-6.39	0.0200747	36.0707	493.302
30	48	36	42	13.86	-5.66	0.0200737	35.9439	498.183
31	49	37	43	14.01	-6.49	0.0200727	36.554	512.121
32	50	38	44	13.799	-5.68	0.0200735	37.9189	523.243
1	22	8	15	10.221	-6	0.0200949	42.2544	431.882
2	23	9	16	10.666	-6.36	0.0200906	42.7553	456.028
3	24	10	17	10.639	-6.98	0.0200907	43.0299	457.795
4	25	11	18	10.936	-7.03	0.0200882	42.7962	468.02
5	26	12	19	10.641	-6.5	0.02009	41.9883	446.798
6	27	13	20	10.289	-6.53	0.0200939	42.5658	437.959
7	28	14	21	9.137	-9.2	0.0201062	44.6774	408.218
8	29	15	22	9.332	-8.56	0.0201036	45.2912	422.658
9	30	16	23	8.955	-7.76	0.020108	44.6343	399.7
10	31	17	24	9.173	-7.75	0.020105	44.1302	404.806
11	32	18	25	9.489	-7.26	0.0201039	43.8439	416.035
12	33	19	26	9.909	-7.36	0.0201001	44.1165	437.151
13	34	20	27	10.207	-6.52	0.0200971	43.4352	443.343
14	35	21	28	11.252	-7.21	0.0200892	41.4434	466.321
15	36	22	29	11.878	-6.84	0.0200858	40.9126	485.96
16	37	23	30	12.774	-7.45	0.0200797	42.1424	538.327
17	38	24	31	13.037	-7.4	0.0200782	43.3125	564.666
18	39	25	32	12.805	-7.67	0.0200788	44.4798	569.564
19	40	26	33	12.555	-7.65	0.0200806	44.9172	563.935
20	41	27	34	12.631	-7.59	0.0200795	45.585	575.784
21	42	28	35	12.281	-7.12	0.0200807	47.3351	581.323
22	43	29	36	12.072	-6.77	0.0200817	47.6715	575.49
23	44	30	37	11.577	-6.64	0.0200845	46.0702	533.354
24	45	31	38	11.428	-6.83	0.0200858	45.0324	514.631
25	46	32	39	11.526	-6.77	0.0200854	44.0936	508.222
26	47	33	40	11.838	-8.87	0.0200839	43.3088	512.689
27	48	34	41	12.089	-7.07	0.0200835	42.9308	518.991
28	49	35	42	12.55	-9.02	0.0200815	42.2752	530.554
29	50	36	43	12.863	-7.43	0.0200797	42.5304	547.069
1	25	9	17	8.783	-7.71	0.020113	48.6803	427.559
2	26	10	18	8.544	-7.93	0.020114	48.7379	416.417
3	27	11	19	8.908	-8.12	0.0201104	48.5678	432.642
4	28	12	20	8.643	-9.37	0.0201135	49.1329	424.656
5	29	13	21	8.608	-7.83	0.0201135	50.0937	431.207
6	30	14	22	8.344	-7.76	0.020117	50.6271	422.432
7	31	15	23	7.838	-7.34	0.0201239	50.0054	391.943
8	32	16	24	8.081	-7.38	0.0201222	49.3908	399.127
9	33	17	25	8.433	-7.13	0.020117	49.1688	414.641
10	34	18	26	8.918	-7.1	0.0201128	49.6388	442.679
11	35	19	27	9.141	-6.59	0.0201098	49.8429	455.614
12	36	20	28	9.974	-7.3	0.0201016	48.9863	488.589
13	37	21	29	10.735	-7.06	0.0200956	48.0007	515.288
14	38	22	30	11.376	-7.5	0.0200898	48.0048	546.103
15	39	23	31	11.803	-7.29	0.0200869	49.3035	581.93
16	40	24	32	11.856	-7.43	0.020086	50.8299	602.639
17	41	25	33	11.754	-6.8	0.0200864	51.8035	608.899
18	42	26	34	11.725	-7.26	0.0200854	51.883	608.328
19	43	27	35	11.917	-7.2	0.0200845	52.1588	621.577
20	44	28	36	11.789	-7.42	0.0200856	52.9642	624.395
21	45	29	37	11.481	-6.96	0.0200865	53.4691	613.879
22	46	30	38	11.131	-6.4	0.0200893	53.0617	590.63
23	47	31	39	10.916	-8.95	0.020091	51.7789	565.218
24	48	32	40	11.093	-7.3	0.0200898	50.2232	557.126
25	49	33	41	11.285	-7.94	0.020089	49.5448	559.113
26	50	34	42	11.407	-7.08	0.0200895	49.6658	566.538
1	28	10	19	7.461	-9.23	0.0201338	54.1066	403.69
2	29	11	20	7.384	-7.98	0.0201348	55.4458	409.412
3	30	12	21	7.081	-7.23	0.0201392	56.425	399.545
4	31	13	22	7.284	-7.65	0.0201361	56.4461	411.153
5	32	14	23	7.284	-7.11	0.0201356	55.1501	401.713
6	33	15	24	7.543	-7.44	0.0201313	54.1025	408.095
7	34	16	25	7.548	-6.27	0.020134	54.6529	412.52
8	35	17	26	7.943	-6.91	0.0201268	55.0805	437.504
9	36	18	27	8.242	-6.55	0.0201223	55.5206	457.601
10	37	19	28	8.898	-7.06	0.0201141	55.9118	497.504
11	38	20	29	9.633	-7.13	0.0201062	55.5331	534.95
12	39	21	30	10.393	-7.57	0.0200988	55.1264	572.929
13	40	22	31	10.72	-7.05	0.0200961	55.0862	590.524
14	41	23	32	11.112	-6.87	0.0200925	56.7367	630.459
15	42	24	33	11.173	-6.95	0.0200915	58.5322	653.981
16	43	25	34	11.251	-7.21	0.0200896	58.8433	662.046
17	44	26	35	11.315	-7.44	0.0200889	58.9174	666.65
18	45	27	36	11.558	-7.3	0.0200877	58.7149	678.627
19	46	28	37	11.395	-6.78	0.0200883	58.7802	669.8
20	47	29	38	11.074	-9.12	0.0200908	58.9514	652.827
21	48	30	39	10.789	-7.16	0.0200932	58.933	635.829
22	49	31	40	10.675	-7.9	0.0200939	59.0163	629.999
23	50	32	41	10.553	-6.84	0.0200951	57.8991	611.009
1	31	11	21	6.313	-7.25	0.0201594	61.8164	390.247
2	32	12	22	6.285	-7.15	0.0201588	62.0163	389.772
3	33	13	23	6.4	-6.83	0.0201563	60.6959	388.454
4	34	14	24	6.68	-7.34	0.0201517	60.0513	401.143
5	35	15	25	7.076	-6.61	0.0201437	59.5866	421.635
6	36	16	26	7.307	-7.07	0.0201391	60.4268	441.538
7	37	17	27	7.416	-6.46	0.0201358	61.4822	455.952
8	38	18	28	8.091	-7.03	0.020126	61.9011	500.841
9	39	19	29	8.66	-7.22	0.0201184	62.5071	541.311
10	40	20	30	9.371	-7.65	0.0201091	62.566	586.306
11	41	21	31	9.98	-6.4	0.0201029	61.7743	616.507
12	42	22	32	10.381	-6.97	0.0200995	62.6164	650.021
13	43	23	33	10.657	-6.7	0.0200971	64.4896	687.266
14	44	24	34	10.878	-7.13	0.0200935	65.414	711.573
15	45	25	35	10.965	-6.97	0.0200919	66.1485	725.318
16	46	26	36	11.059	-7.11	0.0200916	65.8854	728.626
17	47	27	37	11.202	-9.31	0.0200906	65.1271	729.554
18	48	28	38	11.035	-7.36	0.0200916	64.8871	716.029
19	49	29	39	10.832	-7.78	0.020093	64.8831	702.813
20	50	30	40	10.434	-7.42	0.0200971	65.4241	682.635
1	34	12	23	5.742	-6.75	0.020177	65.807	377.864
2	35	13	24	5.987	-7.37	0.020171	65.2842	390.857
3	36	14	25	6.218	-7.1	0.0201651	65.7637	408.919
4	37	15	26	6.592	-7.14	0.0201549	66.4294	437.903
5	38	16	27	6.915	-6.38	0.0201469	67.2219	464.839
6	39	17	28	7.46	-7.09	0.0201362	67.6037	504.324
7	40	18	29	7.958	-6.54	0.0201298	68.3585	543.997
8	41	19	30	8.611	-5.93	0.0201193	69.463	598.146
9	42	20	31	9.224	-6.73	0.0201109	69.4117	640.253
10	43	21	32	9.731	-6.83	0.0201056	69.3217	674.569
11	44	22	33	10.03	-6.32	0.0201024	69.7737	699.831
12	45	23	34	10.502	-7.02	0.0200976	71.3648	749.473
13	46	24	35	10.62	-6.69	0.0200959	73.1446	776.795
14	47	25	36	10.738	-8.94	0.0200952	73.0836	784.772
15	48	26	37	10.784	-6.42	0.0200942	72.2585	779.236
16	49	27	38	10.883	-8.4	0.0200935	71.6942	780.248
17	50	28	39	10.675	-7.82	0.0200952	72.1634	770.344
1	37	13	25	5.705	-6.99	0.0201819	70.8335	404.105
2	38	14	26	5.956	-6.68	0.0201728	72.4737	431.653
3	39	15	27	6.244	-6.8	0.0201631	73.3444	457.962
4	40	16	28	6.804	-6.13	0.0201511	73.7989	502.128
5	41	17	29	7.495	-5.9	0.0201376	74.0661	555.126
6	42	18	30	8.188	-7.03	0.0201256	75.1726	615.513
7	43	19	31	8.609	-5.86	0.0201196	76.3316	657.139
8	44	20	32	9.095	-6.59	0.0201132	76.817	698.651
9	45	21	33	9.516	-6.51	0.0201076	76.5473	728.424
10	46	22	34	9.842	-6.51	0.0201033	76.978	757.618
11	47	23	35	10.182	-9.1	0.0201002	78.6061	800.367
12	48	24	36	10.472	-7.07	0.0200983	79.7662	835.312
13	49	25	37	10.467	-8.15	0.0200974	79.9184	836.506
14	50	26	38	10.381	-7.74	0.0200984	79.553	825.84
1	40	14	27	5.784	-4.96	0.0201778	78.5812	454.514
2	41	15	28	6.342	-6.59	0.0201625	79.3862	503.468
3	42	16	29	6.949	-6.21	0.0201494	80.5104	559.467
4	43	17	30	7.612	-6.39	0.0201356	81.4727	620.17
5	44	18	31	8.254	-6.31	0.0201253	81.9555	676.461
6	45	19	32	8.688	-6.91	0.0201185	83.5033	725.476
7	46	20	33	8.929	-5.49	0.0201146	84.4397	753.962
8	47	21	34	9.303	-6.24	0.0201093	83.6869	778.539
9	48	22	35	9.626	-6.92	0.0201055	83.9536	808.137
10	49	23	36	9.987	-7.9	0.0201028	85.6294	855.181
11	50	24	37	10.043	-7.29	0.0201016	86.9052	872.789
1	43	15	29	6.602	-6.11	0.0201573	85.4045	563.841
2	44	16	30	7.197	-6.64	0.0201442	87.2706	628.087
3	45	17	31	7.747	-6.35	0.0201334	88.3975	684.816
4	46	18	32	8.171	-6.72	0.0201265	90.0988	736.197
5	47	19	33	8.51	-6.92	0.020121	91.1891	776.019
6	48	20	34	8.905	-7.08	0.0201145	91.0288	810.612
7	49	21	35	9.14	-7.51	0.020111	91.066	832.343
8	50	22	36	9.341	-7.23	0.0201096	91.6434	856.041
1	46	16	31	7.372	-5.63	0.0201408	93.836	691.759
2	47	17	32	7.721	-8.23	0.0201346	95.9855	741.104
3	48	18	33	8.057	-5.52	0.0201282	97.6183	786.511
4	49	19	34	8.356	-7.18	0.0201221	98.8503	825.993
5	50	20	35	8.646	-6.53	0.0201176	99.2567	858.173
1	49	17	33	7.666	-6.97	0.0201348	103.16	790.824
2	50	18	34	7.883	-7.34	0.0201299	105.482	831.512
